,total_loss,mse_loss,duration_loss
0,29.866904028764008,29.543310990570284,0.3235930706380952
1,29.553115831199268,29.30608618851249,0.24702958699236524
2,29.43212338711353,29.208618515772176,0.2235048940101414
3,29.203215463787107,28.995593618839344,0.20762189625636907
4,28.933643050227605,28.738208649006296,0.19543437749570144
5,28.596143343769914,28.410737078240576,0.18540623974292836
6,28.083157451440258,27.904170624753263,0.1789868412182686
7,27.602314779944454,27.428256535360998,0.1740581494432392
8,27.046326211158267,26.87600712742366,0.17031906148854722
9,26.60897403067731,26.4405952074849,0.16837881442080152
10,25.873072367187934,25.707048321446628,0.16602405947996368
11,25.20310152337906,25.03783210456794,0.16526944922111558
12,24.468324404236274,24.304565203105305,0.16375919534487926
13,23.736871614523814,23.57369388756177,0.1631776953631259
14,23.023012465619026,22.860664638221685,0.16234782039590762
15,22.402494477887526,22.240843941979374,0.16165050650213628
16,21.602027057755922,21.441036958221,0.16099006846441444
17,20.78466191528537,20.62369406476934,0.1609678939249076
18,20.180976384074974,20.02051025079497,0.16046604965912534
19,19.462996246121453,19.302790560620895,0.1602057157256079
20,18.678925835494454,18.51874947040639,0.16017643087510522
21,18.102244823536974,17.94268233387183,0.15956247368074478
22,17.38944750643791,17.22945607300346,0.15999142815035286
23,16.733182907104492,16.57388128118312,0.15930163685945756
24,16.116348631838534,15.957068788244369,0.15927984562854394
25,15.502970130731027,15.343527783738805,0.1594423752357351
26,14.848835867347447,14.690025623808516,0.15881022414628496
27,14.345680341652944,14.187201040010926,0.15847928708432413
28,13.8618343113162,13.704013295207464,0.1578210008376879
29,13.322156696454853,13.163574252568239,0.15858243374114342
30,12.808941066687835,12.650160368452681,0.15878066526237108
31,12.458502542888018,12.30111997685534,0.1573825755704802
32,12.067864468757142,11.910043777303493,0.15782070064798315
33,11.695772586984837,11.538012573905025,0.15776003189120733
34,11.38659326742727,11.228833075110794,0.15776020164291063
35,11.070232497884872,10.913529796803251,0.15670269965491396
36,10.759148492880747,10.602054019346305,0.1570944586332808
37,10.557535729509718,10.401392449723913,0.15614327814773465
38,10.390893246265168,10.235649122414014,0.15524411666477825
39,10.116081110974575,9.960362042095644,0.155719102987795
40,9.944193711517551,9.788861863156582,0.15533180297055144
41,9.758037250938145,9.602640687996614,0.15539657963928602
42,9.591917070091194,9.437615582283508,0.1543014846900676
43,9.424292593137592,9.269453848507387,0.15483876225267743
44,9.359528355564631,9.205645569672821,0.15388276467614986
45,9.16172850216534,9.007144204268219,0.15458429396046813
46,9.103082276405171,8.94802644235868,0.15505583145728347
47,8.932612649092437,8.779109942997602,0.153502687943954
48,8.923101404879956,8.769802803688862,0.15329864227496987
49,8.785052375590547,8.631089301819497,0.1539630854753315
50,8.732010165004866,8.578771672350294,0.15323847962926465
51,8.670990015598054,8.517986916481181,0.15300310075494414
52,8.593339899753003,8.440670644137876,0.15266925046312893
53,8.534687818364894,8.382322735820257,0.1523650922145404
54,8.468350143297345,8.31649198599741,0.15185816842296446
55,8.392084094649512,8.239841774000343,0.1522423194074039
56,8.40189285650321,8.250600840183015,0.1512920250918003
57,8.362979457733479,8.211102519474977,0.15187693883975348
58,8.293012453309188,8.142035513059467,0.1509769248729902
59,8.213178233897432,8.061404936702539,0.15177329402443365
60,8.220368622042608,8.069619640390924,0.15074898849459403
61,8.238504042862155,8.087300361470973,0.15120367449543154
62,8.170620066054324,8.019403816114925,0.15121625881668524
63,8.19061430802582,8.039469018895575,0.1511452999626491
64,8.19667535808915,8.046025648184703,0.15064969793596167
65,8.115601654593826,7.964998720385504,0.1506029226361437
66,8.114363672040033,7.964096706809727,0.1502669519672157
67,8.05516012509664,7.904627350205225,0.15053279235536324
68,8.024234868110494,7.873870996718711,0.1503638838886792
69,8.0773540557699,7.927973035379504,0.14938101703499226
70,7.8908561933125165,7.740508872566494,0.15034734309776454
71,7.903214542578298,7.7534272941291755,0.1497872567980002
72,7.882229661265163,7.732581608684351,0.1496480239674132
73,7.856172424681644,7.705882060612347,0.15029035585252107
74,7.839878795840216,7.690661486158979,0.14921730941703135
75,7.74220088694958,7.592918757851242,0.14928213332561738
76,7.720804236459394,7.571088985348424,0.1497152606223492
77,7.645798968930617,7.496449423174486,0.14934952483109548
78,7.610734516847218,7.462173756132734,0.14856076570795784
79,7.549433353099417,7.401260058085124,0.148173313112335
80,7.553886312119504,7.405073191257233,0.14881311877505154
81,7.473555674789645,7.324813141044995,0.1487425301778824
82,7.385323948893987,7.236969455759576,0.148354477519896
83,7.356085890573813,7.208008348519075,0.14807755072066126
84,7.242017659735172,7.0932760407738655,0.14874163172240798
85,7.240160600513431,7.092525162595384,0.14763542631944865
86,7.107779786941853,6.959861297133966,0.1479184904948194
87,6.98345389095604,6.835123121315706,0.14833077032726708
88,6.9994428681989085,6.852098696620752,0.14734417546197032
89,6.954344573595845,6.807001480819486,0.1473430985624486
90,6.841781580701787,6.694194758192022,0.1475868271333529
91,6.786891205091003,6.639283415273572,0.14760778889271384
92,6.699696956796849,6.552673300952776,0.14702365912021476
93,6.652632026807637,6.505274490261754,0.1473575291217219
94,6.632600339591926,6.4867351444055,0.14586518937391593
95,6.586079413163747,6.44015305769359,0.14592635729317124
96,6.468657666064323,6.322224393804023,0.14643326821796437
97,6.402933607710168,6.25623822888584,0.14669536873169825
98,6.356804267734501,6.211058508419821,0.14574575181125748
99,6.292369528019682,6.146629533869155,0.1457399898439857
100,6.232719680096241,6.086576534501204,0.1461431438248631
101,6.175718860423311,6.03039365626396,0.14532520157014225
102,6.143755133270372,5.997955195447232,0.145799938457232
103,6.064088452792337,5.918998708116248,0.1450897380181238
104,6.03286881818839,5.887767029146776,0.14510179490696454
105,5.94129888723928,5.796059376804541,0.14523951151797956
106,5.916900538383646,5.7717900191638485,0.1451105112672275
107,5.908618646310576,5.764005699901716,0.14461293660685526
108,5.768788136489002,5.624461872357848,0.14432626090785292
109,5.763796588207813,5.619027859775732,0.14476871878859845
110,5.772923713034772,5.628078387984147,0.14484531820771543
111,5.661802342597475,5.517655003155377,0.1441473514105834
112,5.653374967845619,5.508659166647187,0.14471578674641908
113,5.588770142683746,5.4446033197091825,0.1441668173469973
114,5.567676270261724,5.423637021517923,0.14403925627364333
115,5.523276592822785,5.379302150814246,0.1439744478474695
116,5.464629966316494,5.32109919676544,0.14353076434621576
117,5.439300953073705,5.295797437640792,0.14350352327980048
118,5.350779991623358,5.207775197130569,0.143004798297341
119,5.326809024134426,5.1840090345829095,0.1427999810705371
120,5.303914367729891,5.1609083540896155,0.1430060294133129
121,5.291958536662109,5.148884669263312,0.14307387289426005
122,5.157236281861651,5.014807205673651,0.14242906440445718
123,5.202262252780563,5.059874482188665,0.1423877683461558
124,5.153440839009927,5.011015191991278,0.14242565143087232
125,5.083907205162319,4.9417085292491505,0.14219869897826343
126,5.05495231455945,4.912479978926639,0.1424723190671586
127,5.05430488045334,4.912181294556206,0.14212358066587583
128,5.020345619384279,4.878761377740414,0.14158423421970495
129,4.970015393926742,4.828351687877737,0.14166370232371575
130,4.93221327345422,4.7910497670478005,0.14116350054106813
131,4.913912263322384,4.772932800840824,0.1409794716758931
132,4.870364264393529,4.729546740545449,0.1408175140460755
133,4.824116870021144,4.683633847439543,0.14048302266086246
134,4.808862698839066,4.668483856721973,0.14037883556480948
135,4.754475881021919,4.614513588289842,0.13996228203177452
136,4.73745995125872,4.597113091049465,0.14034686639165203
137,4.713547665176662,4.573153221860845,0.1403944396433678
138,4.688152970997154,4.548359363637072,0.1397936058541139
139,4.63143611292467,4.4914876763702285,0.13994844413712515
140,4.619996627171834,4.479816869641026,0.14017973959128907
141,4.591629448511922,4.451777438745431,0.13985201676792286
142,4.57653358473,4.438004743968341,0.13852884633638335
143,4.513261078097296,4.373465084860511,0.139795988137629
144,4.54159747877865,4.4032051926809,0.13839228065512704
145,4.49461542545481,4.3559825158288294,0.1386329009072155
146,4.451417528991158,4.31323100489082,0.13818652402107598
147,4.466381160925466,4.3274755097450095,0.13890567863135472
148,4.410675752247479,4.272256101276858,0.13841964838141246
149,4.35927965962295,4.220977616648302,0.13830205084795646
150,4.375557978102502,4.237520730241816,0.1380372424973241
151,4.354527667059121,4.216919458504265,0.13760821611111893
152,4.305385884663737,4.168110055280915,0.13727582333252786
153,4.297594822890369,4.160678723179702,0.1369160901464469
154,4.270507728799861,4.133139196862566,0.13736853294127377
155,4.252377184570259,4.1151134578894215,0.13726373595443178
156,4.229326051177708,4.091977242036914,0.1373487985461739
157,4.205460435955237,4.06889631393108,0.13656412244688534
158,4.168172555612334,4.031054686147271,0.13711786920085867
159,4.165902979830478,4.029976914114986,0.13592606151463293
160,4.118084691095014,3.981248607872226,0.13683608694807858
161,4.099474171374706,3.963469042845652,0.1360051248830261
162,4.075300133820122,3.9391678715428564,0.13613226248862895
163,4.0719740230140955,3.936762662644082,0.13521136058137773
164,4.055565456126598,3.920416606233475,0.1351488488627241
165,4.032388753079354,3.897380458547714,0.1350083032239836
166,4.0204889410776445,3.885744793195251,0.13474414883353186
167,3.9959845923362893,3.8613984517171875,0.1345861367352888
168,3.970353850236176,3.835842451305254,0.13451139694938424
169,3.9512655540561,3.8169659579053836,0.13429957905665357
170,3.945824736399008,3.811343035799392,0.1344816954476191
171,3.910407326745649,3.776153565298581,0.13425375587234262
172,3.89412068221586,3.7600416646781545,0.1340790259130035
173,3.8872016220228045,3.7536367735964187,0.13356484879627295
174,3.880979333363526,3.747570181569309,0.1334091493635313
175,3.8428064669277653,3.7090222564994866,0.13378420865810509
176,3.825061720313755,3.6919626344180276,0.1330990952485842
177,3.799059344521651,3.6656940651278123,0.13336528816544418
178,3.8029629930536797,3.6705285209290524,0.1324344780163985
179,3.7799835872988328,3.647061414752446,0.13292217698503048
180,3.752502254560484,3.6198825134453196,0.1326197403753903
181,3.75423297729898,3.621304971106509,0.13292799850410603
182,3.7492682916898254,3.6174572334221913,0.13181106722418298
183,3.705783501584479,3.5736354851553624,0.13214800660069106
184,3.716191075372358,3.5844687899799212,0.13172227506202164
185,3.685581103284308,3.553930604711492,0.13165049400207
186,3.6888034369083162,3.5577956674792244,0.13100776359016167
187,3.66819038205113,3.5369401941908167,0.1312501832367258
188,3.6389791399029128,3.5074746321279107,0.13150449408918408
189,3.614659036304934,3.483253409676518,0.13140562181988508
190,3.6115163429409054,3.48083081904878,0.13068552616428822
191,3.5881106320847858,3.457622438457841,0.1304881899544956
192,3.5915487539683673,3.4613117934964226,0.13023696065688808
193,3.598817563226037,3.4686076996174267,0.13020986141570917
194,3.5544588413644345,3.4244210500243706,0.1300377889357983
195,3.5584534093843283,3.428893454531406,0.12955995189382674
196,3.5318169238719532,3.402352314468817,0.12946460472670854
197,3.5341949851800365,3.4050172550458435,0.12917772479725223
198,3.498287890819793,3.368862453081929,0.12942543985150384
199,3.4958816623011377,3.366753989077629,0.1291276680450913
200,3.478348285593885,3.34895248277813,0.1293957995396134
201,3.4716891092611544,3.3427847742188908,0.12890434207011622
202,3.4620302898664,3.3337801779415592,0.12825011351007096
203,3.453019161596366,3.3250032705618136,0.12801588926437898
204,3.435613952629955,3.3073627255487104,0.12825123397699484
205,3.4390342438474613,3.31082314126035,0.12821110464791033
206,3.4144814758436053,3.286903775330131,0.12757770468791327
207,3.4172014742032855,3.289945994708555,0.1272554876322442
208,3.3783126579108815,3.250867357490756,0.12744529875563393
209,3.3759680656676596,3.2482188077683145,0.12774925940531365
210,3.3838612340020795,3.2565147090465465,0.1273465316399192
211,3.3614441976479603,3.234461408980349,0.1269827850480029
212,3.3537117099085596,3.2270005341117263,0.1267111801033747
213,3.327580859475102,3.2008669553919042,0.126713901388307
214,3.3200188841380127,3.1933056648741376,0.12671322005648986
215,3.321362505567835,3.194820743080572,0.1265417607170893
216,3.315018357960045,3.1891469211443098,0.12587143335464998
217,3.2978569827181228,3.1723657736541533,0.12549120502163333
218,3.287703166616724,3.1613615117174514,0.12634165569188746
219,3.2722052225829863,3.1471850322493427,0.1250201960404714
220,3.266006494244785,3.1406191359175013,0.12538735283182023
221,3.318841761731087,3.1931434886675354,0.1256982794308916
222,3.230622561265391,3.105310282808669,0.1253122807024641
223,3.2528296962697456,3.1275350607878774,0.12529463841454358
224,3.252970775813921,3.1280092880235495,0.12496148467275268
225,3.2088332396027046,3.0843753484969443,0.12445788856939222
226,3.22518486756805,3.100406875001623,0.12477799882808475
227,3.2189039812020375,3.0951709544405026,0.12373303164932745
228,3.2014441819901163,3.0765741885976587,0.12486999418507232
229,3.200474682429158,3.076234206240228,0.12424047740427314
230,3.1870341985783677,3.0637840007213835,0.12325020887433215
231,3.155547188528886,3.0316451694948454,0.12390201758091332
232,3.1787132244583565,3.0560031089376896,0.12271011398827776
233,3.17182173035669,3.0488852110314877,0.12293652389594849
234,3.1355417366568923,3.012240338832774,0.1233013964766729
235,3.1343820348699043,3.0109991469281785,0.12338288582808582
236,3.1298062454724143,3.007393146237583,0.12241310290728055
237,3.1390618474770946,3.016219220262893,0.12284263397784943
238,3.129070153473117,3.007283904028277,0.12178624717267693
239,3.1186714874091725,2.9965377031488623,0.12213378090490686
240,3.066755997373703,2.945017974427406,0.1217380165525362
241,3.103829798968971,2.9824175936110477,0.12141220702241498
242,3.108222354388406,2.987140161771301,0.12108219391170968
243,3.0898295979127814,2.969077296290837,0.12075230484524517
244,3.0837169877180814,2.9631763645943177,0.12054061881722287
245,3.0570352643939622,2.936288202908022,0.12074706560753762
246,3.0540811305350446,2.933383882468474,0.1206972486478217
247,3.045736092202207,2.925228342942312,0.12050773813686472
248,3.0374569774519466,2.917376091294255,0.12008088626337389
249,3.041550594018706,2.921118163893409,0.12043242462983368
250,3.029897263709535,2.9103766121762864,0.11952065708155328
251,3.0265428842382227,2.9068708216890378,0.11967205871821296
252,3.0188370672523552,2.899104211347323,0.11973285376497195
253,3.009449873410218,2.8897146020375244,0.1197352778192953
254,3.004872169054992,2.885993390218586,0.1188787727068502
255,2.9896931047980666,2.8710624605205886,0.11863064451526242
256,2.979636625195226,2.860836057798237,0.11880056890295752
257,2.9778084856398563,2.859202664794651,0.11860582301168578
258,2.9857230406280952,2.8674113784276,0.11831166677124111
259,2.962148215753812,2.844745324013081,0.11740288949498894
260,2.9547463942926826,2.83598648994527,0.11875990255081907
261,2.964428405389718,2.846605548621915,0.1178228514837035
262,2.9499056922628526,2.8325405628123184,0.1173651249062085
263,2.942646727494314,2.824978180810915,0.11766855231096558
264,2.9253438449075038,2.807960994700168,0.11738284862210564
265,2.9232819021170866,2.8054628380646944,0.11781906423733589
266,2.9073561641341406,2.790217679020361,0.11713848070155644
267,2.9626209482233574,2.8450375457182,0.11758341088045574
268,2.9161989756509765,2.7993643431798785,0.11683463244467762
269,2.908856385143091,2.792155807745372,0.11670057877158442
270,2.907838133209986,2.791526515433129,0.11631160995638962
271,2.8839221778490867,2.767307350821529,0.11661482832216202
272,2.8822077242195183,2.7659644708565785,0.11624325568794358
273,2.8721888614884503,2.7554757764153446,0.11671308332935293
274,2.8662537505440677,2.7499088277208044,0.11634492002269055
275,2.8600278771515435,2.7435995593984077,0.11642832361848642
276,2.865817055634573,2.7502923189325537,0.11552474800999282
277,2.8518876065599157,2.7361396559586764,0.11574795284698196
278,2.850294738796586,2.734912079276768,0.11538265695702946
279,2.8442267923490374,2.729699825141447,0.1145269678416827
280,2.848153737419886,2.7327425353070525,0.1154111977270309
281,2.82826884756697,2.7132322120328323,0.1150366318616884
282,2.8266462865450706,2.711753382750437,0.1148929110074297
283,2.8307748136790933,2.715398118005577,0.11537669612266493
284,2.824732544574332,2.710697561291093,0.11403498235852161
285,2.8051799113023366,2.6907335122426352,0.11444639372276076
286,2.802804860662907,2.6881197361235922,0.11468512097254713
287,2.7970539365254394,2.6823680312075515,0.1146859051857857
288,2.7954937321074467,2.680796302802174,0.11469742489304949
289,2.8023676153615855,2.6886015420264386,0.11376607663770939
290,2.782450078226996,2.667948506825359,0.11450157391158401
291,2.7931338252750693,2.6791952129796885,0.1139386182928339
292,2.7749961437063013,2.6615496823128235,0.11344646231819552
293,2.795363906850206,2.682128741808817,0.11323516747207506
294,3.0662191970973995,2.9499756799522023,0.1162435215310002
295,2.72902774810791,2.614868013148612,0.11415973229082764
296,2.7652491204282073,2.651519386480886,0.11372973431720801
297,2.7688533093066927,2.655425656771829,0.11342765425219603
298,2.772137533688376,2.6591240835528,0.1130134458554552
299,2.827297961458247,2.7138103576416666,0.1134876068285171
300,2.747765119194139,2.634196013423568,0.11356910923165632
301,2.762625071173864,2.6494466565179486,0.11317841713944225
302,2.733503930112149,2.6205562556043582,0.11294768190553002
303,2.742882730267572,2.630128335022757,0.11275439437293837
304,2.7402891985913542,2.628203083860113,0.11208611753181363
305,2.721650026368757,2.608605491776838,0.11304453393140583
306,2.72945292537094,2.6172078898612487,0.11224504478328617
307,2.7288714419019984,2.616548484944283,0.11232295595373668
308,2.722891297746212,2.610990601651212,0.11190069723108136
309,2.724614102789696,2.6122707445570765,0.11234335646244652
310,2.708462875785557,2.597101981335498,0.11136089067192788
311,2.7005166660809348,2.5884311896689396,0.11208547210545404
312,2.7005117319999856,2.589023214705447,0.11148851364850998
313,2.6966783281759166,2.5846200606501695,0.11205826715586033
314,2.6901322899135294,2.5784806511926313,0.11165164212914223
315,2.6867253061727427,2.5750401117277484,0.11168519772113637
316,2.7052492951670435,2.5943171140995434,0.11093218978626508
317,2.6889352806916476,2.577939141303935,0.11099613751185701
318,2.685075883746993,2.5738150139226983,0.11126087056406846
319,2.690513954094961,2.579090782936583,0.11142317604617025
320,2.6639690196260495,2.552419882716862,0.11154913609015181
321,2.6626734649035946,2.5525703480903137,0.11010311034025876
322,2.661222350512836,2.550423560413063,0.11079878484209378
323,2.6731865380672697,2.562590217759423,0.11059631803568373
324,2.6583648793240813,2.5480608331396226,0.11030404629014062
325,2.656104266220796,2.545552521732682,0.11055174879465543
326,2.6465323918254664,2.536666800367071,0.10986559439107035
327,2.6453839210753745,2.5357410806290646,0.10964283827982896
328,2.655697769307076,2.544964355779878,0.11073341059452253
329,2.632643355968151,2.522512952063946,0.11013041019228333
330,2.631850076482651,2.522022451069338,0.10982762451501603
331,2.628463790771809,2.5180749242187392,0.11038886129539063
332,2.6322660344712276,2.5224239893838867,0.10984204765012924
333,2.623150810282281,2.5125878660391407,0.11056294625109815
334,2.635191131990852,2.5251277275119266,0.11006341377894084
335,2.631425423825041,2.521949697893562,0.10947572640704771
336,2.612716208113001,2.502863681062739,0.1098525289789582
337,2.6018631525918945,2.492116265263118,0.10974689271855861
338,2.6043619420511503,2.494850348918996,0.10951159973727896
339,2.6115534377436265,2.502815363677681,0.10873807197872629
340,2.592525693541723,2.48385622104009,0.10866947390191944
341,2.601394530306471,2.4920417260616383,0.10935280654341617
342,2.586246172164349,2.4771970764119575,0.10904910547513488
343,2.6409663274778543,2.5309796591177056,0.10998666468769946
344,2.5794513141009823,2.470293284730708,0.10915802910606912
345,2.5844491940018135,2.4751291494842964,0.10932005273429214
346,2.591226407822142,2.4828749189140105,0.10835149099535131
347,2.585834249537042,2.476976920104196,0.1088573286666515
348,2.575094130022306,2.465885695413495,0.10920843437102669
349,2.57271028072276,2.4639574737413557,0.10875280064048497
350,2.584329439393172,2.4756796503743383,0.10864979620520951
351,2.5749985596812364,2.466697794325808,0.1083007591466109
352,2.5887723518601544,2.479836365855332,0.10893599358750573
353,2.568472670325151,2.4597908224619873,0.10868185209044327
354,2.5743742699318743,2.465649961579776,0.10872430758590394
355,2.565701407743684,2.4568593819090663,0.10884202749910929
356,2.562544897092995,2.454548252389786,0.10799664681684887
357,2.5576956944262728,2.4496391238050257,0.10805657516557274
358,2.553123032793086,2.4446071842883494,0.10851585064479645
359,2.5369843912462815,2.428596764168841,0.10838763587546686
360,2.553670102400137,2.4451860607938563,0.10848404266310076
361,2.5426909145733987,2.4343579157869866,0.10833299273611806
362,2.547753483268386,2.4390680143173706,0.10868546144759401
363,2.5582915815055793,2.449727434638544,0.10856414863720854
364,2.5646193631997347,2.456029994267944,0.10858936412325988
365,2.565253697388561,2.4569952339990766,0.1082584688321073
366,2.533840815226237,2.42618798110502,0.10765283171695175
367,2.5455717389465224,2.4375567195263317,0.10801501545711611
368,2.529861243481332,2.422145207300254,0.10771604244273605
369,2.5495093156259956,2.441316119745268,0.10819318681849656
370,2.5316437288378992,2.4239222157931497,0.10772151502628699
371,2.5184044389860003,2.4105749996841377,0.10782943692401792
372,2.518115096481134,2.410191243421947,0.10792385321770999
373,2.5410694162896337,2.432295286063607,0.10877413104506249
374,2.536874362762938,2.429528725062702,0.10734563352579767
375,2.5207752010501023,2.4132762568216797,0.1074989488255893
376,2.5301878773574287,2.422926831752696,0.10726105432349739
377,2.5196602289558303,2.411688173916323,0.1079720471133577
378,2.5165150059875865,2.4091063890051334,0.10740861925461613
379,2.5178950805190605,2.4100888147421764,0.10780626131182021
380,2.4978225214261536,2.391125734393478,0.10669679897474059
381,2.5094766519593854,2.402086856517386,0.10738979713291141
382,2.592247778642262,2.483055538319527,0.10919223657102449
383,2.5379190588673803,2.4290062928876135,0.10891276563630037
384,2.492190006354176,2.3851443841947733,0.10704562567332958
385,2.5022240568560066,2.395284727532813,0.10693932319363804
386,2.528926190755046,2.420858430524244,0.10806776628109581
387,2.5567295788027717,2.4480093206074223,0.10872026067887637
388,2.5320659609551126,2.423859868066531,0.10820609790847656
389,2.51323893856495,2.405391367614692,0.1078475665908756
390,2.5818448100529663,2.472149204277823,0.10969560860213659
391,2.6702872806407036,2.559942784884297,0.11034449842487666
392,2.4991927861321903,2.391760364914617,0.10743243086105543
393,2.5011259241307036,2.39379187340432,0.10733404903547138
394,2.4993700960003737,2.3920234923667096,0.10734660194275226
395,2.5753344538364003,2.4665052205958267,0.10882923041358061
396,2.6787691885697926,2.568753889266481,0.11001529626495449
397,2.5709236395274493,2.46214304409974,0.10878059994561452
398,2.494559624093644,2.38689113720089,0.1076684776191593
399,2.704003372936384,2.592193659315718,0.11180971256384613
400,2.492233556213108,2.3840744043072912,0.10815914936944948
401,2.5133805955555424,2.405873121944725,0.10750747905343983
402,2.489673650856559,2.382285568308323,0.10738808978745278
403,2.5030447409508074,2.3956021683435913,0.10744257487937914
404,2.548790174173125,2.439159779683918,0.10963039837302045
405,2.53950076323029,2.4303307427582164,0.10917002282349776
406,2.4955506692541407,2.3874316253560655,0.10811904566824859
407,2.4862684468005565,2.3791539174445133,0.1071145216412578
408,2.4815972050031028,2.3746415495027042,0.10695565602880844
409,2.455204317755733,2.347894327014896,0.10730999375277377
410,2.4455258377054903,2.339161548208683,0.10636428545447106
411,2.414596511962566,2.3077888932633908,0.10680761732530931
412,2.4311965813873506,2.3255745426137397,0.10562204611850969
413,2.421624740810259,2.315409146724863,0.10621560501027191
414,2.422542041075145,2.3163884958476886,0.10615354356296519
415,2.4305724569246276,2.3241150522908423,0.1064574013312235
416,2.3859793032314762,2.279691241311689,0.10628806139137728
417,2.3923622001992895,2.2868090648177666,0.105553130784356
418,2.4023357426866574,2.296048160563124,0.10628758267836368
419,2.4365384532204755,2.3294215337604496,0.10711691790121666
420,2.3720584980984953,2.2665667516965393,0.1054917500215642
421,2.3948794704802494,2.2892340573858707,0.10564541489097244
422,2.4272715136514487,2.320438395155237,0.1068331150087059
423,2.3482151175221655,2.242891414791134,0.10532370236114408
424,2.3754394680050246,2.2702715781563563,0.10516789373248181
425,2.3643983970297144,2.2590772348938257,0.10532116675947575
426,2.3458833779003605,2.2409970599708826,0.10488632189255234
427,2.352478928177069,2.248052214054351,0.10442672059574026
428,2.3481662797589675,2.243651513512253,0.10451476162312724
429,2.4017362662240966,2.2956281329723116,0.10610813343672888
430,2.3323630470756096,2.227972797468199,0.10439024593496153
431,2.3254757654582354,2.220789334875472,0.1046864315339014
432,2.3281895539439317,2.2233910831153816,0.10479847114559607
433,2.3087146273741483,2.2043248245902096,0.10438980365581546
434,2.3152517997626716,2.211252115719707,0.10399968681711677
435,2.3094768143714743,2.206220546935467,0.10325627261442495
436,2.29142582923808,2.188180504538489,0.10324532493737572
437,2.309677339614706,2.206612267815475,0.1030650683381456
438,2.316591959895817,2.2125689801594888,0.10402298895708213
439,2.303707862153966,2.2002316578060177,0.10347620654085003
440,2.280968599708368,2.177816833587403,0.10315176987267555
441,2.274770140647888,2.1711625452582717,0.10360760154559258
442,2.2891413083313203,2.1860799387837133,0.1030613677774338
443,2.2835594559392187,2.1802147952377373,0.10334465747818034
444,2.2698456065874573,2.166539822909849,0.10330578616113527
445,2.2564365407253835,2.1535395764290017,0.10289696390007405
446,2.2744661455458783,2.1718627966887563,0.10260334267472544
447,2.3008772100962647,2.19733190959227,0.10354530819235964
448,2.235685553956539,2.1324588736743793,0.10322668118045684
449,2.249860311230869,2.1466537261685583,0.1032065841904346
450,2.2629966909158314,2.160100538679894,0.1028961498052516
451,2.247107725616888,2.144395375082679,0.10271235507853488
452,2.260358321751263,2.1576125579522856,0.1027457686339287
453,2.2394813696543374,2.1365477983833205,0.10293356527356391
454,2.2289980899357626,2.1267903937515635,0.10220769850920278
455,2.221575619903862,2.1198517439213207,0.10172387986635485
456,2.227415461912223,2.1254415583948716,0.1019739123417976
457,2.212835765476768,2.111308995713579,0.10152676899699455
458,2.233828179802455,2.1314459058409887,0.10238226814895657
459,2.5645515432594514,2.45901199097329,0.10553955318445855
460,2.9044239994481944,2.7930304602528295,0.11139354434736232
461,2.2260886984514006,2.122703458823211,0.10338524446314108
462,2.2587185049733374,2.1556165378989904,0.10310196942577125
463,2.2853995117735355,2.182039329768918,0.10336019130463296
464,2.2551446307635477,2.152163123408108,0.10298150785742922
465,2.22197000312467,2.120389538453826,0.10158046020577985
466,2.2021356876014817,2.1004833169017276,0.10165237022418502
467,2.22954206348311,2.1271640362469015,0.10237803156916978
468,2.2091640842721816,2.106140081341385,0.10302400163619231
469,2.2112612085984953,2.1099755324370473,0.10128568075861491
470,2.1841062713176647,2.082789900032341,0.10131637371600942
471,2.2955713183321853,2.19258066948424,0.10299064829311472
472,2.270017009677616,2.1667536353388575,0.10326337867172052
473,2.2154175787107317,2.113011730055437,0.1024058534374051
474,2.2314400499594127,2.1290752490361533,0.10236480649798474
475,2.302970877775909,2.199343295384806,0.10362758130786266
476,2.319816676014704,2.2162265249177917,0.1035901593665282
477,2.206931697561386,2.1045289035384536,0.10240279465702408
478,2.285173878602102,2.182283400221074,0.10289048506541455
479,2.1912188453877226,2.0900922544459077,0.10112659672790385
480,2.222083956637281,2.1204066225822937,0.10167733490044344
481,2.199657904340866,2.0981263108287296,0.10153159631270889
482,2.1638766852676445,2.0629082034665642,0.10096848637182662
483,2.1630610460085227,2.062740799805797,0.10032024984875469
484,2.1608889593300242,2.0608074229659765,0.1000815398779744
485,2.151282865104946,2.051094280912521,0.1001885841660043
486,2.1658678354946432,2.0650918196279107,0.10077602215481142
487,2.1450698401065584,2.0444573075213333,0.10061253454034211
488,2.1372987441982785,2.0372199898070478,0.10007875087730428
489,2.133017435564217,2.032849467392509,0.10016797535808374
490,2.132759375352386,2.0327417613766716,0.10001761151860791
491,2.1171487514854324,2.017299125803278,0.099849624651755
492,2.1107542679664935,2.011643320110673,0.09911094687826244
493,2.118710254523771,2.0192729830741882,0.09943727279702823
494,2.102004808314303,2.0022164781888327,0.09978833223911042
495,2.113874262106334,2.0142642314552415,0.09961003136444599
496,2.098399390565588,1.999518429133909,0.09888096132599716
497,2.1040820521665804,2.0054666146318962,0.09861544132602552
498,2.111657366684988,2.0129560388571828,0.09870132497439148
499,2.23153747861267,2.1299889417404825,0.10154853729491538
500,2.091960890073303,1.992438055099325,0.09952283135436951
