,total_loss,ctc_loss
0,5.1606891803741455,5.1606891803741455
1,3.7587794456481936,3.7587794456481936
2,3.238024293899536,3.238024293899536
3,2.2512730379104613,2.2512730379104613
4,1.5337713251113891,1.5337713251113891
5,1.0962644505500794,1.0962644505500794
6,0.8234051904678344,0.8234051904678344
7,0.6524672293663025,0.6524672293663025
8,0.5345384864807129,0.5345384864807129
9,0.4515949637889862,0.4515949637889862
10,0.38797092127799987,0.38797092127799987
11,0.3396321642398834,0.3396321642398834
12,0.29422339928150176,0.29422339928150176
13,0.2680713312625885,0.2680713312625885
14,0.2382456945180893,0.2382456945180893
15,0.20963523268699646,0.20963523268699646
16,0.1909538482427597,0.1909538482427597
17,0.1781272125840187,0.1781272125840187
18,0.15837160962820054,0.15837160962820054
19,0.14622855770587923,0.14622855770587923
20,0.1363659693002701,0.1363659693002701
21,0.1299448801279068,0.1299448801279068
22,0.11421464276313782,0.11421464276313782
23,0.11104545620083808,0.11104545620083808
24,0.09948577213287353,0.09948577213287353
25,0.09381975468993187,0.09381975468993187
26,0.08486250323057175,0.08486250323057175
27,0.08126769641041756,0.08126769641041756
28,0.07461118507385255,0.07461118507385255
29,0.0749737451672554,0.0749737451672554
30,0.06770141300559043,0.06770141300559043
31,0.06508382359147072,0.06508382359147072
32,0.06383472144603729,0.06383472144603729
33,0.059294200658798216,0.059294200658798216
34,0.05190739224851131,0.05190739224851131
35,0.05418024407327175,0.05418024407327175
36,0.049079953640699385,0.049079953640699385
37,0.047567372038960457,0.047567372038960457
38,0.04588354408740997,0.04588354408740997
39,0.038419264882802964,0.038419264882802964
40,0.043922944366931914,0.043922944366931914
41,0.0347984776571393,0.0347984776571393
42,0.0396127192825079,0.0396127192825079
43,0.03829104113578796,0.03829104113578796
44,0.0342049403488636,0.0342049403488636
45,0.03577677464485168,0.03577677464485168
46,0.03422944099456072,0.03422944099456072
47,0.03106088797003031,0.03106088797003031
48,0.03303783895075321,0.03303783895075321
49,0.031766674585640434,0.031766674585640434
50,0.027743597708642483,0.027743597708642483
51,0.028139497198164463,0.028139497198164463
52,0.028534740164875984,0.028534740164875984
53,0.02881918177008629,0.02881918177008629
54,0.025336326569318772,0.025336326569318772
55,0.02763383996486664,0.02763383996486664
56,0.03033261511474848,0.03033261511474848
57,0.024403876334428788,0.024403876334428788
58,0.026959325201809405,0.026959325201809405
59,0.024357006996870042,0.024357006996870042
60,0.02240409454703331,0.02240409454703331
61,0.023806819409132002,0.023806819409132002
62,0.021450484439730643,0.021450484439730643
63,0.023568537291139363,0.023568537291139363
64,0.02052576208859682,0.02052576208859682
65,0.020274539113044738,0.020274539113044738
66,0.021308961369097233,0.021308961369097233
67,0.01865310638397932,0.01865310638397932
68,0.02200730413571,0.02200730413571
69,0.02183972467854619,0.02183972467854619
70,0.01983697138354182,0.01983697138354182
71,0.018535065837204455,0.018535065837204455
72,0.015038031727075577,0.015038031727075577
73,0.019945062082260847,0.019945062082260847
74,0.0183251145593822,0.0183251145593822
75,0.02081801326945424,0.02081801326945424
76,0.015944636661559344,0.015944636661559344
77,0.013903129611164331,0.013903129611164331
78,0.017586910594254733,0.017586910594254733
79,0.01720966101437807,0.01720966101437807
80,0.01643533595651388,0.01643533595651388
81,0.015481011010706425,0.015481011010706425
82,0.015240848656743765,0.015240848656743765
83,0.018362287180498243,0.018362287180498243
84,0.014696679448708892,0.014696679448708892
85,0.01769338722154498,0.01769338722154498
86,0.016157342493534087,0.016157342493534087
87,0.01596624670177698,0.01596624670177698
88,0.01631446746736765,0.01631446746736765
89,0.013543025715276599,0.013543025715276599
90,0.013176234420388937,0.013176234420388937
91,0.014748906955122947,0.014748906955122947
92,0.01585189839079976,0.01585189839079976
93,0.016732349384576083,0.016732349384576083
94,0.012314325153827667,0.012314325153827667
95,0.01590785785019398,0.01590785785019398
96,0.014108531031757594,0.014108531031757594
97,0.014660464817658066,0.014660464817658066
98,0.014349821327254176,0.014349821327254176
99,0.013161782944574952,0.013161782944574952
100,0.01515629981458187,0.01515629981458187
101,0.012796495480462909,0.012796495480462909
102,0.013639331687241792,0.013639331687241792
103,0.012902599463239312,0.012902599463239312
104,0.012378101115114988,0.012378101115114988
105,0.01072628171928227,0.01072628171928227
106,0.016576369661837818,0.016576369661837818
107,0.013987376745790243,0.013987376745790243
108,0.011321045396849513,0.011321045396849513
109,0.016126819893717767,0.016126819893717767
110,0.012603592740371823,0.012603592740371823
111,0.013979944709688425,0.013979944709688425
112,0.011807814730331302,0.011807814730331302
113,0.01468259375821799,0.01468259375821799
114,0.013139455975964666,0.013139455975964666
115,0.010887520724907517,0.010887520724907517
116,0.014125072238966823,0.014125072238966823
117,0.011670298390090466,0.011670298390090466
118,0.010520063746720553,0.010520063746720553
119,0.013382300352677703,0.013382300352677703
120,0.011585948951542378,0.011585948951542378
121,0.011591412711888552,0.011591412711888552
122,0.009349502293393016,0.009349502293393016
123,0.013240164056420325,0.013240164056420325
124,0.011054814586415888,0.011054814586415888
125,0.011614563891664147,0.011614563891664147
126,0.010242706173099577,0.010242706173099577
127,0.014373362192884088,0.014373362192884088
128,0.008184155308641493,0.008184155308641493
129,0.011284971365705132,0.011284971365705132
130,0.01026295199431479,0.01026295199431479
131,0.009980609082616866,0.009980609082616866
132,0.009714707856997847,0.009714707856997847
133,0.01224160748720169,0.01224160748720169
134,0.01044742414727807,0.01044742414727807
135,0.010838824704289436,0.010838824704289436
136,0.01251861876808107,0.01251861876808107
137,0.009943809291347862,0.009943809291347862
138,0.00931055214535445,0.00931055214535445
139,0.009700545080006123,0.009700545080006123
140,0.010928793052211404,0.010928793052211404
141,0.009443985089659691,0.009443985089659691
142,0.009230211657471956,0.009230211657471956
143,0.007533222584053874,0.007533222584053874
144,0.009195366040803492,0.009195366040803492
145,0.008455690427683293,0.008455690427683293
146,0.008503493803553284,0.008503493803553284
147,0.012202237257733941,0.012202237257733941
148,0.008673032974824309,0.008673032974824309
149,0.011516061265952886,0.011516061265952886
150,0.011662892054766416,0.011662892054766416
151,0.009516358714550734,0.009516358714550734
152,0.007583354012109339,0.007583354012109339
153,0.010115466024726629,0.010115466024726629
154,0.010033544762991368,0.010033544762991368
155,0.008538005582988261,0.008538005582988261
156,0.008454947241581976,0.008454947241581976
157,0.01043285226635635,0.01043285226635635
158,0.008108258292078972,0.008108258292078972
159,0.009490802826359867,0.009490802826359867
160,0.011245650757104158,0.011245650757104158
161,0.009540519720874727,0.009540519720874727
162,0.008981659421697258,0.008981659421697258
163,0.009738696542335674,0.009738696542335674
164,0.009028916608542204,0.009028916608542204
165,0.008732942095957697,0.008732942095957697
166,0.009942428736016154,0.009942428736016154
167,0.007569086755625904,0.007569086755625904
168,0.009432517057284713,0.009432517057284713
169,0.010232057894580066,0.010232057894580066
170,0.0071512991338968275,0.0071512991338968275
171,0.008031667272560298,0.008031667272560298
172,0.007545902890153229,0.007545902890153229
173,0.009322602421045304,0.009322602421045304
174,0.010341433805879206,0.010341433805879206
175,0.010260667590424419,0.010260667590424419
176,0.007759995416738093,0.007759995416738093
177,0.008346318366006017,0.008346318366006017
178,0.01203512735851109,0.01203512735851109
179,0.009873098988085985,0.009873098988085985
180,0.009661796996369957,0.009661796996369957
181,0.00891212334111333,0.00891212334111333
182,0.009470054074190557,0.009470054074190557
183,0.008650890146847815,0.008650890146847815
184,0.008467847904656083,0.008467847904656083
185,0.00860428847372532,0.00860428847372532
186,0.008111136188730597,0.008111136188730597
187,0.010311032939702272,0.010311032939702272
188,0.005786410454194993,0.005786410454194993
189,0.007967493497300892,0.007967493497300892
190,0.007965974376536906,0.007965974376536906
191,0.005250969820655882,0.005250969820655882
192,0.009585126860067248,0.009585126860067248
193,0.008231899263337254,0.008231899263337254
194,0.006445026155561208,0.006445026155561208
195,0.00815305756404996,0.00815305756404996
196,0.008439263518434019,0.008439263518434019
197,0.009894577885046602,0.009894577885046602
198,0.007020723069086671,0.007020723069086671
199,0.0089572176290676,0.0089572176290676
200,0.007486378118861467,0.007486378118861467
201,0.005913351506460458,0.005913351506460458
202,0.00919361457042396,0.00919361457042396
203,0.006555553624406457,0.006555553624406457
204,0.005635882205795497,0.005635882205795497
205,0.0055387988835573195,0.0055387988835573195
206,0.009138426315970718,0.009138426315970718
207,0.0079640844874084,0.0079640844874084
208,0.0060427697305567565,0.0060427697305567565
209,0.007017112294211984,0.007017112294211984
210,0.009284063161350787,0.009284063161350787
211,0.008120765725150704,0.008120765725150704
212,0.008733339469879866,0.008733339469879866
213,0.0063091688062995675,0.0063091688062995675
214,0.008335831124801189,0.008335831124801189
215,0.006974186301231384,0.006974186301231384
216,0.00874077950278297,0.00874077950278297
217,0.007752964558079839,0.007752964558079839
218,0.006437224577181041,0.006437224577181041
219,0.005476813407149166,0.005476813407149166
220,0.0074158180328086016,0.0074158180328086016
221,0.007030939618125558,0.007030939618125558
222,0.008968584237620234,0.008968584237620234
223,0.005957351428456605,0.005957351428456605
224,0.0091117661325261,0.0091117661325261
225,0.007233800097368658,0.007233800097368658
226,0.006359810842201114,0.006359810842201114
227,0.007099382444750517,0.007099382444750517
228,0.006781172400340438,0.006781172400340438
229,0.007804029737133533,0.007804029737133533
230,0.009314975288230927,0.009314975288230927
231,0.008739482021890581,0.008739482021890581
232,0.006538994583301246,0.006538994583301246
233,0.00448723519500345,0.00448723519500345
234,0.007724357418715954,0.007724357418715954
235,0.006258607303025201,0.006258607303025201
236,0.006972827337682247,0.006972827337682247
237,0.006347526236437261,0.006347526236437261
238,0.006869063655845821,0.006869063655845821
239,0.004876420418499038,0.004876420418499038
240,0.006029498504009098,0.006029498504009098
241,0.007036172406980768,0.007036172406980768
242,0.007495417943689972,0.007495417943689972
243,0.00562396800215356,0.00562396800215356
244,0.005232555457856506,0.005232555457856506
245,0.006841102783568203,0.006841102783568203
246,0.008108699050731957,0.008108699050731957
247,0.005938047127332539,0.005938047127332539
248,0.00575036248518154,0.00575036248518154
249,0.005380885750055313,0.005380885750055313
250,0.006099058300722391,0.006099058300722391
251,0.005989396939985454,0.005989396939985454
252,0.006206930167973041,0.006206930167973041
253,0.005407471944577992,0.005407471944577992
254,0.005608701941557229,0.005608701941557229
255,0.006086365453666076,0.006086365453666076
256,0.006867328475229442,0.006867328475229442
257,0.006835281623527408,0.006835281623527408
258,0.007312414748128503,0.007312414748128503
259,0.0081468051597476,0.0081468051597476
260,0.006111869505606592,0.006111869505606592
261,0.005027763522230088,0.005027763522230088
262,0.009565080476924778,0.009565080476924778
263,0.007272622117307037,0.007272622117307037
264,0.005328389125876128,0.005328389125876128
265,0.006431188025511801,0.006431188025511801
266,0.006834682513028384,0.006834682513028384
267,0.007902660501655192,0.007902660501655192
268,0.005626847761683166,0.005626847761683166
269,0.0067087778297718614,0.0067087778297718614
270,0.006270901241805404,0.006270901241805404
271,0.005154157743789255,0.005154157743789255
272,0.005569134316407144,0.005569134316407144
273,0.006478533483110368,0.006478533483110368
274,0.006045722515322268,0.006045722515322268
275,0.006080372016411275,0.006080372016411275
276,0.005574991619680077,0.005574991619680077
277,0.006106381947174669,0.006106381947174669
278,0.006043746841140092,0.006043746841140092
279,0.00677072924701497,0.00677072924701497
280,0.006462833437137306,0.006462833437137306
281,0.005363186138216406,0.005363186138216406
282,0.006976975400466472,0.006976975400466472
283,0.006214251993689686,0.006214251993689686
284,0.006815830111503601,0.006815830111503601
285,0.006599413246847689,0.006599413246847689
286,0.006890260746702552,0.006890260746702552
287,0.0068218771014362575,0.0068218771014362575
288,0.005738693371415139,0.005738693371415139
289,0.005861423710826785,0.005861423710826785
290,0.0036178517173975707,0.0036178517173975707
291,0.0069899496352300045,0.0069899496352300045
292,0.007135890011442826,0.007135890011442826
293,0.00534056715387851,0.00534056715387851
294,0.006801455214619637,0.006801455214619637
295,0.005470750651322305,0.005470750651322305
296,0.005826496013207361,0.005826496013207361
297,0.004936009406577796,0.004936009406577796
298,0.0066147284568287435,0.0066147284568287435
299,0.005326971766073257,0.005326971766073257
300,0.0053784529617987575,0.0053784529617987575
301,0.005259749743621796,0.005259749743621796
302,0.005512472901493311,0.005512472901493311
303,0.005582040049601346,0.005582040049601346
304,0.006091421865392476,0.006091421865392476
305,0.00472966652805917,0.00472966652805917
306,0.0048210865568835285,0.0048210865568835285
307,0.0059997281681280585,0.0059997281681280585
308,0.00589150574686937,0.00589150574686937
309,0.005536180440103635,0.005536180440103635
310,0.0058015031144022945,0.0058015031144022945
311,0.006149360467214138,0.006149360467214138
312,0.005685559931211174,0.005685559931211174
313,0.00455770137347281,0.00455770137347281
314,0.00330597292073071,0.00330597292073071
315,0.005132538094185293,0.005132538094185293
316,0.008069046313408762,0.008069046313408762
317,0.004401055356720462,0.004401055356720462
318,0.005720486970152706,0.005720486970152706
319,0.004112601847737096,0.004112601847737096
320,0.0055365429618395865,0.0055365429618395865
321,0.004541281569283456,0.004541281569283456
322,0.00473148228158243,0.00473148228158243
323,0.004686491455417127,0.004686491455417127
324,0.00463887832663022,0.00463887832663022
325,0.00538641919195652,0.00538641919195652
326,0.005737352658761665,0.005737352658761665
327,0.004386472492245957,0.004386472492245957
328,0.004895357835106552,0.004895357835106552
329,0.005945390921086073,0.005945390921086073
330,0.00663104949472472,0.00663104949472472
331,0.005974359903251752,0.005974359903251752
332,0.005781849652761593,0.005781849652761593
333,0.005514834652189165,0.005514834652189165
334,0.004843851962825284,0.004843851962825284
335,0.004111864980310202,0.004111864980310202
336,0.00545498525723815,0.00545498525723815
337,0.004539345225319266,0.004539345225319266
338,0.004114486358244903,0.004114486358244903
339,0.005487608650233597,0.005487608650233597
340,0.005163640963379294,0.005163640963379294
341,0.004423729760572314,0.004423729760572314
342,0.00601135265501216,0.00601135265501216
343,0.006065306233707816,0.006065306233707816
344,0.005522402126342058,0.005522402126342058
345,0.0052253452236764135,0.0052253452236764135
346,0.0062759124406147745,0.0062759124406147745
347,0.004526392431231215,0.004526392431231215
348,0.0042325131390243765,0.0042325131390243765
349,0.004834873449755832,0.004834873449755832
350,0.004214136853115633,0.004214136853115633
351,0.004392205743584782,0.004392205743584782
352,0.003945043983170762,0.003945043983170762
353,0.0049265531448181715,0.0049265531448181715
354,0.005787700573913753,0.005787700573913753
355,0.005144612204283476,0.005144612204283476
356,0.005417968398425728,0.005417968398425728
357,0.004093350825132802,0.004093350825132802
358,0.0027678496541921047,0.0027678496541921047
359,0.005060998829780146,0.005060998829780146
360,0.0033447910846443846,0.0033447910846443846
361,0.004741482526762411,0.004741482526762411
362,0.006504722207318991,0.006504722207318991
363,0.004493952145567164,0.004493952145567164
364,0.004689437741180882,0.004689437741180882
365,0.004715704693924636,0.004715704693924636
366,0.0024684316210914405,0.0024684316210914405
367,0.004998515107901767,0.004998515107901767
368,0.0043276406571967525,0.0043276406571967525
369,0.005030531933531165,0.005030531933531165
370,0.0029012491885805503,0.0029012491885805503
371,0.005571934689301997,0.005571934689301997
372,0.0035805688770487905,0.0035805688770487905
373,0.005005877428455278,0.005005877428455278
374,0.003605945492396131,0.003605945492396131
375,0.0044454967866186055,0.0044454967866186055
376,0.0045853928709402685,0.0045853928709402685
377,0.004808915452333167,0.004808915452333167
378,0.0045366544960997995,0.0045366544960997995
379,0.003873268366558477,0.003873268366558477
380,0.005207515858579427,0.005207515858579427
381,0.003927311477251351,0.003927311477251351
382,0.0041518725078785795,0.0041518725078785795
383,0.005860200265073217,0.005860200265073217
384,0.003630173828685656,0.003630173828685656
385,0.004638436964945867,0.004638436964945867
386,0.0056741670642513784,0.0056741670642513784
387,0.003884323218371719,0.003884323218371719
388,0.0037898749115411194,0.0037898749115411194
389,0.0051044182657497,0.0051044182657497
390,0.0037564559718593956,0.0037564559718593956
391,0.0038125301853287963,0.0038125301853287963
392,0.00419106498779729,0.00419106498779729
393,0.004180819142144174,0.004180819142144174
394,0.0038773665188346056,0.0038773665188346056
395,0.0051306059949565675,0.0051306059949565675
396,0.004895764895365574,0.004895764895365574
397,0.004309189270948991,0.004309189270948991
398,0.003668668846366927,0.003668668846366927
399,0.00583784986496903,0.00583784986496903
400,0.003283726834692061,0.003283726834692061
401,0.004311406691092998,0.004311406691092998
402,0.003657077579991892,0.003657077579991892
403,0.004561430073576048,0.004561430073576048
404,0.0053878229518886656,0.0053878229518886656
405,0.004960920005105436,0.004960920005105436
406,0.004160550019238144,0.004160550019238144
407,0.005259983111172915,0.005259983111172915
408,0.0047514107753522695,0.0047514107753522695
409,0.004653249298920855,0.004653249298920855
410,0.0035226886011660097,0.0035226886011660097
411,0.006887817731825635,0.006887817731825635
412,0.00431709036976099,0.00431709036976099
413,0.0034038794292137026,0.0034038794292137026
414,0.004079025463550352,0.004079025463550352
415,0.0028772450789110735,0.0028772450789110735
416,0.004999226000276394,0.004999226000276394
417,0.004477447229204699,0.004477447229204699
418,0.0046007821441162375,0.0046007821441162375
419,0.003960984974168241,0.003960984974168241
420,0.004832532612024806,0.004832532612024806
421,0.002976066205766983,0.002976066205766983
422,0.004549010926159099,0.004549010926159099
423,0.0038645207213703543,0.0038645207213703543
424,0.003007064918638207,0.003007064918638207
425,0.003942561751930043,0.003942561751930043
426,0.004323257438954897,0.004323257438954897
427,0.003151508453767747,0.003151508453767747
428,0.0034870120445266366,0.0034870120445266366
429,0.0033443311933660878,0.0033443311933660878
430,0.0033899129249621183,0.0033899129249621183
431,0.004128367379307747,0.004128367379307747
432,0.004864989708876237,0.004864989708876237
433,0.003183343278069515,0.003183343278069515
434,0.00496856723097153,0.00496856723097153
435,0.005369483283022418,0.005369483283022418
436,0.004878063636133447,0.004878063636133447
437,0.004542219386785291,0.004542219386785291
438,0.004858122932491824,0.004858122932491824
439,0.004028373139444739,0.004028373139444739
440,0.004044461951823905,0.004044461951823905
441,0.003674116756534204,0.003674116756534204
442,0.0038481913099531083,0.0038481913099531083
443,0.004882720477413386,0.004882720477413386
444,0.004876969152945094,0.004876969152945094
445,0.004097924885107205,0.004097924885107205
446,0.005975450863305014,0.005975450863305014
447,0.004755602764431387,0.004755602764431387
448,0.003829960027709603,0.003829960027709603
449,0.004700998092303053,0.004700998092303053
450,0.004339002184337005,0.004339002184337005
451,0.003466284155729227,0.003466284155729227
452,0.004081687500933185,0.004081687500933185
453,0.004391668354161084,0.004391668354161084
454,0.003143422497436404,0.003143422497436404
455,0.004341346136294305,0.004341346136294305
456,0.004783172506722622,0.004783172506722622
457,0.003801293465308845,0.003801293465308845
458,0.00383872197533492,0.00383872197533492
459,0.004625852617318742,0.004625852617318742
460,0.0028778569155838343,0.0028778569155838343
461,0.0036501855518436058,0.0036501855518436058
462,0.0039126908392645415,0.0039126908392645415
463,0.005026417364366352,0.005026417364366352
464,0.00441574670484988,0.00441574670484988
465,0.0028292762103956193,0.0028292762103956193
466,0.006044360863859765,0.006044360863859765
467,0.0061118924375623464,0.0061118924375623464
468,0.0035566895873053,0.0035566895873053
469,0.002976020907284692,0.002976020907284692
470,0.003678971514571458,0.003678971514571458
471,0.004133336561033502,0.004133336561033502
472,0.0043871156601235275,0.0043871156601235275
473,0.006561918860301375,0.006561918860301375
474,0.0040399336426053195,0.0040399336426053195
475,0.00423174988955725,0.00423174988955725
476,0.005799591287504882,0.005799591287504882
477,0.003146711834589951,0.003146711834589951
478,0.0032585353520698844,0.0032585353520698844
479,0.004234237660071812,0.004234237660071812
480,0.004767450399580412,0.004767450399580412
481,0.005586472143477295,0.005586472143477295
482,0.004831620440760162,0.004831620440760162
483,0.005132594081107527,0.005132594081107527
484,0.0027091027196729555,0.0027091027196729555
485,0.004106638695462607,0.004106638695462607
486,0.002332511393702589,0.002332511393702589
487,0.004914905898971483,0.004914905898971483
488,0.0049705951064825055,0.0049705951064825055
489,0.005168371677165851,0.005168371677165851
490,0.0036591076522599904,0.0036591076522599904
491,0.004394993762485683,0.004394993762485683
492,0.004411966550862416,0.004411966550862416
493,0.005027309667668305,0.005027309667668305
494,0.003966527032433078,0.003966527032433078
495,0.006429129610420204,0.006429129610420204
496,0.004470186250167899,0.004470186250167899
497,0.003168190763448365,0.003168190763448365
498,0.004725048041087575,0.004725048041087575
499,0.004264385090325959,0.004264385090325959
500,0.004863419777713716,0.004863419777713716
