,total_loss,spectral_loss
0,1.3398817708969115,1.3398817708969115
1,1.260875694847107,1.260875694847107
2,1.2276212223052978,1.2276212223052978
3,1.2144224287986756,1.2144224287986756
4,1.2085905787467957,1.2085905787467957
5,1.2024699705123902,1.2024699705123902
6,1.1985017818450927,1.1985017818450927
7,1.1917979468345643,1.1917979468345643
8,1.1883527629852295,1.1883527629852295
9,1.1867862042427062,1.1867862042427062
10,1.1847923135757445,1.1847923135757445
11,1.1836954490661622,1.1836954490661622
12,1.1869351146697997,1.1869351146697997
13,1.183859243106842,1.183859243106842
14,1.179739953994751,1.179739953994751
15,1.1785959283828735,1.1785959283828735
16,1.1773934329032898,1.1773934329032898
17,1.1766012232780456,1.1766012232780456
18,1.1746495013237,1.1746495013237
19,1.172579723072052,1.172579723072052
20,1.171311205291748,1.171311205291748
21,1.1699024953842163,1.1699024953842163
22,1.16811000623703,1.16811000623703
23,1.16509979429245,1.16509979429245
24,1.1626816291809081,1.1626816291809081
25,1.1696251983642578,1.1696251983642578
26,1.1619093685150146,1.1619093685150146
27,1.1632134925842286,1.1632134925842286
28,1.16035480260849,1.16035480260849
29,1.159562654209137,1.159562654209137
30,1.1617574724197388,1.1617574724197388
31,1.1629153260231018,1.1629153260231018
32,1.1550826870918274,1.1550826870918274
33,1.1558728694915772,1.1558728694915772
34,1.1597807715415955,1.1597807715415955
35,1.157650750541687,1.157650750541687
36,1.153501871395111,1.153501871395111
37,1.1547823108673096,1.1547823108673096
38,1.1527506174087525,1.1527506174087525
39,1.1517156336784362,1.1517156336784362
40,1.148968573665619,1.148968573665619
41,1.1582146496772767,1.1582146496772767
42,1.1509752919197083,1.1509752919197083
43,1.1530755014419556,1.1530755014419556
44,1.1506203833580018,1.1506203833580018
45,1.151197050189972,1.151197050189972
46,1.1471851056098938,1.1471851056098938
47,1.147966414451599,1.147966414451599
48,1.1483594076156616,1.1483594076156616
49,1.1434923336029053,1.1434923336029053
50,1.1489616932868958,1.1489616932868958
51,1.1499050552368164,1.1499050552368164
52,1.1432382060050965,1.1432382060050965
53,1.1428667956352234,1.1428667956352234
54,1.143435694694519,1.143435694694519
55,1.1499262101173402,1.1499262101173402
56,1.145635663318634,1.145635663318634
57,1.1423589329719543,1.1423589329719543
58,1.1719193677902222,1.1719193677902222
59,1.1404653958320619,1.1404653958320619
60,1.1415030138969422,1.1415030138969422
61,1.1397880486488343,1.1397880486488343
62,1.1406252676963806,1.1406252676963806
63,1.1430791032791137,1.1430791032791137
64,1.1366909222602843,1.1366909222602843
65,1.1371011694908142,1.1371011694908142
66,1.13698051404953,1.13698051404953
67,1.1435229568481444,1.1435229568481444
68,1.139835943889618,1.139835943889618
69,1.1386358729362487,1.1386358729362487
70,1.1357921648025513,1.1357921648025513
71,1.155869890022278,1.155869890022278
72,1.1403407184600831,1.1403407184600831
73,1.1500137288093566,1.1500137288093566
74,1.1365716200828553,1.1365716200828553
75,1.1364049615859986,1.1364049615859986
76,1.1374899021148681,1.1374899021148681
77,1.137432744026184,1.137432744026184
78,1.1393340554237366,1.1393340554237366
79,1.1392023686408996,1.1392023686408996
80,1.135441004371643,1.135441004371643
81,1.1364758539199828,1.1364758539199828
82,1.1368009410858155,1.1368009410858155
83,1.1364409189224243,1.1364409189224243
84,1.1352556791305541,1.1352556791305541
85,1.1403803215026855,1.1403803215026855
86,1.1366895827293395,1.1366895827293395
87,1.131264804172516,1.131264804172516
88,1.1341361547470092,1.1341361547470092
89,1.134320991230011,1.134320991230011
90,1.1309865350723267,1.1309865350723267
91,1.1284503479957582,1.1284503479957582
92,1.1307781554222107,1.1307781554222107
93,1.1299172317504882,1.1299172317504882
94,1.1333885246276856,1.1333885246276856
95,1.1515262269973754,1.1515262269973754
96,1.1292366780281067,1.1292366780281067
97,1.1317685072898864,1.1317685072898864
98,1.1290237902641296,1.1290237902641296
99,1.1323565409660339,1.1323565409660339
100,1.128403576850891,1.128403576850891
101,1.1615006181716918,1.1615006181716918
102,1.1295741380691529,1.1295741380691529
103,1.137286698627472,1.137286698627472
104,1.136929263973236,1.136929263973236
105,1.1267680804252624,1.1267680804252624
106,1.1281290596961975,1.1281290596961975
107,1.127516983795166,1.127516983795166
108,1.1287966439247132,1.1287966439247132
109,1.134157201576233,1.134157201576233
110,1.1251875354766845,1.1251875354766845
111,1.125362134552002,1.125362134552002
112,1.126840369606018,1.126840369606018
113,1.1253637761116029,1.1253637761116029
114,1.1267997890472412,1.1267997890472412
115,1.1248122756004333,1.1248122756004333
116,1.125487076473236,1.125487076473236
117,1.1272835686683655,1.1272835686683655
118,1.1353323895454406,1.1353323895454406
119,1.1223390626907348,1.1223390626907348
120,1.1250772546768188,1.1250772546768188
121,1.1264285852432252,1.1264285852432252
122,1.1231373279571533,1.1231373279571533
123,1.133274492931366,1.133274492931366
124,1.1327216945648193,1.1327216945648193
125,1.1265681488990784,1.1265681488990784
126,1.1231108127593994,1.1231108127593994
127,1.1387053818702697,1.1387053818702697
128,1.1227186710357666,1.1227186710357666
129,1.1214443395614624,1.1214443395614624
130,1.1296928426742554,1.1296928426742554
131,1.136089187526703,1.136089187526703
132,1.122201933002472,1.122201933002472
133,1.1236522924423218,1.1236522924423218
134,1.121506530380249,1.121506530380249
135,1.1261354484558106,1.1261354484558106
136,1.1181451972007752,1.1181451972007752
137,1.1345555478096008,1.1345555478096008
138,1.1183084942817687,1.1183084942817687
139,1.120149488735199,1.120149488735199
140,1.1208595266342163,1.1208595266342163
141,1.1278473705291747,1.1278473705291747
142,1.1191142394065856,1.1191142394065856
143,1.1221339955329894,1.1221339955329894
144,1.1279107575416565,1.1279107575416565
145,1.1377240306854248,1.1377240306854248
146,1.1229381189346312,1.1229381189346312
147,1.119055258655548,1.119055258655548
148,1.1234206848144532,1.1234206848144532
149,1.1224881608963013,1.1224881608963013
150,1.121716670703888,1.121716670703888
151,1.129176042175293,1.129176042175293
152,1.1165202976226807,1.1165202976226807
153,1.1210838697433472,1.1210838697433472
154,1.1577160747528077,1.1577160747528077
155,1.1205032430648805,1.1205032430648805
156,1.1468695212364197,1.1468695212364197
157,1.1266105907440185,1.1266105907440185
158,1.1149946349143982,1.1149946349143982
159,1.1608000765800477,1.1608000765800477
160,1.1267079482078552,1.1267079482078552
161,1.117514590549469,1.117514590549469
162,1.1175707207679748,1.1175707207679748
163,1.1159518137931823,1.1159518137931823
164,1.1150000512123108,1.1150000512123108
165,1.1203241415023804,1.1203241415023804
166,1.1176479705810547,1.1176479705810547
167,1.1132110452651978,1.1132110452651978
168,1.1725271631240846,1.1725271631240846
169,1.1228495874404907,1.1228495874404907
170,1.1713016500473024,1.1713016500473024
171,1.1410805404663087,1.1410805404663087
172,1.1116400913238524,1.1116400913238524
173,1.128959092617035,1.128959092617035
174,1.1153387588500976,1.1153387588500976
175,1.1134343864440919,1.1134343864440919
176,1.1215565675735473,1.1215565675735473
177,1.1164002740859986,1.1164002740859986
178,1.1268579858779908,1.1268579858779908
179,1.1151868462562562,1.1151868462562562
180,1.1407850288391113,1.1407850288391113
181,1.1434651789665222,1.1434651789665222
182,1.144958954811096,1.144958954811096
183,1.1554120423316956,1.1554120423316956
184,1.11330546169281,1.11330546169281
185,1.1376293900489807,1.1376293900489807
186,1.1121531342506408,1.1121531342506408
187,1.115198902130127,1.115198902130127
188,1.2384535614967347,1.2384535614967347
189,1.138654210472107,1.138654210472107
190,1.1216880702018739,1.1216880702018739
191,1.1561841356277467,1.1561841356277467
192,1.1107868265151977,1.1107868265151977
193,1.1151503261566162,1.1151503261566162
194,1.1491037282943726,1.1491037282943726
195,1.1581864421844483,1.1581864421844483
196,1.1132505690574646,1.1132505690574646
197,1.1165056392669677,1.1165056392669677
198,1.1192085109710694,1.1192085109710694
199,1.1379454424858093,1.1379454424858093
200,1.1227985929489135,1.1227985929489135
201,1.1117851469993592,1.1117851469993592
202,1.1685998082160949,1.1685998082160949
203,1.124667340183258,1.124667340183258
204,1.1240461478233337,1.1240461478233337
205,1.1296729723930359,1.1296729723930359
206,1.1143496564865112,1.1143496564865112
207,1.1083469136238098,1.1083469136238098
208,1.1429507640838623,1.1429507640838623
209,1.1558480827331543,1.1558480827331543
210,1.1239962275505067,1.1239962275505067
211,1.1344771788597108,1.1344771788597108
212,1.139551376247406,1.139551376247406
213,1.141650561237335,1.141650561237335
214,1.1094731501579285,1.1094731501579285
215,1.175154637145996,1.175154637145996
216,1.1540402430534362,1.1540402430534362
217,1.1532174321174622,1.1532174321174622
218,1.16613755903244,1.16613755903244
219,1.12159226064682,1.12159226064682
220,1.1291163036346437,1.1291163036346437
221,1.1086738319396974,1.1086738319396974
222,1.1073887429237366,1.1073887429237366
223,1.1664487462997437,1.1664487462997437
224,1.1100626205444335,1.1100626205444335
225,1.1246908908843993,1.1246908908843993
226,1.1783960850715638,1.1783960850715638
227,1.1406661209106446,1.1406661209106446
228,1.1158820440292359,1.1158820440292359
229,1.1055070712089539,1.1055070712089539
230,1.1195822756767273,1.1195822756767273
231,1.1355529292106628,1.1355529292106628
232,1.1156554250717163,1.1156554250717163
233,1.1481027368545533,1.1481027368545533
234,1.2180091261863708,1.2180091261863708
235,1.1318249765396118,1.1318249765396118
236,1.154634297466278,1.154634297466278
237,1.1080820333480834,1.1080820333480834
238,1.1365697090148925,1.1365697090148925
239,1.1278020497322083,1.1278020497322083
240,1.1052238564491272,1.1052238564491272
241,1.1275114802360535,1.1275114802360535
242,1.1242542216300964,1.1242542216300964
243,1.1450045658111572,1.1450045658111572
244,1.1168545888900756,1.1168545888900756
245,1.1444858158111573,1.1444858158111573
246,1.1055231778144836,1.1055231778144836
247,1.1289588300704956,1.1289588300704956
248,1.1077168870925904,1.1077168870925904
249,1.398784610748291,1.398784610748291
250,1.1638616654396057,1.1638616654396057
251,1.111134065914154,1.111134065914154
252,1.1168265664100647,1.1168265664100647
253,1.1659677563667297,1.1659677563667297
254,1.1250964237213135,1.1250964237213135
255,1.1193002537727357,1.1193002537727357
256,1.1262594498634337,1.1262594498634337
257,1.1306804107666015,1.1306804107666015
258,1.1679253222465515,1.1679253222465515
259,1.2012909971237182,1.2012909971237182
260,1.172069121646881,1.172069121646881
261,1.1063808647155762,1.1063808647155762
262,1.1054262315750123,1.1054262315750123
263,1.2095122841835022,1.2095122841835022
264,1.1380888247489929,1.1380888247489929
265,1.1067145399093627,1.1067145399093627
266,1.118372168159485,1.118372168159485
267,1.1763153814315797,1.1763153814315797
268,1.1392511322975158,1.1392511322975158
269,1.1197642119407654,1.1197642119407654
270,1.1519263686180115,1.1519263686180115
271,1.1400605957984924,1.1400605957984924
272,1.1831633340835572,1.1831633340835572
273,1.1093913991928102,1.1093913991928102
274,1.1044652116775513,1.1044652116775513
275,1.1605167634010316,1.1605167634010316
276,1.1093463496208191,1.1093463496208191
277,1.127100853061676,1.127100853061676
278,1.1377994623184204,1.1377994623184204
279,1.1562044407844543,1.1562044407844543
280,1.1399555981636047,1.1399555981636047
281,1.1031881375312804,1.1031881375312804
282,1.1768473561286927,1.1768473561286927
283,1.103575246334076,1.103575246334076
284,1.1136438632011414,1.1136438632011414
285,1.1070127017974853,1.1070127017974853
286,1.1284491260528564,1.1284491260528564
287,1.1488604241371154,1.1488604241371154
288,1.1069445118904113,1.1069445118904113
289,1.1424562935829163,1.1424562935829163
290,1.1038302523612975,1.1038302523612975
291,1.1143618167877196,1.1143618167877196
292,1.1950544770240783,1.1950544770240783
293,1.1493389847755433,1.1493389847755433
294,1.1239208661079407,1.1239208661079407
295,1.1622061527252197,1.1622061527252197
296,1.1729324142456055,1.1729324142456055
297,1.12553746175766,1.12553746175766
298,1.1720515796661377,1.1720515796661377
299,1.1179135999679566,1.1179135999679566
300,1.1407437936782836,1.1407437936782836
301,1.0976548124313354,1.0976548124313354
302,1.1307675270080566,1.1307675270080566
303,1.1439925563812257,1.1439925563812257
304,1.1031716323852538,1.1031716323852538
305,1.1020251611709595,1.1020251611709595
306,1.1599686062812806,1.1599686062812806
307,1.125359948348999,1.125359948348999
308,1.1157586451530457,1.1157586451530457
309,1.26658443775177,1.26658443775177
310,1.114663591194153,1.114663591194153
311,1.1597903968811034,1.1597903968811034
312,1.116885308933258,1.116885308933258
313,1.13243413772583,1.13243413772583
314,1.1338829033851623,1.1338829033851623
315,1.1510365084648133,1.1510365084648133
316,1.1354041091918945,1.1354041091918945
317,1.0987863927841186,1.0987863927841186
318,1.1093125765800476,1.1093125765800476
319,1.1312655136108398,1.1312655136108398
320,1.095470634174347,1.095470634174347
321,1.1172259993553162,1.1172259993553162
322,1.1129595425605774,1.1129595425605774
323,1.098396290206909,1.098396290206909
324,1.1300427985191346,1.1300427985191346
325,1.1590382772445678,1.1590382772445678
326,1.1145176754951478,1.1145176754951478
327,1.3386496503829957,1.3386496503829957
328,1.1108005716323852,1.1108005716323852
329,1.1102614956855774,1.1102614956855774
330,1.1312670108795166,1.1312670108795166
331,1.17787535238266,1.17787535238266
332,1.1134509572029114,1.1134509572029114
333,1.1101844562530518,1.1101844562530518
334,1.1395392095565795,1.1395392095565795
335,1.122916574192047,1.122916574192047
336,1.0966687837600708,1.0966687837600708
337,1.2045709829330444,1.2045709829330444
338,1.127549135875702,1.127549135875702
339,1.1269472053527831,1.1269472053527831
340,1.104013695526123,1.104013695526123
341,1.0985945528030396,1.0985945528030396
342,1.1460272503852844,1.1460272503852844
343,1.1239693227767944,1.1239693227767944
344,1.0939945308685304,1.0939945308685304
345,1.1258788108825684,1.1258788108825684
346,1.0987881031990052,1.0987881031990052
347,1.1153538695335388,1.1153538695335388
348,1.1228072092056274,1.1228072092056274
349,1.1175763129234313,1.1175763129234313
350,1.112725445842743,1.112725445842743
351,1.1166082738876342,1.1166082738876342
352,1.119606858062744,1.119606858062744
353,1.1202731959342958,1.1202731959342958
354,1.6416288625717164,1.6416288625717164
355,1.1621991691589355,1.1621991691589355
356,1.183361076450348,1.183361076450348
357,1.1138476340293884,1.1138476340293884
358,1.1300556637763977,1.1300556637763977
359,1.1378647003173827,1.1378647003173827
360,1.1066115977287292,1.1066115977287292
361,1.1560620693206787,1.1560620693206787
362,1.1245243936538696,1.1245243936538696
363,1.1319345773696898,1.1319345773696898
364,1.1344299914360045,1.1344299914360045
365,1.186636122226715,1.186636122226715
366,1.123110569858551,1.123110569858551
367,1.110934516811371,1.110934516811371
368,1.112044144821167,1.112044144821167
369,1.1073484497070312,1.1073484497070312
370,1.1082369915008545,1.1082369915008545
371,1.1433600845336913,1.1433600845336913
372,1.1035750130653381,1.1035750130653381
373,1.2232274187088013,1.2232274187088013
374,1.1763075560569762,1.1763075560569762
375,1.0961901921272277,1.0961901921272277
376,1.1939793536186218,1.1939793536186218
377,1.1304312353134156,1.1304312353134156
378,1.1037006649017334,1.1037006649017334
379,1.099546275806427,1.099546275806427
380,1.1112430243492126,1.1112430243492126
381,1.118250866127014,1.118250866127014
382,1.0953560455322267,1.0953560455322267
383,1.098564771080017,1.098564771080017
384,1.158302778148651,1.158302778148651
385,1.1191736333847047,1.1191736333847047
386,1.1392453910827636,1.1392453910827636
387,1.1303571217536925,1.1303571217536925
388,1.1118453317642212,1.1118453317642212
389,1.1300991389274597,1.1300991389274597
390,1.0972191546440124,1.0972191546440124
391,1.1047566916465759,1.1047566916465759
392,1.094671785068512,1.094671785068512
393,1.1081209390640259,1.1081209390640259
394,1.1859752955436706,1.1859752955436706
395,1.1076275798797608,1.1076275798797608
396,1.1951473868370057,1.1951473868370057
397,1.113138327884674,1.113138327884674
398,1.208078677368164,1.208078677368164
399,1.1098395683288573,1.1098395683288573
400,1.123920006752014,1.123920006752014
401,1.1024027528762816,1.1024027528762816
402,1.1362648062705993,1.1362648062705993
403,1.0942420234680177,1.0942420234680177
404,1.1816538900375366,1.1816538900375366
405,1.1083538370132446,1.1083538370132446
406,1.152600450515747,1.152600450515747
407,1.1023385727882384,1.1023385727882384
408,1.1174349199295044,1.1174349199295044
409,1.0929715492248535,1.0929715492248535
410,1.1262567481040955,1.1262567481040955
411,1.1087026540756226,1.1087026540756226
412,1.0894220960617065,1.0894220960617065
413,1.1576825412750245,1.1576825412750245
414,1.102080849456787,1.102080849456787
415,1.1378531441688537,1.1378531441688537
416,1.1101510921478273,1.1101510921478273
417,1.1119049778938292,1.1119049778938292
418,1.1261754487037658,1.1261754487037658
419,1.0935340419769286,1.0935340419769286
420,1.1100094986915587,1.1100094986915587
421,1.129319617843628,1.129319617843628
422,1.1062548022270202,1.1062548022270202
423,1.1494274171829224,1.1494274171829224
424,1.0984294260025025,1.0984294260025025
425,1.0917820085525514,1.0917820085525514
426,1.106429502773285,1.106429502773285
427,1.1313382097244262,1.1313382097244262
428,1.1311219778060912,1.1311219778060912
429,1.1678434202194214,1.1678434202194214
430,1.118137348651886,1.118137348651886
431,1.1459569247245789,1.1459569247245789
432,1.0947470522880554,1.0947470522880554
433,1.1148045724868774,1.1148045724868774
434,1.1066269777297975,1.1066269777297975
435,1.1196208625793458,1.1196208625793458
436,1.1049722639083863,1.1049722639083863
437,1.1103468628883362,1.1103468628883362
438,1.1157837134361268,1.1157837134361268
439,1.1169468788146972,1.1169468788146972
440,1.181735595035553,1.181735595035553
441,1.1173744708061217,1.1173744708061217
442,1.1218230008125305,1.1218230008125305
443,1.1120874250411987,1.1120874250411987
444,1.121753009700775,1.121753009700775
445,1.0885409397125245,1.0885409397125245
446,1.111014569568634,1.111014569568634
447,1.127366842842102,1.127366842842102
448,1.1103346437454225,1.1103346437454225
449,1.102079457473755,1.102079457473755
450,1.1259336833953857,1.1259336833953857
451,1.1214783327102662,1.1214783327102662
452,1.1139734273910522,1.1139734273910522
453,1.1773733743667603,1.1773733743667603
454,1.1056997564315796,1.1056997564315796
455,1.104976673412323,1.104976673412323
456,1.0923525894165038,1.0923525894165038
457,1.0982159466743469,1.0982159466743469
458,1.1682642075538636,1.1682642075538636
459,1.115519368171692,1.115519368171692
460,1.1038114110946655,1.1038114110946655
461,1.1409533256530762,1.1409533256530762
462,1.1274226100921632,1.1274226100921632
463,1.1010272207260132,1.1010272207260132
464,1.1449936897277833,1.1449936897277833
465,1.1158605932235717,1.1158605932235717
466,1.1440662355422975,1.1440662355422975
467,1.0968789772033691,1.0968789772033691
468,1.0878718012809754,1.0878718012809754
469,1.1166879053115846,1.1166879053115846
470,1.1020904815673829,1.1020904815673829
471,1.0969540024757385,1.0969540024757385
472,1.1141494395256042,1.1141494395256042
473,1.1160383948326111,1.1160383948326111
474,1.1091068979263305,1.1091068979263305
475,1.1115146901130677,1.1115146901130677
476,1.0854247931480407,1.0854247931480407
477,1.0872934059143067,1.0872934059143067
478,1.0991395455360413,1.0991395455360413
479,1.1339685355186462,1.1339685355186462
480,1.0900325927734376,1.0900325927734376
481,1.1187619813919067,1.1187619813919067
482,1.2172329795837402,1.2172329795837402
483,1.1094753007888793,1.1094753007888793
484,1.1565860903739928,1.1565860903739928
485,1.1016698633193969,1.1016698633193969
486,1.1071108366966247,1.1071108366966247
487,1.1272960860252381,1.1272960860252381
488,1.0965052748680115,1.0965052748680115
489,1.0948691821098329,1.0948691821098329
490,1.1053027006149292,1.1053027006149292
491,1.0997698628425598,1.0997698628425598
492,1.0891450357437134,1.0891450357437134
493,1.09619773979187,1.09619773979187
494,1.1262250764846802,1.1262250764846802
495,1.1181676651000976,1.1181676651000976
496,1.1075058468818664,1.1075058468818664
497,1.1103855898857116,1.1103855898857116
498,1.1325747895240783,1.1325747895240783
499,1.1157775155067444,1.1157775155067444
500,1.274156358718872,1.274156358718872
