,total_loss,audio_loss
0,1142849595.3548386,1142849595.3548386
1,10757235.548387097,10757235.548387097
2,3934544.64516129,3934544.64516129
3,2372863.693548387,2372863.693548387
4,1623547.4717741935,1623547.4717741935
5,1189960.5685483871,1189960.5685483871
6,925974.4677419355,925974.4677419355
7,747382.4375,747382.4375
8,623375.4395161291,623375.4395161291
9,540965.6844758064,540965.6844758064
10,477696.3578629032,477696.3578629032
11,427642.6703629032,427642.6703629032
12,388762.55846774194,388762.55846774194
13,363472.09778225806,363472.09778225806
14,340947.56955645164,340947.56955645164
15,317626.02217741933,317626.02217741933
16,296137.42893145164,296137.42893145164
17,285200.46875,285200.46875
18,272113.53074596776,272113.53074596776
19,262237.67741935485,262237.67741935485
20,250778.84425403227,250778.84425403227
21,241272.90070564515,241272.90070564515
22,233928.71875,233928.71875
23,226267.47278225806,226267.47278225806
24,221258.21975806452,221258.21975806452
25,212813.82358870967,212813.82358870967
26,205784.1224798387,205784.1224798387
27,203231.6804435484,203231.6804435484
28,195443.15524193548,195443.15524193548
29,192968.94858870967,192968.94858870967
30,185806.0408266129,185806.0408266129
31,179865.6189516129,179865.6189516129
32,174343.53477822582,174343.53477822582
33,166603.3220766129,166603.3220766129
34,162824.28477822582,162824.28477822582
35,157776.35383064515,157776.35383064515
36,151599.90297379033,151599.90297379033
37,148362.49319556452,148362.49319556452
38,141436.27570564515,141436.27570564515
39,136370.94808467742,136370.94808467742
40,133480.02318548388,133480.02318548388
41,129540.703125,129540.703125
42,124230.47958669355,124230.47958669355
43,122684.62777217742,122684.62777217742
44,120371.81728830645,120371.81728830645
45,116121.59047379032,116121.59047379032
46,113577.14994959677,113577.14994959677
47,110367.38104838709,110367.38104838709
48,109154.36088709677,109154.36088709677
49,106289.89692540323,106289.89692540323
50,103606.32686491935,103606.32686491935
51,101028.85433467742,101028.85433467742
52,99844.99974798386,99844.99974798386
53,97910.22404233871,97910.22404233871
54,95910.96421370968,95910.96421370968
55,94083.15650201614,94083.15650201614
56,92062.70967741935,92062.70967741935
57,90401.42137096774,90401.42137096774
58,87787.47505040323,87787.47505040323
59,86612.72757056452,86612.72757056452
60,85347.57610887097,85347.57610887097
61,83365.8757560484,83365.8757560484
62,82204.10181451614,82204.10181451614
63,80812.62273185483,80812.62273185483
64,79883.92918346774,79883.92918346774
65,78737.27784778226,78737.27784778226
66,76860.77885584677,76860.77885584677
67,76398.98563508065,76398.98563508065
68,74974.8785282258,74974.8785282258
69,73665.83102318548,73665.83102318548
70,73034.69758064517,73034.69758064517
71,71570.87878024194,71570.87878024194
72,71107.50088205645,71107.50088205645
73,69335.64566532258,69335.64566532258
74,69119.68800403226,69119.68800403226
75,68020.15183971774,68020.15183971774
76,66962.1097530242,66962.1097530242
77,65728.75541834677,65728.75541834677
78,65628.66897681452,65628.66897681452
79,65112.237021169356,65112.237021169356
80,63735.33669354839,63735.33669354839
81,63059.49143145161,63059.49143145161
82,63025.065398185485,63025.065398185485
83,61855.0408266129,61855.0408266129
84,61180.26323084677,61180.26323084677
85,60695.711819556454,60695.711819556454
86,59828.41809475807,59828.41809475807
87,59025.66570060484,59025.66570060484
88,59072.95199092742,59072.95199092742
89,57323.73160282258,57323.73160282258
90,57192.75831653226,57192.75831653226
91,57405.37525201613,57405.37525201613
92,56482.30972782258,56482.30972782258
93,56261.946194556454,56261.946194556454
94,55359.9587953629,55359.9587953629
95,55215.510458669356,55215.510458669356
96,54382.60685483871,54382.60685483871
97,53931.5369203629,53931.5369203629
98,53712.03276209677,53712.03276209677
99,53288.993069556454,53288.993069556454
100,52387.6800655242,52387.6800655242
101,52347.65309979839,52347.65309979839
102,52615.41544858871,52615.41544858871
103,51724.95564516129,51724.95564516129
104,51246.11164314516,51246.11164314516
105,50248.532258064515,50248.532258064515
106,50665.27142137097,50665.27142137097
107,50088.83001512097,50088.83001512097
108,49908.28074596774,49908.28074596774
109,49806.450226814515,49806.450226814515
110,48975.535786290326,48975.535786290326
111,48718.612651209674,48718.612651209674
112,48607.51978326613,48607.51978326613
113,47868.51814516129,47868.51814516129
114,48000.147807459674,48000.147807459674
115,47796.15965221774,47796.15965221774
116,47427.28074596774,47427.28074596774
117,46906.35383064516,46906.35383064516
118,46621.8689516129,46621.8689516129
119,46333.36869959677,46333.36869959677
120,45974.981728830644,45974.981728830644
121,45820.6622983871,45820.6622983871
122,45227.62424395161,45227.62424395161
123,45684.0919858871,45684.0919858871
124,44781.985005040326,44781.985005040326
125,45096.38205645161,45096.38205645161
126,44972.6292842742,44972.6292842742
127,44842.581023185485,44842.581023185485
128,44330.432963709674,44330.432963709674
129,43923.06029485887,43923.06029485887
130,43895.731350806454,43895.731350806454
131,43669.16721270161,43669.16721270161
132,42983.67048891129,42983.67048891129
133,43134.40385584677,43134.40385584677
134,43392.25163810484,43392.25163810484
135,42643.80002520161,42643.80002520161
136,42797.459866431454,42797.459866431454
137,42662.87550403226,42662.87550403226
138,42427.49609375,42427.49609375
139,42119.16003024193,42119.16003024193
140,42339.06174395161,42339.06174395161
141,41565.752646169356,41565.752646169356
142,41225.52595766129,41225.52595766129
143,41623.452179939515,41623.452179939515
144,41660.92691532258,41660.92691532258
145,41010.397744455644,41010.397744455644
146,40945.3439390121,40945.3439390121
147,40688.280178931454,40688.280178931454
148,41027.529926915326,41027.529926915326
149,40105.165385584674,40105.165385584674
150,40524.3322202621,40524.3322202621
151,40184.4415952621,40184.4415952621
152,40413.237210181454,40413.237210181454
153,40063.79712701613,40063.79712701613
154,39889.80909778226,39889.80909778226
155,40009.030367943546,40009.030367943546
156,39614.147492439515,39614.147492439515
157,39140.4978578629,39140.4978578629
158,40026.955771169356,40026.955771169356
159,39223.95848034274,39223.95848034274
160,39143.289944556454,39143.289944556454
161,39057.151713709674,39057.151713709674
162,39318.752898185485,39318.752898185485
163,39113.01783014113,39113.01783014113
164,39078.987651209674,39078.987651209674
165,39025.18434979839,39025.18434979839
166,38532.51682207661,38532.51682207661
167,39056.13892389113,39056.13892389113
168,38389.39087701613,38389.39087701613
169,39003.57503780242,39003.57503780242
170,38368.19953377016,38368.19953377016
171,38226.03893649193,38226.03893649193
172,38224.33581149193,38224.33581149193
173,38213.81105090726,38213.81105090726
174,38715.49225050403,38715.49225050403
175,38050.25970262097,38050.25970262097
176,37984.4415952621,37984.4415952621
177,37845.27368951613,37845.27368951613
178,37891.12247983871,37891.12247983871
179,37328.32371471774,37328.32371471774
180,37682.53937752016,37682.53937752016
181,37704.42395413307,37704.42395413307
182,37785.07106854839,37785.07106854839
183,37290.85099546371,37290.85099546371
184,37675.3961063508,37675.3961063508
185,37523.07604586693,37523.07604586693
186,37369.5120967742,37369.5120967742
187,37341.020224294356,37341.020224294356
188,37499.94115423387,37499.94115423387
189,37051.727570564515,37051.727570564515
190,37510.87506300403,37510.87506300403
191,37027.16355846774,37027.16355846774
192,37028.340536794356,37028.340536794356
193,37167.745463709674,37167.745463709674
194,36915.3205015121,36915.3205015121
195,36719.5939390121,36719.5939390121
196,36597.47265625,36597.47265625
197,36620.76512096774,36620.76512096774
198,36558.8458921371,36558.8458921371
199,36489.06439012097,36489.06439012097
200,36343.872101814515,36343.872101814515
201,36594.60112147177,36594.60112147177
202,36386.72019909274,36386.72019909274
203,36322.192729334674,36322.192729334674
204,36401.12058971774,36401.12058971774
205,36381.3265498992,36381.3265498992
206,35928.13337953629,35928.13337953629
207,36268.91236139113,36268.91236139113
208,36135.94606854839,36135.94606854839
209,35828.79019657258,35828.79019657258
210,36237.24048639113,36237.24048639113
211,36352.723349294356,36352.723349294356
212,36582.241557459674,36582.241557459674
213,36108.64301915323,36108.64301915323
214,35785.49136844758,35785.49136844758
215,35387.64005796371,35387.64005796371
216,36044.79441784274,36044.79441784274
217,35640.76228578629,35640.76228578629
218,36152.899130544356,36152.899130544356
219,35353.628024193546,35353.628024193546
220,35474.99886592742,35474.99886592742
221,35325.038369455644,35325.038369455644
222,36101.82844002016,36101.82844002016
223,35552.12739415323,35552.12739415323
224,35261.7361391129,35261.7361391129
225,35319.266507056454,35319.266507056454
226,35574.99143145161,35574.99143145161
227,35570.680758568546,35570.680758568546
228,35000.3843876008,35000.3843876008
229,35173.95394405242,35173.95394405242
230,34983.264931955644,34983.264931955644
231,35177.54548891129,35177.54548891129
232,35543.86252520161,35543.86252520161
233,34779.22794858871,34779.22794858871
234,35061.03043094758,35061.03043094758
235,35239.01612903226,35239.01612903226
236,35016.98380796371,35016.98380796371
237,34858.53351814516,34858.53351814516
238,34882.06697328629,34882.06697328629
239,34935.47738155242,34935.47738155242
240,34693.80834173387,34693.80834173387
241,34480.38501764113,34480.38501764113
242,34868.145854334674,34868.145854334674
243,34370.944241431454,34370.944241431454
244,34532.3031123992,34532.3031123992
245,34810.27879284274,34810.27879284274
246,34339.62815020161,34339.62815020161
247,34406.77394153226,34406.77394153226
248,34421.84456905242,34421.84456905242
249,34614.653288810485,34614.653288810485
250,34519.409148185485,34519.409148185485
251,34512.547883064515,34512.547883064515
252,34365.38722278226,34365.38722278226
253,34130.186239919356,34130.186239919356
254,34654.077116935485,34654.077116935485
255,34537.0744077621,34537.0744077621
256,34474.72013608871,34474.72013608871
257,34218.151335685485,34218.151335685485
258,34196.6931703629,34196.6931703629
259,34281.6566280242,34281.6566280242
260,34386.33971774193,34386.33971774193
261,34040.786416330644,34040.786416330644
262,34191.67634828629,34191.67634828629
263,34108.43775201613,34108.43775201613
264,34141.44165826613,34141.44165826613
265,33806.90776209677,33806.90776209677
266,34094.741494455644,34094.741494455644
267,34315.54070060484,34315.54070060484
268,33974.55462449597,33974.55462449597
269,34258.036416330644,34258.036416330644
270,34233.43044354839,34233.43044354839
271,33925.34419102823,33925.34419102823
272,34048.47215221774,34048.47215221774
273,33593.57503780242,33593.57503780242
274,33740.821635584674,33740.821635584674
275,33944.00422127016,33944.00422127016
276,33781.36907762097,33781.36907762097
277,33816.32195060484,33816.32195060484
278,33672.32982610887,33672.32982610887
279,34171.69669858871,34171.69669858871
280,33692.61769153226,33692.61769153226
281,33620.513041834674,33620.513041834674
282,33662.065335181454,33662.065335181454
283,33719.25749747984,33719.25749747984
284,34137.823147681454,34137.823147681454
285,33848.61214717742,33848.61214717742
286,33529.87355090726,33529.87355090726
287,33827.98015372984,33827.98015372984
288,33719.139994959674,33719.139994959674
289,33467.332976310485,33467.332976310485
290,33652.15958921371,33652.15958921371
291,33402.97643649193,33402.97643649193
292,33713.534211189515,33713.534211189515
293,33548.02917086693,33548.02917086693
294,33478.918598790326,33478.918598790326
295,33521.22234122984,33521.22234122984
296,33377.442288306454,33377.442288306454
297,33217.38533266129,33217.38533266129
298,33552.68693296371,33552.68693296371
299,33287.639553931454,33287.639553931454
300,33734.735320060485,33734.735320060485
301,33474.10011340726,33474.10011340726
302,33614.05808971774,33614.05808971774
303,33540.57862903226,33540.57862903226
304,34158.1097530242,34158.1097530242
305,33659.69701360887,33659.69701360887
306,33439.85143649193,33439.85143649193
307,33501.69367439516,33501.69367439516
308,33533.59494707661,33533.59494707661
309,33537.960307459674,33537.960307459674
310,33476.75006300403,33476.75006300403
311,33332.729208669356,33332.729208669356
312,33378.24225050403,33378.24225050403
313,33287.50737147177,33287.50737147177
314,32995.0550655242,32995.0550655242
315,33359.19165826613,33359.19165826613
316,33223.649508568546,33223.649508568546
317,33119.538180443546,33119.538180443546
318,33470.182711693546,33470.182711693546
319,33199.24275453629,33199.24275453629
320,32949.4808467742,32949.4808467742
321,33454.82667590726,33454.82667590726
322,33407.82447076613,33407.82447076613
323,33576.00945060484,33576.00945060484
324,33139.7789188508,33139.7789188508
325,33376.6564390121,33376.6564390121
326,33239.49653477823,33239.49653477823
327,32796.09690020161,32796.09690020161
328,32888.73034274193,32888.73034274193
329,32970.22731854839,32970.22731854839
330,32849.1253780242,32849.1253780242
331,32666.400831653227,32666.400831653227
332,33107.93951612903,33107.93951612903
333,33250.94027217742,33250.94027217742
334,33001.96515877016,33001.96515877016
335,33224.89446824597,33224.89446824597
336,33024.088520665326,33024.088520665326
337,33130.42351310484,33130.42351310484
338,33124.92723034274,33124.92723034274
339,32649.632749495966,32649.632749495966
340,32808.213583669356,32808.213583669356
341,33044.2459047379,33044.2459047379
342,32875.75201612903,32875.75201612903
343,32633.035534274193,32633.035534274193
344,32674.29630796371,32674.29630796371
345,32870.73771421371,32870.73771421371
346,32775.50630040323,32775.50630040323
347,33052.0310609879,33052.0310609879
348,32686.50277217742,32686.50277217742
349,32895.86857358871,32895.86857358871
350,32913.081149193546,32913.081149193546
351,33034.67231602823,33034.67231602823
352,33152.64566532258,33152.64566532258
353,32904.26379788307,32904.26379788307
354,32634.992943548386,32634.992943548386
355,32365.22322328629,32365.22322328629
356,32682.70035282258,32682.70035282258
357,32801.16960685484,32801.16960685484
358,32929.07648689516,32929.07648689516
359,32804.46106350807,32804.46106350807
360,32684.411353326614,32684.411353326614
361,33051.07982610887,33051.07982610887
362,32434.46541078629,32434.46541078629
363,32779.85729586693,32779.85729586693
364,32901.43283770161,32901.43283770161
365,33099.083102318546,33099.083102318546
366,32925.5017641129,32925.5017641129
367,32203.087575604837,32203.087575604837
368,32810.33159022177,32810.33159022177
369,32752.79385080645,32752.79385080645
370,32673.209488407258,32673.209488407258
371,32866.85880796371,32866.85880796371
372,32468.46459173387,32468.46459173387
373,32462.763230846773,32462.763230846773
374,32678.260395665322,32678.260395665322
375,33002.29851310484,33002.29851310484
376,32394.142956149193,32394.142956149193
377,33020.18371975807,33020.18371975807
378,32593.305947580644,32593.305947580644
379,32902.51839717742,32902.51839717742
380,32750.658140120966,32750.658140120966
381,32834.4376890121,32834.4376890121
382,32505.704574092742,32505.704574092742
383,32612.742943548386,32612.742943548386
384,32439.0607358871,32439.0607358871
385,32266.0177671371,32266.0177671371
386,33131.817351310485,33131.817351310485
387,32830.536479334674,32830.536479334674
388,32494.655052923386,32494.655052923386
389,32507.89478326613,32507.89478326613
390,32819.786227318546,32819.786227318546
391,32550.320627520163,32550.320627520163
392,32370.14787046371,32370.14787046371
393,32298.855783770163,32298.855783770163
394,32330.020476310485,32330.020476310485
395,32470.645791330644,32470.645791330644
396,32926.848727318546,32926.848727318546
397,32338.34872731855,32338.34872731855
398,32061.82087953629,32061.82087953629
399,32508.251512096773,32508.251512096773
400,32603.262663810485,32603.262663810485
401,32452.864604334678,32452.864604334678
402,32517.996030745966,32517.996030745966
403,32751.897240423386,32751.897240423386
404,32487.7302797379,32487.7302797379
405,32814.425151209674,32814.425151209674
406,32207.637726814515,32207.637726814515
407,32527.73462701613,32527.73462701613
408,32451.46566280242,32451.46566280242
409,32497.521799395163,32497.521799395163
410,32660.546875,32660.546875
411,32929.970073084674,32929.970073084674
412,32392.85408266129,32392.85408266129
413,32441.619140625,32441.619140625
414,32714.209488407258,32714.209488407258
415,32706.337512600807,32706.337512600807
416,32258.896106350807,32258.896106350807
417,32088.039440524193,32088.039440524193
418,32366.889049899193,32366.889049899193
419,32402.782825100807,32402.782825100807
420,32445.424458165322,32445.424458165322
421,32377.441091229837,32377.441091229837
422,32510.965473790322,32510.965473790322
423,32528.837512600807,32528.837512600807
424,32401.089780745966,32401.089780745966
425,32840.14831149193,32840.14831149193
426,32244.19619455645,32244.19619455645
427,32202.466418850807,32202.466418850807
428,32670.4041078629,32670.4041078629
429,32980.73998235887,32980.73998235887
430,32222.558467741936,32222.558467741936
431,32375.739226310485,32375.739226310485
432,32654.353641633064,32654.353641633064
433,32228.332157258064,32228.332157258064
434,32026.99527469758,32026.99527469758
435,32264.6857358871,32264.6857358871
436,32275.653918850807,32275.653918850807
437,32201.144909274193,32201.144909274193
438,31961.699911794356,31961.699911794356
439,32418.5919858871,32418.5919858871
440,32362.430065524193,32362.430065524193
441,32483.12329889113,32483.12329889113
442,32339.898500504034,32339.898500504034
443,32237.959425403227,32237.959425403227
444,32526.027973790322,32526.027973790322
445,32540.961882560485,32540.961882560485
446,32190.442918346773,32190.442918346773
447,32348.01285282258,32348.01285282258
448,32546.960307459678,32546.960307459678
449,32022.336252520163,32022.336252520163
450,32251.22990171371,32251.22990171371
451,32334.595703125,32334.595703125
452,32008.847278225807,32008.847278225807
453,32200.668913810485,32200.668913810485
454,32419.020287298386,32419.020287298386
455,32141.752079133064,32141.752079133064
456,32176.322139616936,32176.322139616936
457,32348.158329133064,32348.158329133064
458,32206.52400453629,32206.52400453629
459,32318.296559979837,32318.296559979837
460,32101.9806577621,32101.9806577621
461,32576.660912298386,32576.660912298386
462,32126.6328125,32126.6328125
463,32467.935609879034,32467.935609879034
464,32231.483429939515,32231.483429939515
465,32114.556703629034,32114.556703629034
466,32635.29044858871,32635.29044858871
467,32173.599609375,32173.599609375
468,32377.755796370966,32377.755796370966
469,32698.559034778227,32698.559034778227
470,32518.53767641129,32518.53767641129
471,32307.505481350807,32307.505481350807
472,32409.878780241936,32409.878780241936
473,31954.567918346773,31954.567918346773
474,32212.863722278227,32212.863722278227
475,32217.443800403227,32217.443800403227
476,32852.877898185485,32852.877898185485
477,31959.866494455644,31959.866494455644
478,32275.958669354837,32275.958669354837
479,32097.454322076614,32097.454322076614
480,31992.1775453629,31992.1775453629
481,32216.706275201614,32216.706275201614
482,31988.95287298387,31988.95287298387
483,32094.41658266129,32094.41658266129
484,32041.410219254034,32041.410219254034
485,32230.500756048386,32230.500756048386
486,32276.643523185485,32276.643523185485
487,32165.66129032258,32165.66129032258
488,32178.33505544355,32178.33505544355
489,32497.032447076614,32497.032447076614
490,32126.658266129034,32126.658266129034
491,32058.268208165322,32058.268208165322
492,32372.41040826613,32372.41040826613
493,32078.45287298387,32078.45287298387
494,32252.310546875,32252.310546875
495,32260.52513860887,32260.52513860887
496,32464.031376008064,32464.031376008064
497,32028.03402217742,32028.03402217742
498,31982.321509576614,31982.321509576614
499,32067.208669354837,32067.208669354837
500,32455.311491935485,32455.311491935485
