,total_loss,tts_loss,duration_loss
0,3.9590206070551797,3.6498207894582597,0.30919981381249806
1,3.02153504084027,2.7578719702977983,0.26366309726995135
2,2.8008182238018704,2.5459492698548334,0.2548689532374579
3,2.6529333137330555,2.403330746151152,0.24960255268074216
4,2.374840197109041,2.1352566215727062,0.23958356938664876
5,2.022707352562556,1.789666077447316,0.23304128102839938
6,1.8382532710120791,1.6132742469272916,0.2249790288153149
7,1.7014966540866427,1.4828650743242293,0.2186315833103089
8,1.5939015604200817,1.379988017536345,0.21391354643163227
9,1.5037404715068756,1.2947730469325232,0.20896742906835344
10,1.4242058538255238,1.2201109169021485,0.20409493645032248
11,1.3472876974514552,1.1494603355725606,0.1978273605779996
12,1.2694700738740345,1.0802642977426922,0.18920577211039408
13,1.1886367343720936,1.0102744074094863,0.17836233382187192
14,1.100356642215971,0.9316294202728878,0.16872722064218823
15,1.019560208396306,0.8607263536680312,0.1588338515351689
16,0.9303408955770825,0.780310849348704,0.15003004788406313
17,0.8561247596665035,0.712217855075049,0.14390690482798077
18,0.7977244503914364,0.6595634505862281,0.13816100642794654
19,0.7488054179009938,0.6140407418447827,0.1347646794858433
20,0.7019009050868806,0.5719053641198173,0.12999554238622152
21,0.6623063707162463,0.5346825780376555,0.1276237919690117
22,0.6255876483425261,0.5014778276284536,0.12410982035928303
23,0.603966062031095,0.48197706114678157,0.12198900230347164
24,0.577920863552699,0.4577500129502917,0.12017085332246054
25,0.5531781263767727,0.43515041943580385,0.11802770776881112
26,0.529934402023043,0.41386391908403425,0.11607048270248231
27,0.510895433880034,0.39727950900320025,0.11361592511336009
28,0.5023534870336926,0.3897075951099396,0.11264589286985852
29,0.48244465911199175,0.3708975144795009,0.11154714415943812
30,0.46436352673031034,0.3550698326693641,0.10929369441573582
31,0.4526110386091565,0.344581733620356,0.10802930581664281
32,0.4412104846939208,0.3341236100310371,0.10708687738293693
33,0.4303095473183526,0.3240629609615084,0.10624658387331735
34,0.4208123404828329,0.31644255277656375,0.10436978853411144
35,0.4091910298854586,0.30527004907055505,0.10392098199753534
36,0.40460915650640217,0.30157874524593353,0.10303041279789
37,0.39282575911945766,0.29076172482399715,0.10206403394067098
38,0.38415987529451884,0.2828213697861111,0.10133850326140721
39,0.3792657350736951,0.27843063407474095,0.10083510123548053
40,0.37024582283837454,0.2702230711778005,0.10002275035967903
41,0.36161571173440843,0.2628137348663239,0.09880197509413674
42,0.36029850301288424,0.26173007015197997,0.09856843546269432
43,0.34949485224390786,0.25266889825699823,0.09682595244948826
44,0.34368186148386154,0.24649950152351743,0.0971823599603441
45,0.3428859161952185,0.2461002033854288,0.09678571257326338
46,0.3308391367632245,0.23540615822587693,0.09543297699992619
47,0.3258816117332095,0.23090572678853596,0.09497588435335765
48,0.32497777399562655,0.23037896080622597,0.09459881330766375
49,0.31976934534216683,0.22530606247129895,0.09446328121518331
50,0.31352207868818255,0.21973820243562972,0.09378387613428964
51,0.308829954928822,0.21526673696343862,0.09356321678275153
52,0.3036482147281132,0.21024831065109797,0.09339990525964707
53,0.30100205895446597,0.2084352300753669,0.09256682781473038
54,0.29770176609357196,0.20539001292652553,0.0923117519844146
55,0.29255115654733443,0.20076630134431142,0.09178485496649666
56,0.2869248080348212,0.19581255032902672,0.09111225758753126
57,0.2838766203513221,0.19223170550096602,0.09164491496861928
58,0.2791164280876281,0.18819132589158558,0.09092510065862111
59,0.27375792605536325,0.1833817291827429,0.09037619486214622
60,0.27263432433680884,0.1825135416454739,0.0901207813904399
61,0.26694578405410524,0.177367572983106,0.08957820988836743
62,0.26304027982174405,0.17368946401845842,0.0893508152119697
63,0.25836541160704596,0.1690533844724534,0.08931202630675028
64,0.2551359363964626,0.16610019583077656,0.08903573926479097
65,0.25034874701310716,0.1622700115281438,0.08807873560322656
66,0.2464539978712324,0.1585930912267594,0.08786090865494713
67,0.2419239663415485,0.1545840689823741,0.0873398966495953
68,0.23782865324663738,0.150563958618376,0.08726469569263004
69,0.2365878415959222,0.14883333728426978,0.08775450265596783
70,0.23276235754527744,0.145782874808425,0.08697948261858925
71,0.22950502496863168,0.14279682473057792,0.08670819929194828
72,0.22703590468754845,0.1404671026837258,0.08656880176729626
73,0.22274152154014223,0.1370120169151397,0.08572950497979209
74,0.22116916922349777,0.13520215368933147,0.08596701600721904
75,0.22070962829249247,0.13498245333395306,0.08572717365764436
76,0.21711983046834432,0.1317843363162071,0.0853354942704004
77,0.21520741804251595,0.12954522480094244,0.0856621940694158
78,0.2113787926851757,0.12670144261348815,0.08467734995342437
79,0.20944771454447791,0.12479872173733181,0.08464899233409337
80,0.20711588835905467,0.12253353177081971,0.08458235611518224
81,0.20483449952942984,0.12075078097127732,0.08408371737552067
82,0.2033210971525737,0.11948716368467088,0.08383393394095558
83,0.20234147920494988,0.11861071333525673,0.08373076527837724
84,0.19917693568600547,0.11568317018331044,0.08349376573922142
85,0.19713842372099558,0.11368584762963038,0.08345257632789158
86,0.1966733397945525,0.11328687270482381,0.08338646732625507
87,0.19414706693755257,0.11108443342030995,0.08306263339897943
88,0.1922604808258632,0.10920278349566082,0.08305769744846556
89,0.1921266324463345,0.10910903047474604,0.0830176014985357
90,0.18968080315324995,0.1072174103723632,0.08246339337220268
91,0.18873835627048735,0.10665151559644276,0.08208684055578142
92,0.18622962728379264,0.10462166794708797,0.08160795969149423
93,0.18509620617306421,0.1030276193032189,0.08206858651505576
94,0.18332915977826195,0.10181434890107503,0.0815148117050292
95,0.18141507936848533,0.1003027908385746,0.08111228947601622
96,0.18229334482124873,0.10097880188434843,0.08131454293690031
97,0.1819761111622765,0.10087924982820239,0.0810968607427582
98,0.17734295106123363,0.0961869904209697,0.08115596146810622
99,0.1771768078444496,0.09600014771733965,0.0811766604818995
100,0.17524872128925625,0.09454454233249028,0.08070417824718687
101,0.17445702235850077,0.0940265158812205,0.08043050576770117
102,0.17320485909779867,0.09294028757583528,0.08026457104891066
103,0.17328491972552407,0.09320177350725446,0.08008314598174322
104,0.1706550447713761,0.09070884980379589,0.07994619378494838
105,0.16991629250465878,0.08965359178800432,0.08026270095318083
106,0.16961545177868434,0.08980480214906117,0.07981064844699133
107,0.16800316695183043,0.08852537638611263,0.07947779032919142
108,0.16733449650189233,0.08752976233760516,0.07980473410515558
109,0.16648746743088677,0.08684254910737749,0.0796449180869829
110,0.1658213966422611,0.08686382382635087,0.07895757186980475
111,0.16345188754891593,0.08455203857923312,0.07889984843749849
112,0.16232174398407104,0.08361798749556618,0.07870375542413621
113,0.16123122142420876,0.08233734208440023,0.07889387922154532
114,0.16081533214402577,0.08192688120262963,0.07888845141444888
115,0.16006086340972356,0.08151818480756548,0.07854267812910534
116,0.15847585645933,0.07989225447887466,0.07858360251263967
117,0.15893509061563582,0.08049065519183402,0.07844443500988067
118,0.1573108139019164,0.07919432015882598,0.07811649415701155
119,0.1569531885167909,0.0788501835176869,0.07810300505823559
120,0.15657504612491244,0.0785173157023059,0.07805773107305405
121,0.15515913187511385,0.07756417989730835,0.07759495197780548
122,0.15483043212739248,0.07714931530848382,0.07768111593193477
123,0.15272057423042873,0.07529384861626322,0.07742672543677073
124,0.1520034178854927,0.07471343224483823,0.0772899848128122
125,0.1510351967243921,0.07380988815474132,0.07722530821486125
126,0.15034886012001644,0.07290469311059468,0.07744416559026354
127,0.15021148560539124,0.07306653231618897,0.07714495263875477
128,0.1491963023704196,0.07227310556031409,0.07692319663271072
129,0.1486788470120657,0.07214657808580095,0.07653226951758067
130,0.14836290135743127,0.07169293848768113,0.07666996405238197
131,0.14758003254731497,0.07115019834230817,0.07642983432326998
132,0.1466335112613345,0.07023061386176518,0.07640289609867429
133,0.14484944442907968,0.06866919267035666,0.07618025193611781
134,0.1448913079405588,0.06842380194436937,0.07646750682403171
135,0.1448907699613344,0.06875404591361682,0.07613672363379645
136,0.14395440677328716,0.06809361344055524,0.07586079339186351
137,0.1437931533843752,0.06791403842350793,0.07587911472434089
138,0.1422348404451022,0.06667936912604741,0.0755554720286339
139,0.14075793148506255,0.06543650484037777,0.07532142599423726
140,0.1406442636535281,0.065305131827555,0.07533913164857835
141,0.14132796086016156,0.065936762366503,0.07539119914410607
142,0.14066784296716964,0.06511658400533692,0.07555125819312201
143,0.1399145948271903,0.06474672825563521,0.07516786692634461
144,0.13882330544884242,0.06390535092306515,0.07491795553101434
145,0.13901192801339285,0.06400589491166765,0.0750060331017252
146,0.13769641483113879,0.06287775626258245,0.07481865833202998
147,0.13656653747672126,0.06217618067822759,0.07439035650283571
148,0.13690797109452504,0.062173699575757226,0.07473427199182056
149,0.13550602289892377,0.06119039329507994,0.0743156290716595
150,0.13504888034529156,0.060716620809029016,0.07433225971365733
151,0.13559497041361673,0.061181029570954185,0.07441394090179414
152,0.13476222410561547,0.060752285851372614,0.07400993849076921
153,0.13379583022897207,0.05989217758178711,0.07390365217413221
154,0.13386776475679307,0.05987302562783635,0.07399473859677239
155,0.13244441045182093,0.05891568527098686,0.07352872659999227
156,0.13208453747488202,0.05837209339416216,0.07371244354853554
157,0.13179890835095967,0.05805733433318517,0.07374157413603767
158,0.1317688547193058,0.05836205716644015,0.07340679719807609
159,0.13255026770962608,0.059054869921907546,0.0734953980833765
160,0.13015848705692898,0.057219693348521276,0.07293879347188133
161,0.13015968104203543,0.05708330006353439,0.07307638239765925
162,0.12944547418091032,0.05649828012027438,0.07294719417889912
163,0.129480114886685,0.05665168237118494,0.07282843287028963
164,0.12871431630282176,0.056223326377452365,0.0724909898662378
165,0.12910214031026476,0.05618604231211874,0.07291609864859354
166,0.1292941284085077,0.05708206758376152,0.07221206052908821
167,0.12723336096793886,0.05464062248430555,0.07259273753752785
168,0.12590899472198788,0.053669093324551505,0.0722399013383048
169,0.12660154321837047,0.054409356580840215,0.0721921869923198
170,0.12624040541667786,0.05414349875516362,0.0720969070754354
171,0.12635311176852573,0.05418765148709691,0.07216546045882362
172,0.1267594052922158,0.054801257001975225,0.07195814911808286
173,0.1244618548523812,0.05253651182329844,0.07192534296995118
174,0.12421188042277381,0.05264488832345084,0.07156699209932298
175,0.12418448546576122,0.05238131900864934,0.07180316663450664
176,0.12344282144118869,0.0517941133252212,0.07164870746551998
177,0.12449223536347585,0.052602391453489425,0.07188984438303918
178,0.12374226808074922,0.05222754919576266,0.07151471858932859
179,0.12225725915696886,0.05110717937350273,0.07115007966520294
180,0.12179465698344367,0.05064268670384846,0.0711519702795952
181,0.12171848567705305,0.05060848280314415,0.07111000346522482
182,0.12194016268329015,0.05085912997287417,0.0710810333608635
183,0.12177320049395637,0.050539430171724346,0.07123377079528476
184,0.12135241984847993,0.05034964395657418,0.07100277642409007
185,0.12078824284530822,0.050118214909046416,0.07067002805452498
186,0.12009734613081766,0.04917963765679844,0.07091770841488762
187,0.11964869712080274,0.04895021512158333,0.07069848182182463
188,0.11923233774446305,0.04873775164522822,0.07049458663141916
189,0.11957309406901163,0.04899725241083947,0.0705758413033826
190,0.11854104153693669,0.04849326527780957,0.07004777655478507
191,0.1187062535494093,0.04814511052672825,0.07056114278615468
192,0.11871621840529972,0.04841116508321157,0.070305052908167
193,0.11787859149395473,0.04771140838662783,0.07016718322559008
194,0.11800157054076119,0.0475801873419966,0.07042138373094892
195,0.11720866130457984,0.04729772542440702,0.06991093582104123
196,0.11728058294171378,0.04733936027401969,0.06994122219464136
197,0.11749647451298577,0.04744954188428228,0.07004693215565076
198,0.11665343978102245,0.046893939435008976,0.0697595001686187
199,0.11537254388843264,0.04574156262808376,0.06963098120121729
200,0.11550830588454292,0.04603944157087614,0.06946886431366678
201,0.11604429296557865,0.046391147469717356,0.06965314602804562
202,0.11490553759393238,0.04558518948772597,0.069320348165338
203,0.11479430066214667,0.04554327671963071,0.06925102388338437
204,0.11488566251974257,0.045425880404691844,0.06945978223331391
205,0.11498493381908961,0.0456421822309494,0.06934275152900862
206,0.11418658293901927,0.04520354756996745,0.06898303513252546
207,0.11372791076936418,0.04487933052910699,0.06884858000373083
208,0.11351182276294344,0.04452731259285458,0.06898451082053639
209,0.11365111728036215,0.044594302241291316,0.06905681468428128
210,0.11344154853196371,0.044687954738499625,0.06875359432564841
211,0.1127686325519804,0.04427900567414269,0.06848962670044294
212,0.1118434067992937,0.04352537477536807,0.06831803196479404
213,0.11198087580620296,0.04336163327689209,0.0686192423814819
214,0.11214766462170889,0.04381621362907546,0.06833145022392273
215,0.11188214035734298,0.0433699210425691,0.06851221887128693
216,0.11110876228601213,0.04275904702288764,0.06834971555878246
217,0.1108257912454151,0.042650818469978515,0.06817497301196294
218,0.11055559381133034,0.04270820440872321,0.06784738919564656
219,0.11135077003448729,0.04303004947446641,0.06832072121046838
220,0.11073001273094661,0.042474222502538135,0.0682557901692769
221,0.11018317961503589,0.04234550562169817,0.06783767428899569
222,0.11016986708319376,0.04241977537435199,0.0677500915905786
223,0.10952588856693297,0.04191614031082108,0.06760974766479598
224,0.1092125056754975,0.04149601815475358,0.06771648728421756
225,0.10889041471102881,0.04126638209535962,0.067624032497406
226,0.10908754808562142,0.04143093715584467,0.06765661063411879
227,0.10933729639602086,0.04172856925380609,0.06760872717178057
228,0.10925063455388659,0.041707124708900374,0.06754350999281519
229,0.10806461943993492,0.040622013813209915,0.06744260553802763
230,0.10732637605969868,0.04017296829630458,0.06715340764513092
231,0.107530900765033,0.040568753308247,0.06696214727939122
232,0.1077239801959386,0.0405498780014496,0.06717410234231798
233,0.10724239926489573,0.04024084234639766,0.06700155659327431
234,0.10765574056477774,0.040564194912948305,0.0670915458883558
235,0.10694883219779484,0.040291528764461716,0.06665730346289891
236,0.10653972732169288,0.039878990412468,0.06666073634747476
237,0.10605134791325009,0.039558172965097047,0.06649317580556112
238,0.10643242867220015,0.039862866587345565,0.06656956187789402
239,0.10590338328528026,0.03927101653128389,0.06663236684269375
240,0.10569322771496242,0.03910792595337308,0.06658530158419458
241,0.10644064394254533,0.040181123725478614,0.06625952027619832
242,0.1050227792963149,0.038852436349741996,0.06617034256221756
243,0.10424743427170648,0.03813342815117231,0.06611400570661302
244,0.1049256795455539,0.038762724825314114,0.06616295424718706
245,0.10474976376881676,0.038888585561561204,0.06586117835508452
246,0.1039329209024944,0.03781660782202842,0.06611631319872917
247,0.10394134183251669,0.03797390530743296,0.06596743699813647
248,0.10402157098527938,0.03805669793297374,0.06596487334796361
249,0.10433215541499001,0.038337648358373416,0.06599450726357717
250,0.10345438536670473,0.03781516007369473,0.06563922473125988
251,0.10346221852870215,0.037753613015252444,0.06570860566127867
252,0.10290408619339504,0.03740227970457266,0.06550180699144091
253,0.10258607519051385,0.03694305941462517,0.06564301548023073
254,0.10291776049231725,0.03742492385208607,0.06549283684719176
255,0.10278791059104223,0.03738983504710689,0.06539807575089591
256,0.10212982516913187,0.03674097305962017,0.06538885199124851
257,0.10184773542578258,0.036605713090726306,0.06524202268984583
258,0.10232536104463395,0.03697184009093141,0.06535352127892631
259,0.10221642811620046,0.036971070818484775,0.06524535747511047
260,0.10160934948731982,0.03657587975381859,0.06503346994046182
261,0.10187650128962501,0.036537389049217814,0.06533911250649936
262,0.1018811518710757,0.03671502620573082,0.06516612587230546
263,0.1007922821574741,0.03574642012753184,0.06504586238473181
264,0.10111156141474134,0.036276833050780825,0.06483472860048688
265,0.10049990339884682,0.03570503910027799,0.06479486438726621
266,0.10044300319656493,0.03553159730065437,0.06491140601417375
267,0.10093981086734742,0.03599553575946225,0.06494427590616166
268,0.09998776645414413,0.03541902145223012,0.06456874559322993
269,0.10006245521325914,0.03544903381003274,0.06461342146235799
270,0.0997936102369475,0.035148676130033675,0.06464493381125587
271,0.09925435306060881,0.034681614133573714,0.06457273904529828
272,0.09947038027975294,0.03496658574375841,0.06450379438816554
273,0.09969695882191734,0.03495976807815688,0.06473719050723409
274,0.0991778594870416,0.03471195972746327,0.06446590014393368
275,0.09950363718801075,0.03505853655201102,0.0644451007838287
276,0.09910870035962453,0.03479400046524547,0.06431470001264224
277,0.09961508131689495,0.03536394587348378,0.06425113550254277
278,0.09885186702013016,0.03469341727239745,0.06415844951120633
279,0.09865255346373906,0.034328207491882264,0.06432434620838316
280,0.09800466008129574,0.03385187156261906,0.06415278848911089
281,0.09801081023992055,0.03397167361681423,0.0640391366231063
282,0.09778819292310685,0.03388745476683927,0.06390073806757018
283,0.09850562091857668,0.03454795225508629,0.06395766878175357
284,0.09801529738165084,0.03401762190910559,0.0639976750290583
285,0.09707458695722004,0.0331401616216652,0.06393442551294963
286,0.09720640759619456,0.03341043805555692,0.06379596918584808
287,0.09744071262696433,0.03362316904323442,0.06381754376112468
288,0.09715291100835043,0.03351277609666189,0.06364013550300447
289,0.09706085541891674,0.033160856880602385,0.06389999874527492
290,0.09656610623711631,0.03305610106696212,0.06351000519971998
291,0.0970715658059196,0.0334731008088778,0.06359846535183135
292,0.09702615073275944,0.033236167792763026,0.06378998282173323
293,0.097065008467152,0.033722385704990414,0.06334262240737204
294,0.09627251681827363,0.03299555129238537,0.06327696511196712
295,0.09609189416681017,0.03278572709550933,0.0633061673078272
296,0.0955557074575197,0.032268162048052225,0.06328754552773067
297,0.09625527002508678,0.03262384327512885,0.06363142695691851
298,0.09607274830341339,0.03263753868402943,0.06343520905763383
299,0.09616197917669539,0.03267537282099799,0.06348660635569739
300,0.09651250616898613,0.03320427327638581,0.06330823247867917
301,0.09763082731810827,0.0343960684443277,0.0632347586372542
302,0.09496402527604784,0.032003115330423625,0.06296090964996626
303,0.0946966354099531,0.031560883251211,0.06313575201091312
304,0.09479971714909115,0.031664851786834855,0.06313486521442731
305,0.09480887994406716,0.03166015694538752,0.06314872282128485
306,0.0950801151375922,0.03174391696377406,0.0633361984103445
307,0.09505146599951245,0.03191752994935664,0.06313393566580046
308,0.09480065367524586,0.031763668659897076,0.06303698451273025
309,0.09556634393003252,0.032458003965162095,0.06310834020139679
310,0.09433844602770275,0.031381826433870524,0.06295661935730586
311,0.0938149577095395,0.03086038043219892,0.06295457665645887
312,0.09441420731563417,0.03143245895348844,0.06298174868736948
313,0.09421098267748243,0.03135644280839534,0.06285453960299492
314,0.09403436146085224,0.031191114986699724,0.0628432465924157
315,0.09378208799494638,0.030892332424483603,0.06288975554089697
316,0.09351168963171187,0.030534642704185985,0.06297704654317053
317,0.09403840925485368,0.031004487078577753,0.06303392202844696
