,total_loss,mse_loss,duration_loss
0,1.4554849216278563,1.1403460031282817,0.3151389198205995
1,1.0424635661831985,0.802623320978584,0.2398402490620072
2,0.8640953921679909,0.6452181043354333,0.2188772868285788
3,0.7745019180554871,0.568692369981015,0.20580954855004102
4,0.7063559048564721,0.5120211390527427,0.1943347654338424
5,0.660337358501786,0.47538886848070944,0.1849484900210766
6,0.6266132713632381,0.4487030103485635,0.17791026117319755
7,0.6002270365860445,0.42759958184357233,0.1726274550066772
8,0.5750323114454323,0.4057932733855349,0.16923903787495398
9,0.5517715867740888,0.385450893894155,0.16632069327624133
10,0.5286602478289435,0.36573460180285977,0.16292564681869873
11,0.5088167478006782,0.34763334691524506,0.16118340186299163
12,0.4876131671117553,0.3287450542263951,0.15886811299104217
13,0.46918687118706126,0.3131738288182739,0.15601304347844833
14,0.45314668488840687,0.29869185240133433,0.1544548326984365
15,0.4371818520709978,0.28408710410197574,0.15309474791618102
16,0.42223858495130606,0.27089197505661783,0.1513466106344622
17,0.40870418013833093,0.2599069853412344,0.14879719492919902
18,0.39539672592852976,0.2484308251358093,0.14696590132113044
19,0.3813841607131011,0.23839837856960636,0.14298578235485876
20,0.3692671381835396,0.2285396712468871,0.14072746640824257
21,0.35692245391666466,0.21986202319674458,0.13706042982162314
22,0.34657899707767137,0.21281622112431425,0.13376277479085516
23,0.33716210638377686,0.2056418518331034,0.13152025455067343
24,0.3272116776053787,0.1991087739877667,0.12810290435738597
25,0.31884104097988586,0.19223279669775184,0.12660824446707752
26,0.3110175895775464,0.18682309097432076,0.12419449878816909
27,0.3054977206262291,0.18336302279791933,0.12213469793399175
28,0.2985349763581093,0.1780143879512523,0.12052058867106201
29,0.2925423898384081,0.17445026739692013,0.11809212275853394
30,0.28704172700432173,0.17052028085111726,0.11652144615320449
31,0.28332774837811786,0.16819546075788797,0.1151322879636964
32,0.2785525419716294,0.16489917806065674,0.1136533649149516
33,0.27547665727688064,0.16334231467323101,0.11213434226018318
34,0.27323651889748607,0.16218272031199002,0.11105379800424509
35,0.27024539179624396,0.1605063131250811,0.10973907845979887
36,0.26771784325440723,0.15877891215660894,0.10893893104495732
37,0.26475258039455885,0.1568739394928124,0.10787864140373596
38,0.2632022757373803,0.1567598837328718,0.10644239121189354
39,0.2603777066824284,0.15508054011891073,0.10529716648425616
40,0.25941090365039543,0.1550818122659169,0.10432909162226298
41,0.2567184308530591,0.15287924283151086,0.10383918815365074
42,0.2554645952603496,0.15238635321246816,0.10307824241776839
43,0.25504327126851317,0.15242147244882923,0.10262179887252497
44,0.2530004800105771,0.15109355557472148,0.10190692414523017
45,0.25238282133078743,0.1508759782510869,0.10150684334390553
46,0.2510924102566766,0.15017553691005875,0.1009168730559924
47,0.25103865754097066,0.15114252369665931,0.09989613397641385
48,0.2493704472344818,0.1496114174419261,0.09975902968687368
49,0.24984792577670822,0.15013053852087216,0.09971738841833798
50,0.24952119351067442,0.1501058924758265,0.09941530127263239
51,0.24719422543091132,0.14876352387962613,0.0984307014456032
52,0.24792632180536892,0.14961080929489,0.09831551198206895
53,0.24816260608375496,0.14977350204865983,0.0983891043785616
54,0.24630597429283968,0.14914674927473914,0.097159225467249
55,0.24773826233461393,0.15010238502253878,0.09763587723281367
56,0.2473875478121406,0.1496744671083511,0.09771308133788142
57,0.24701563866003184,0.1500806694335126,0.09693496935862175
58,0.24661158886572992,0.15000466138441512,0.09660692756057632
59,0.24728496023949156,0.15043268107036326,0.09685227945975378
60,0.24649977123906427,0.14971164759274916,0.09678812356705362
61,0.24700114004155424,0.15043349077938295,0.09656764899796628
62,0.2461489920920514,0.14990286167103348,0.09624613031533592
63,0.2464252086818641,0.1503448784615554,0.09608033117144665
64,0.24711469206826905,0.15062177379397637,0.09649291808934922
65,0.24676456635302685,0.15082170914673637,0.09594285725913149
66,0.24750931233379012,0.15097567779903717,0.09653363487821945
67,0.24600769346910165,0.15102433244175945,0.09498336060461424
68,0.24667591448371293,0.15094917032418523,0.09572674450299419
69,0.2471565915443373,0.1509496991304641,0.09620689267807818
70,0.24523629406665234,0.1494782989752208,0.09575799477438554
71,0.2455163946811189,0.1503504181003317,0.09516597636942323
72,0.24490673702659335,0.14950539116212663,0.09540134684202518
73,0.24674015249132264,0.15117442996260969,0.09556572289859995
74,0.24468861303642286,0.14926689437834928,0.09542171881659657
75,0.2439149815245723,0.14933350743025753,0.09458147441136076
76,0.24186513092078216,0.1475049598895489,0.09436017051603354
77,0.24312433684971316,0.14872433438051677,0.09440000199362741
78,0.2423145996657669,0.14784629698446455,0.09446830299834832
79,0.24097155251190172,0.14707226279779528,0.09389928979336792
80,0.2405915267712681,0.14634956644042163,0.09424196031763621
81,0.23791628785378544,0.14503732656544827,0.09287896109018343
82,0.2373521348051991,0.14447542961607587,0.09287670509665148
83,0.23764656468274745,0.1442443549051775,0.09340220977756994
84,0.23451957423636255,0.14245462840330517,0.09206494591231887
85,0.23434416014463344,0.14241890083496453,0.09192525937572016
86,0.23243878359067524,0.14190182575942778,0.09053695739530926
87,0.2319685015166905,0.14104306610657813,0.09092543506664587
88,0.23067582092175248,0.14087064881274042,0.08980517232037605
89,0.229183536683414,0.1394345408952828,0.08974899533898273
90,0.22749323355602036,0.13815367184843577,0.08933956131127709
91,0.22565645465614104,0.13733238153529506,0.08832407289627173
92,0.22455368048333108,0.13656542410558842,0.08798825610032741
93,0.2245283716008173,0.13648594614673168,0.08804242537482411
94,0.2233075128062397,0.13548057993992846,0.08782693314372647
95,0.2224756360899472,0.13512372201744546,0.08735191379508651
96,0.22066883082296831,0.1347211682046136,0.0859476628561392
97,0.21974815919678262,0.1334906724275004,0.08625748690138473
98,0.2184828811503471,0.13273203666222858,0.08575084459380056
99,0.21711777457108733,0.131951103634234,0.08516667060659709
100,0.2165755733636254,0.1316497674912003,0.08492580663861958
101,0.21526343803456488,0.13040059900030176,0.08486283880968888
102,0.21314044412991678,0.12958288129339826,0.08355756275725702
103,0.21310776424534777,0.1294594607348983,0.0836483037086032
104,0.21190368114633762,0.12882472772864587,0.08307895324595854
105,0.21159698328016496,0.12851595598543789,0.0830810279684498
106,0.20998398843386495,0.12763865088634457,0.08234533778530487
107,0.2093715746986105,0.12694763209908566,0.08242394216358662
108,0.2082397219137097,0.12616661706186355,0.08207310487826665
109,0.20747878011448165,0.1259341059741399,0.08154467443096722
110,0.20697859833215146,0.12526425946477457,0.08171433898626912
111,0.2039182555485279,0.12329185336616867,0.08062640219556948
112,0.2035210705395286,0.12321160033556587,0.08030946966234251
113,0.20341131022424563,0.1235769287491521,0.07983438148830377
114,0.2023856870777218,0.1222951906000046,0.08009049697970667
115,0.20206367425250668,0.12246807440058559,0.07959559940277262
116,0.2016974002228561,0.1217979037645438,0.07989949669609679
117,0.19856589350928652,0.11999097363428866,0.07857491941263912
118,0.19951114724291133,0.1208051581807593,0.0787059892470955
119,0.19774670634709351,0.11946216764602255,0.07828453872749146
120,0.19781015311361205,0.11959992505028738,0.07821022810295541
121,0.1962583805335329,0.1184576743724921,0.07780070548731807
122,0.1961858777712423,0.11841435231109883,0.07777152518272823
123,0.19480717182159424,0.1171739289523862,0.07763324244648007
124,0.1942792424390502,0.11716335361942332,0.07711588848937065
125,0.19354701560017065,0.11622484205356727,0.07732217362586488
126,0.19376137403520285,0.11632641756259804,0.07743495639334334
127,0.19133030121208083,0.11576170307841707,0.07556859823934575
128,0.1917473706581914,0.1154231753543759,0.07632419562086146
129,0.19028611148291447,0.11452035164685113,0.07576575917555085
130,0.190412164738415,0.11431181523288396,0.0761003488582288
131,0.18904187451017665,0.11351240014142179,0.07552947409133962
132,0.18865984303097352,0.1132723312322975,0.07538751108532256
133,0.18763264073125013,0.11278216775955884,0.074850474015301
134,0.186849019893095,0.11167610011307906,0.07517291951581095
135,0.1863866811948465,0.11147964603089272,0.07490703488653856
136,0.185629037677819,0.11040176316461664,0.07522727424899738
137,0.1854841873472464,0.11143050723253413,0.07405367995618928
138,0.18387701193280254,0.10987337786994927,0.07400363422137626
139,0.18368932573085137,0.10957484842931971,0.07411447677312168
140,0.1828407493571863,0.10896831270016677,0.07387243667022979
141,0.18230948993500243,0.10837125717431095,0.07393823298526571
142,0.18093899024505142,0.10792088661844848,0.07301810379833618
143,0.1808278536331569,0.10736628991703615,0.07346156411242823
144,0.18088606116196787,0.10723126177669418,0.07365479941169421
145,0.17976446079869643,0.1074371502226126,0.07232730999483285
146,0.17821494489908218,0.10581905170218318,0.07239589315726824
147,0.17896955999288153,0.10606953097467726,0.07290002928240925
148,0.17769258738832272,0.10504285235565605,0.07264973455709768
149,0.176682008126526,0.1050340195338354,0.07164798910789033
150,0.1775558056138086,0.10536572915759493,0.0721900757957012
151,0.17578466263011838,0.10395905563066192,0.07182560698624621
152,0.17633097180238005,0.10463029724803377,0.07170067451471555
153,0.17514946623474148,0.10327930658632982,0.07187015963520141
154,0.1753124898524149,0.10373407446429239,0.07157841511070728
155,0.1746335986552509,0.10290986595424355,0.07172373255569461
156,0.17339347096833777,0.10231030383642684,0.07108316718475192
157,0.1731596993850478,0.10214580119924342,0.07101389805370188
158,0.17220093404993098,0.1014188272310487,0.07078210697740528
159,0.17212918929174437,0.10159247920762562,0.07053671030869298
160,0.1721207928044576,0.10115201602168117,0.07096877686203794
161,0.1705898123112976,0.10019590806031058,0.07039390422456654
162,0.17048180425632084,0.09989801934319185,0.07058378459608301
163,0.17041771948760284,0.10034260748231665,0.07007511180713244
164,0.16950860963011463,0.0997356284171977,0.06977298065808647
165,0.16951224165605316,0.09898347703489006,0.07052876405312238
166,0.1692403018051851,0.09920607660467742,0.07003422521371791
167,0.16860489674071047,0.09900574288363997,0.06959915383065
168,0.16801562937016182,0.09837822151099536,0.06963740752891023
169,0.16716204916543148,0.09736674775679906,0.06979530151431443
170,0.16688074879612483,0.09845050891980212,0.06843023958569723
171,0.16613575113369217,0.09720027066291646,0.06893548057645771
172,0.166271872765629,0.09718869980556745,0.06908317311858454
173,0.1654892941633015,0.09662238883633986,0.06886690581574086
174,0.16488066273378144,0.09596064916633545,0.0689200138184407
175,0.16490171638363643,0.09574025000135104,0.06916146673896212
176,0.1646165538658487,0.0959794283283095,0.06863712520728298
177,0.1640945128198211,0.09556736556667808,0.06852714733240452
178,0.16403009990851083,0.09510881530371963,0.06892128430095547
179,0.16394306497370942,0.09489431612669154,0.06904874870170516
180,0.16334922606429308,0.09468972947157867,0.06865949657950418
181,0.16190859358361426,0.09352420085499473,0.06838439293998352
182,0.16242967963430052,0.09435798354605411,0.06807169623355916
183,0.16148161037382505,0.0936169667129821,0.06786464327774572
184,0.16066450630942136,0.0929934321407308,0.06767107453857753
185,0.16120275136426832,0.09353189046184222,0.06767086125910282
186,0.1606221763905904,0.0927333524516711,0.06788882413707303
187,0.15984711616385913,0.0925830638577752,0.06726405234571467
188,0.16038041974001743,0.09288236239911817,0.06749805691817128
189,0.15899267010654963,0.0922529382221665,0.0667397317126499
190,0.15892651603154256,0.09161099379367017,0.0673155220793494
191,0.15873321351852823,0.0916946901021697,0.06703852362772252
192,0.15895028153421187,0.09169765847160462,0.0672526228644535
193,0.15951754480388994,0.09177369082756076,0.06774385392348817
194,0.15800655432415348,0.0908549853884582,0.06715156877717228
195,0.15789142758288283,0.09087490678784695,0.06701652047798988
196,0.15751795132532187,0.09084246933777282,0.06667548198754905
197,0.15700711109114032,0.09022479916506625,0.06678231203175605
198,0.157011571505391,0.09004393045572524,0.0669676411949785
199,0.15727907144431527,0.09032919006884521,0.06694988119052657
200,0.15608613462524212,0.08993444026361966,0.0661516944540942
201,0.15629074600994164,0.08939541939725267,0.06689532624280199
202,0.15574785675985595,0.08914722364845006,0.06660063292646239
203,0.1555140678447189,0.08896321407023897,0.06655085388016194
204,0.15469451555123565,0.08886633224204077,0.06582818324314364
205,0.1542164039738635,0.08831174605598686,0.06590465786503562
206,0.1549002361741472,0.08864519753037615,0.06625503873624278
207,0.15372107672036117,0.08805446593579672,0.06566661040146723
208,0.15369960533600327,0.08759543059248451,0.06610417484920075
209,0.15382517366967302,0.08788923425137574,0.06593594010523025
210,0.15273563600812398,0.0871653640312506,0.06557027228070912
211,0.15281902501980463,0.08732891645520291,0.06549010840607873
212,0.15285052319473408,0.08734100769069178,0.06550951471142735
213,0.15288779150086937,0.0873433400394646,0.06554445183129175
214,0.15223316356856773,0.0865826370551231,0.06565052601145514
215,0.15276239838794614,0.08701981778474564,0.06574258088061573
216,0.15215447357466036,0.08623832738991324,0.06591614589412162
217,0.15153998717771355,0.08627884628924917,0.06526114099414636
218,0.15277459932134507,0.08718099096354018,0.06559360813323065
219,0.15103892437743802,0.0860531027329729,0.06498582167088562
220,0.15131194810283946,0.08612500345136256,0.06518694440048214
221,0.1504661201215382,0.08601324445178322,0.06445287576222673
222,0.15166126619628134,0.08599860070550695,0.06566266553040515
223,0.15066636905919575,0.0852005807220513,0.06546578877308268
224,0.15077051668302388,0.08566604541442918,0.06510447125538443
225,0.149998610165525,0.08532252625053656,0.06467608386214743
226,0.14996898272041734,0.08476041349853185,0.06520856935398799
227,0.14923267515627206,0.08487996358609369,0.06435271220427033
228,0.15004496556435917,0.08454534437850858,0.06549962125190184
229,0.14982817890056482,0.08492452429330095,0.0649036538939104
230,0.1487307089070479,0.08428747249199144,0.06444323665284096
231,0.14939388450472912,0.08425582280871294,0.06513806175546231
232,0.1491934410593611,0.08437397978301589,0.06481946114424272
233,0.14973294874983475,0.08390932649056962,0.06582362225926514
234,0.14808971580144362,0.08340931805313057,0.06468039797288729
235,0.1485139511736995,0.08382697229055648,0.064686978988825
236,0.14820878012171873,0.08372393179130047,0.06448484800016203
237,0.14736160741630175,0.08277313087584702,0.0645884772538082
238,0.14764156271802617,0.08283994069441836,0.06480162231423331
239,0.14719878662879585,0.0832149864616969,0.06398380041809369
240,0.14710847013596948,0.0825325978774551,0.06457587245666811
241,0.14695432993537144,0.08266411843240684,0.06429021129160063
242,0.14830582654962304,0.08344470247203577,0.06486112360201829
243,0.14652991530003276,0.08262971154552826,0.0639002043357555
244,0.14666264736694648,0.0823695349725003,0.06429311281717415
245,0.1475151183334648,0.08290711523476221,0.06460800356106132
246,0.14723745390033047,0.08319213365515073,0.0640453207207487
247,0.1464602662686338,0.08224338631257944,0.0642168801542081
248,0.1465714431717886,0.08247321648589263,0.06409822683120873
249,0.14662658325429503,0.0824314296404098,0.06419515362709549
250,0.14624109983127168,0.08169587963122002,0.06454522022647215
251,0.14659653860309446,0.0823949229315663,0.06420161575078964
252,0.1459172770962225,0.0822803575466288,0.06363691956280394
253,0.1460209014092354,0.08236568764591894,0.0636552143313572
254,0.1464994636674722,0.08273193808206429,0.06376752573072064
255,0.14532689816245797,0.08173878575470431,0.06358811223602041
256,0.14562951942496266,0.0815502755502437,0.0640792440200317
257,0.14549574018158812,0.08120020818467258,0.06429553212901802
258,0.14460543617077753,0.08101237036869036,0.06359306498305171
259,0.14425550131721698,0.08055942989093193,0.06369607146591583
260,0.1447851540032008,0.08127826771943282,0.06350688645550122
261,0.14471267826908024,0.08083823357596465,0.06387444466669509
262,0.1459283824243867,0.08224665110679806,0.06368173137042962
263,0.1445476771299298,0.0809351530005323,0.06361252397087448
264,0.14643011670163336,0.08224692330398459,0.06418319375432552
265,0.1435785156985124,0.08001485305792051,0.06356366338036584
266,0.14402157821236772,0.08024143953378318,0.06378013912773302
267,0.14529493313731875,0.08170731908621941,0.06358761353589965
268,0.143696933482767,0.0805264783243761,0.06317045488097567
269,0.1431693104194834,0.07998512891378809,0.0631841815321158
270,0.14395688011819588,0.08041834166762254,0.0635385384109426
271,0.1428146296517646,0.07969373504215098,0.06312089470208537
272,0.14287402882432262,0.07981697950802796,0.06305704895961792
273,0.1436028926507801,0.08019482862230734,0.06340806426625725
274,0.1434314228752826,0.08054232420333733,0.06288909901541176
275,0.1428583856434264,0.07955763808695983,0.06330074758288708
276,0.14387083471032744,0.08046599147273294,0.06340484354803537
277,0.14238639749216694,0.07927766300949222,0.06310873452230548
278,0.14190447515418345,0.07852340645506872,0.06338106863306346
279,0.1424398715508745,0.07920234479961243,0.06323752677768257
280,0.1421257086785127,0.07906741411127943,0.06305829399919256
281,0.14338127280592072,0.08003466917162246,0.06334660372677002
282,0.18674982505592894,0.11180409606783948,0.07494572834078725
283,0.2060087616720521,0.12776922301144888,0.07823953895122869
284,0.14519950427801898,0.08077585469957785,0.06442364993511784
285,0.14357286440670913,0.07981710933835794,0.0637557550683512
286,0.14383868360561683,0.08018578742201446,0.0636528962760741
287,0.1429159291194263,0.07966810472785159,0.06324782449725672
288,0.14326483645337693,0.07986635437354128,0.06339848226477914
289,0.1415136157937929,0.07845462261573642,0.06305899311200525
290,0.14262057153891164,0.07963948757618877,0.06298108433260985
291,0.14218287825161682,0.07898601099637383,0.06319686751944799
292,0.14168205804435918,0.0787470613388305,0.06293499678479018
293,0.14249292806002264,0.07893677446859103,0.06355615405379035
294,0.14149909802045382,0.0785948449468359,0.06290425284904369
295,0.1413147987678964,0.0785727044897722,0.06274209402712948
296,0.14071379245278684,0.07782105924495568,0.0628927332738824
297,0.14131517301425867,0.07807693671408697,0.06323823620769994
298,0.1415383869927403,0.07829244495600673,0.06324594203673356
299,0.1412725863674431,0.07820852174826548,0.06306406428892139
300,0.1399855874743022,0.07731610827200802,0.06266947942686842
301,0.14155327092776906,0.07821440556687666,0.06333886503063618
302,0.14123232271654387,0.07844659995208396,0.06278572243420368
303,0.1404388409821277,0.07757071536430653,0.06286812518188294
304,0.14099183652206515,0.07794122297501734,0.06305061370557082
305,0.13946001871046446,0.07691817083362992,0.06254184778436278
306,0.14071483233719007,0.07752395030243177,0.06319088215365055
307,0.1402092717112379,0.07774984123224908,0.06245943087529629
308,0.13957522373567235,0.07755192821013167,0.06202329576332519
309,0.14000009837831165,0.07761469639256491,0.06238540195932625
310,0.14020178078653964,0.07749274909390626,0.06270903171905388
311,0.1400272678187553,0.07763111033866592,0.06239615737440738
312,0.14004374871439967,0.0771354393544772,0.06290830984209658
313,0.14031160717948954,0.07739179109797832,0.0629198164249777
314,0.13995364709948818,0.07726518157209065,0.06268846555381802
315,0.13861061172916533,0.07638276348564219,0.062227848388835896
316,0.14000782470965217,0.07758519674340884,0.062422627622776845
317,0.14137986143852802,0.07829851204040625,0.06308134867155805
318,0.13941688936018776,0.07702558739969494,0.06239130237001054
319,0.14087445405146753,0.07821431667510922,0.06266013734993782
320,0.14033319793166,0.07735054044330374,0.06298265760724849
321,0.1451114737659904,0.08131672978295502,0.06379474418118913
322,0.14138770343881127,0.07783308963403635,0.06355461354056995
323,0.14297973021125118,0.07930341847769334,0.06367631154861433
324,0.14001832912999687,0.077381418383819,0.06263691097075212
325,0.14089656872212464,0.07740441170778681,0.06349215682939435
326,0.14101263362887903,0.07738502759565698,0.06362760565012482
327,0.14052047205309495,0.07725047284459814,0.06326999927454806
328,0.1380418302055369,0.07562645359612102,0.062415376609415874
329,0.13917065882090981,0.0764562717064264,0.06271438711448342
330,0.14094940477863271,0.07784394880241537,0.0631054559630071
331,0.13998635210995133,0.07738822689345966,0.06259812525612243
332,0.13915606820625617,0.07640260788248786,0.06275346025771705
333,0.13955891552440663,0.07653025881195745,0.06302865665960819
334,0.13861373193720553,0.07579942743776115,0.06281430477685962
335,0.140610702732142,0.07756712209723943,0.06304358092552804
336,0.1386788011072798,0.07619608552954721,0.062482715392789094
337,0.13898276669759277,0.07679684151043283,0.062185925187159936
338,0.13994399846551267,0.07705387622382201,0.06289012205674716
339,0.13896795121807579,0.07624219922045021,0.06272575193157433
340,0.14137245450459474,0.07785925915108081,0.0635131948647347
341,0.1471721313312544,0.08355187696028263,0.0636202540010848
342,0.1416560061645846,0.07822402754256912,0.06343197895227172
343,0.14047768524458223,0.07720281527186117,0.0632748700916133
344,0.14038778696182772,0.07767688496210051,0.06271090172231197
345,0.13922305241332833,0.0770738301996855,0.0621492225835298
346,0.1401377460318254,0.07696213382989803,0.06317561225476839
347,0.1406597044873745,0.07769152166731391,0.06296818311068605
348,0.13938860965113267,0.07632679513371582,0.06306181414752987
349,0.13863801269243795,0.0767337682240821,0.06190424474577109
350,0.13792972810936313,0.07573406404901481,0.062195664060348314
351,0.1382084992179211,0.07569746938633158,0.06251103013542526
352,0.13933389300995686,0.07650049415199046,0.06283339892401762
353,0.13784379747214046,0.0756417109584766,0.06220208650045361
354,0.1376090133232428,0.07584969433856771,0.06175931899788532
355,0.13858089281629163,0.07615678544744109,0.06242410703859431
356,0.13710527832732133,0.07538987389693023,0.06171540411334511
357,0.13837065568841095,0.07629599124985806,0.06207466450460414
358,0.1384291815313887,0.07604979100168174,0.06237939055612747
359,0.13840502048743533,0.07578913781606982,0.06261588289593974
360,0.13814036416035172,0.07610065611541694,0.06203970809777578
361,0.13846601405782058,0.07619932732472183,0.062266686984093475
362,0.14028985505091382,0.07722837575678285,0.06306147967722822
363,0.13812839530461224,0.07601574871768342,0.062112646586928805
364,0.13825761650999388,0.07545585939594616,0.06280175732541168
365,0.1378069723962892,0.07585014996006556,0.061956822667403
366,0.1377416598670026,0.07547988749195075,0.06226177237505186
367,0.1381334919773095,0.0756635391252472,0.062469952733170055
368,0.13757206378042275,0.07529625658553543,0.062275806983523335
369,0.14015817023972246,0.07730887824973316,0.06284929180504582
370,0.14215734019769843,0.07896085514138776,0.0631964854922489
371,0.13919991460886408,0.07697873608810259,0.062221178626443475
372,0.14225279473772284,0.07877417435829943,0.06347862043226442
373,0.14415081223169118,0.08017225597872801,0.06397855627938365
374,0.14311613147774488,0.08016759723900481,0.06294853447652454
375,0.13868074985683387,0.07566159863209894,0.06301915154178092
376,0.13916131801216314,0.07589697103339729,0.06326434734865283
377,0.1380855048220631,0.07528166186249426,0.0628038429463586
378,0.13761058885683405,0.07532728582303574,0.062283303027193176
379,0.13940366732736006,0.0765272946698023,0.06287637241977326
380,0.13817180886019206,0.07552901570889967,0.06264279336265638
381,0.13640445859191266,0.07445663007649969,0.06194782819836698
382,0.13726673259380015,0.07513766852042354,0.06212906406016637
383,0.16346300731525354,0.09588607733554029,0.067576930125026
384,0.13633272992380968,0.07374210708530236,0.06259062266677407
385,0.13834882649124092,0.07568735033537902,0.0626614761294414
386,0.13465640374214938,0.07331235079319341,0.06134405330563268
387,0.14897678803044853,0.08442265466384008,0.06455413381575692
388,0.15105067037627207,0.0868789977162865,0.0641716728052983
389,0.15428019558072936,0.08925388456183544,0.06502631133593989
390,0.1399492105165272,0.07720048704468613,0.06274872360394355
391,0.17570729825830628,0.1075949081556594,0.06811239001017513
392,0.1499821736034772,0.08480834967542625,0.06517382398089196
393,0.1396264872441055,0.07657805472242495,0.06304843246883957
394,0.15447139779620983,0.0885727207526459,0.06589867699072294
395,0.138398455284166,0.07582252878193738,0.06257592656827987
396,0.13763244967934088,0.07479668703220838,0.06283576218477378
397,0.19711335560848528,0.1260386533665319,0.07107470238726613
398,0.14788768474831648,0.08303897074879484,0.0648487139863114
399,0.14567569918032233,0.08106348190641573,0.06461221724748611
400,0.16164042354158475,0.09549509184368958,0.0661453321074129
401,0.19993451153132932,0.12814749452344915,0.07178701680972643
402,0.17021022750236464,0.1032080702642177,0.06700215783260816
403,0.16208181279242462,0.09410011842318461,0.06798169428997851
404,0.14512937862082576,0.08080613149448912,0.06432324716596739
405,0.1492775870711668,0.08413085337490478,0.06514673336600581
406,0.15630870111656528,0.08914737456233789,0.06716132677880161
407,0.1579546517302804,0.09033571669818662,0.06761893545482175
408,0.9361742283646942,0.8147139075271627,0.12146031867105064
409,0.9229113799883119,0.8474384288415842,0.07547294998422582
410,0.9243719097993053,0.8517284532810779,0.0726434570466373
411,0.9152695137135526,0.8432071815568505,0.07206233168113316
412,0.9188270621688653,0.848380280301926,0.07044678293696954
413,0.9260579842202207,0.8560709587648405,0.06998702546859041
414,0.9151956817359789,0.8475223253382013,0.06767335621283409
415,0.9169498265635038,0.8506160247410443,0.06633380335484836
416,0.9165121822069723,0.8501495951456381,0.06636258674428817
417,0.9184494978147195,0.8527078554562643,0.06574164050902036
418,0.9170716584574247,0.8508471168102102,0.06622454122448644
419,0.9184713082533356,0.8542875867363409,0.0641837210282155
420,0.9136058345754096,0.8496157442424315,0.06399009009519367
421,0.9131065917775986,0.8493056149347454,0.0638009767900122
422,0.9153046402948123,0.8522930067058996,0.0630116343815276
423,0.9141049220206889,0.8515469983537146,0.06255792477663527
424,0.9119142856158263,0.8483487877017217,0.06356549977674975
425,0.9084511821997081,0.8468984027280875,0.06155278034349705
426,0.9127518357114589,0.8518269696134202,0.060924865014798255
427,0.9128180699990996,0.8510826120139859,0.06173545818987256
428,0.9091535284586832,0.8478830363733548,0.06127049289115354
429,0.9130215137562854,0.8519942642103696,0.06102725041779221
430,0.9103909115842048,0.8493731013426544,0.0610178106378579
431,0.9117938620401612,0.8506134923890973,0.061180371223083625
432,0.908278781048795,0.847246786381336,0.061031995446863746
433,0.9085522657590555,0.8480505636820557,0.06050170179958462
434,0.9096928585505655,0.8487020557653819,0.06099080348532673
435,0.9135011565600727,0.8547720266572127,0.05872913008780344
436,0.9098652324355241,0.8496686562578729,0.060196576772112376
437,0.9124559722048171,0.8524539326945095,0.06000203700036022
438,0.9095301006702666,0.8457272925698165,0.06380280654164071
439,0.916776033369362,0.8433633626352811,0.07341267072087061
440,0.9187915172982724,0.84172999795447,0.07706151803598758
441,0.9072748031599301,0.8390411948058623,0.06823361011103113
442,0.9069673657840025,0.8389672808190609,0.06800008673511498
443,0.9079949836781684,0.8420076649239723,0.06598731657450503
444,0.9375068446000417,0.8408202695931103,0.096686572972553
445,0.9137513062632676,0.8401360412438711,0.07361526227166466
446,0.9177525244283338,0.8395286084066892,0.07822391511013745
447,0.9653829101552355,0.8412071098672583,0.12417580209778133
448,0.9158673797938841,0.8372938973261109,0.07857348480598723
449,0.9095572317745668,0.8369937346759417,0.07256349621353843
450,0.9120027539155162,0.8362701281588129,0.07573262661536957
451,0.9434744049894049,0.8383572594071111,0.1051171463616985
452,1.0584951011424368,0.8417583152334741,0.21673678707146476
453,1.057413119373592,0.8404112054523847,0.21700191492518633
454,1.0680642159695322,0.8518934850151657,0.21617072804811152
455,1.0656281073465415,0.8492084790206125,0.21641962790320105
456,1.05604531853757,0.8393793072260863,0.21666601078307374
457,1.060490681135908,0.8435587754063573,0.21693190705057577
458,1.0597571476976921,0.8438910193054389,0.2158661298718013
459,1.0556389900809484,0.8391821507021044,0.21645683668395307
460,1.0567434599213565,0.8409065559823462,0.21583690668674224
461,1.0544182068489967,0.8382243070196598,0.21619390041058792
462,1.0577975074027448,0.8422760690780396,0.21552143541845023
463,1.0558233721881893,0.8398587879136945,0.21596458686370376
464,1.0559917834210903,0.8397204964718921,0.21627128583953736
465,1.0538322720544557,0.837790846190554,0.2160414235917389
466,1.056340849568658,0.8403702401523049,0.21597061216408478
467,1.0556647443602272,0.839567594283016,0.21609715071130306
468,1.059408442348453,0.8435024187919942,0.2159060204388402
469,1.0535930669899527,0.837439680564488,0.2161533830436409
470,1.0566652391819245,0.8410017126840903,0.2156635231688513
471,1.0551722582350387,0.8389722081363624,0.21620005110265517
472,1.0549105350852859,0.8392218027977233,0.21568873773018518
473,1.0677210809068476,0.8520081694244493,0.21571291185228536
474,1.0668086033340887,0.8504885688741156,0.21632003419576806
475,1.0630448644465589,0.8469165614310731,0.21612830391378268
476,1.052962413493623,0.8367407002770308,0.2162217139035252
477,1.0548475864508473,0.8386045941647063,0.2162429911236391
478,1.0519374325765785,0.8361375790538518,0.21579985341704483
479,1.0614392539710864,0.8451132193102059,0.21632604147736909
480,1.0566089886722836,0.8401264687801929,0.21648251941652163
481,1.0563851134151432,0.8399237633174192,0.2164613534267067
482,1.057617575141555,0.8417576988960834,0.2158598746074007
483,1.0553385615348816,0.8388956508315202,0.21644291408518526
484,1.0532239838272122,0.8369817025695286,0.21624228263154943
485,1.0535955257872318,0.83762415546052,0.21597137381421758
486,1.057144485889597,0.8412792946852691,0.21586519474467486
487,1.0518132923765386,0.8355853572382149,0.21622793460991366
488,1.0611589578449303,0.8454141931753631,0.21574476398263417
489,1.0573897579460279,0.8418040539778716,0.21558570491929427
490,1.0534675015625379,0.8375287865493315,0.21593871628139036
491,1.0567071467426652,0.8414936463038126,0.21521350149567245
492,1.0526693091324881,0.8369195748728218,0.21574973087784247
493,1.0552258335106761,0.8397235521610747,0.21550227823198265
494,1.0555024301329403,0.8398770248213558,0.21562540726670137
495,1.0538955652121957,0.8378491997718811,0.2160463644891766
496,1.0541522826286072,0.8384199930843732,0.2157322883817321
497,1.0534039972521734,0.8371320267518362,0.2162719674355595
498,1.051743061618602,0.8355206553394913,0.2162224065961567
499,1.0501951366028888,0.8346769034017062,0.21551823203868054
500,1.0480602254681552,0.8320815508247267,0.2159786764928635
