,total_loss,feature_loss
0,0.1525640159686265,0.1525640159686265
1,0.1487399022827369,0.1487399022827369
2,0.14700379233237262,0.14700379233237262
3,0.14451226541686313,0.14451226541686313
4,0.14344917943044913,0.14344917943044913
5,0.14077540102590447,0.14077540102590447
6,0.13892597869515844,0.13892597869515844
7,0.13731966515028604,0.13731966515028604
8,0.13558872510742037,0.13558872510742037
9,0.13460831919492777,0.13460831919492777
10,0.13328521627124093,0.13328521627124093
11,0.13148026855072517,0.13148026855072517
12,0.13046482552731165,0.13046482552731165
13,0.12973387388253976,0.12973387388253976
14,0.12804904002099698,0.12804904002099698
15,0.12647570234812874,0.12647570234812874
16,0.12568406222447806,0.12568406222447806
17,0.12454850149748588,0.12454850149748588
18,0.12362409855017034,0.12362409855017034
19,0.1226671758601674,0.1226671758601674
20,0.12141132659653328,0.12141132659653328
21,0.12074843605854334,0.12074843605854334
22,0.11969956949194131,0.11969956949194131
23,0.11915758978641755,0.11915758978641755
24,0.11818227779080435,0.11818227779080435
25,0.117399905924271,0.117399905924271
26,0.11709342459448716,0.11709342459448716
27,0.1155376318457712,0.1155376318457712
28,0.11540175748995615,0.11540175748995615
29,0.11450003050400269,0.11450003050400269
30,0.11417196542554903,0.11417196542554903
31,0.11316259417457512,0.11316259417457512
32,0.11318102733520426,0.11318102733520426
33,0.1121846849755036,0.1121846849755036
34,0.11171141343714928,0.11171141343714928
35,0.11142225293078033,0.11142225293078033
36,0.11075931437499158,0.11075931437499158
37,0.1103642284074712,0.1103642284074712
38,0.11006388264406618,0.11006388264406618
39,0.10916171782381594,0.10916171782381594
40,0.10870234358034948,0.10870234358034948
41,0.10847730995603304,0.10847730995603304
42,0.10861415572437952,0.10861415572437952
43,0.10739887235321609,0.10739887235321609
44,0.10685368372770392,0.10685368372770392
45,0.10670966681530467,0.10670966681530467
46,0.10682308416667782,0.10682308416667782
47,0.10605293281668021,0.10605293281668021
48,0.10635656205890866,0.10635656205890866
49,0.10613892802776391,0.10613892802776391
50,0.10563331203422513,0.10563331203422513
51,0.1048141977487934,0.1048141977487934
52,0.10471780110296405,0.10471780110296405
53,0.10422507392448038,0.10422507392448038
54,0.10399907069061999,0.10399907069061999
55,0.10394933411447178,0.10394933411447178
56,0.10332296263704945,0.10332296263704945
57,0.10313892942518527,0.10313892942518527
58,0.10282196160207015,0.10282196160207015
59,0.10262671166043265,0.10262671166043265
60,0.10240325631302022,0.10240325631302022
61,0.10185345776670768,0.10185345776670768
62,0.10228620018823291,0.10228620018823291
63,0.10170439071290434,0.10170439071290434
64,0.10195730698172308,0.10195730698172308
65,0.10140107542912731,0.10140107542912731
66,0.10086858747162429,0.10086858747162429
67,0.10036103414152865,0.10036103414152865
68,0.10040906609907693,0.10040906609907693
69,0.10047030210282878,0.10047030210282878
70,0.10036487572451927,0.10036487572451927
71,0.10000007090513392,0.10000007090513392
72,0.09977733601030506,0.09977733601030506
73,0.09953038227409655,0.09953038227409655
74,0.09972994000355968,0.09972994000355968
75,0.09896276909791701,0.09896276909791701
76,0.09897722611435791,0.09897722611435791
77,0.0986446612299125,0.0986446612299125
78,0.09862713186978446,0.09862713186978446
79,0.0984364923262087,0.0984364923262087
80,0.09812368850266806,0.09812368850266806
81,0.09803265471051172,0.09803265471051172
82,0.09808224442272424,0.09808224442272424
83,0.09822708543297234,0.09822708543297234
84,0.09806941812891129,0.09806941812891129
85,0.0970632830548541,0.0970632830548541
86,0.09720093523586348,0.09720093523586348
87,0.09685468087735125,0.09685468087735125
88,0.09680679925714099,0.09680679925714099
89,0.09714577002351395,0.09714577002351395
90,0.0968096647875589,0.0968096647875589
91,0.09691343048183094,0.09691343048183094
92,0.09643996703136858,0.09643996703136858
93,0.09702709569095293,0.09702709569095293
94,0.096482683357607,0.096482683357607
95,0.09590517299985546,0.09590517299985546
96,0.09598201523896215,0.09598201523896215
97,0.0956271739669966,0.0956271739669966
98,0.09567180342203357,0.09567180342203357
99,0.09584465294121848,0.09584465294121848
100,0.09590137307117842,0.09590137307117842
101,0.09579284062271017,0.09579284062271017
102,0.09519882561155062,0.09519882561155062
103,0.09547262781985714,0.09547262781985714
104,0.09505576457417309,0.09505576457417309
105,0.09479245527571206,0.09479245527571206
106,0.09471578514236573,0.09471578514236573
107,0.09482705009789653,0.09482705009789653
108,0.09427905000507619,0.09427905000507619
109,0.09452788250726313,0.09452788250726313
110,0.09431883560168786,0.09431883560168786
111,0.09420884180535626,0.09420884180535626
112,0.09437349658737827,0.09437349658737827
113,0.09411856179453724,0.09411856179453724
114,0.0938518267668439,0.0938518267668439
115,0.09386071695339637,0.09386071695339637
116,0.09376943164448721,0.09376943164448721
117,0.0940628218534154,0.0940628218534154
118,0.09403666779664063,0.09403666779664063
119,0.0933904518966573,0.0933904518966573
120,0.09350587761699093,0.09350587761699093
121,0.09286398453856702,0.09286398453856702
122,0.09368535756958761,0.09368535756958761
123,0.0931268560557603,0.0931268560557603
124,0.0930129429888895,0.0930129429888895
125,0.09274232300044803,0.09274232300044803
126,0.09328543421318522,0.09328543421318522
127,0.09274411490485338,0.09274411490485338
128,0.0927055757559067,0.0927055757559067
129,0.0922721216581046,0.0922721216581046
130,0.0917512465043,0.0917512465043
131,0.09252042930533454,0.09252042930533454
132,0.09269378949420733,0.09269378949420733
133,0.09212376678435404,0.09212376678435404
134,0.09221793178243569,0.09221793178243569
135,0.09209618332971457,0.09209618332971457
136,0.09204411994520031,0.09204411994520031
137,0.0926042330381709,0.0926042330381709
138,0.09174155176110114,0.09174155176110114
139,0.09190292407185158,0.09190292407185158
140,0.09211761326764402,0.09211761326764402
141,0.09200054449542985,0.09200054449542985
142,0.0915476817942599,0.0915476817942599
143,0.09125580291306845,0.09125580291306845
144,0.09126118297466604,0.09126118297466604
145,0.0912517529524518,0.0912517529524518
146,0.0914754235712659,0.0914754235712659
147,0.09107018161392721,0.09107018161392721
148,0.09117222245901929,0.09117222245901929
149,0.09095975512711603,0.09095975512711603
150,0.09104229019311823,0.09104229019311823
151,0.09106046624243047,0.09106046624243047
152,0.0904240738931924,0.0904240738931924
153,0.09037855296690693,0.09037855296690693
154,0.0908911239581176,0.0908911239581176
155,0.09079987895128142,0.09079987895128142
156,0.09084069028867946,0.09084069028867946
157,0.09074398315780104,0.09074398315780104
158,0.09034481440468616,0.09034481440468616
159,0.09057531420976667,0.09057531420976667
160,0.0907865508171163,0.0907865508171163
161,0.09055157992127102,0.09055157992127102
162,0.09033383269963316,0.09033383269963316
163,0.0900718278626106,0.0900718278626106
164,0.09007172623244893,0.09007172623244893
165,0.09043093383630399,0.09043093383630399
166,0.09037852069873402,0.09037852069873402
167,0.09047456798922549,0.09047456798922549
168,0.08975768776020546,0.08975768776020546
169,0.08970803202683392,0.08970803202683392
170,0.09024907515990777,0.09024907515990777
171,0.08969764612959798,0.08969764612959798
172,0.09026233790926237,0.09026233790926237
173,0.08936685289246332,0.08936685289246332
174,0.08916093594663084,0.08916093594663084
175,0.08932430819472384,0.08932430819472384
176,0.08978939679487745,0.08978939679487745
177,0.08969313616854441,0.08969313616854441
178,0.08943875518451806,0.08943875518451806
179,0.0891778339164537,0.0891778339164537
180,0.08920320070405023,0.08920320070405023
181,0.08912908018059577,0.08912908018059577
182,0.0892187706940539,0.0892187706940539
183,0.08918257081529848,0.08918257081529848
184,0.08930758983427095,0.08930758983427095
185,0.08888722799744894,0.08888722799744894
186,0.0889746763899233,0.0889746763899233
187,0.0890236450524941,0.0890236450524941
188,0.08923171548126431,0.08923171548126431
189,0.0889292524537582,0.0889292524537582
190,0.08848688160185288,0.08848688160185288
191,0.08905878159287137,0.08905878159287137
192,0.08855280823660915,0.08855280823660915
193,0.08904974894379382,0.08904974894379382
194,0.08847430695736536,0.08847430695736536
195,0.08835836963933558,0.08835836963933558
196,0.08856245644682242,0.08856245644682242
197,0.08833733871844315,0.08833733871844315
198,0.08855304943921304,0.08855304943921304
199,0.0881787515991099,0.0881787515991099
200,0.0883913366554895,0.0883913366554895
201,0.08809152990579605,0.08809152990579605
202,0.08809922426090545,0.08809922426090545
203,0.08807713617951844,0.08807713617951844
204,0.08826133948203932,0.08826133948203932
205,0.08804918173369139,0.08804918173369139
206,0.0883252331688735,0.0883252331688735
207,0.08832832396666775,0.08832832396666775
208,0.08787927073940263,0.08787927073940263
209,0.08811889061193874,0.08811889061193874
210,0.08744997663748222,0.08744997663748222
211,0.087852433111744,0.087852433111744
212,0.08769372696872284,0.08769372696872284
213,0.08737231433073397,0.08737231433073397
214,0.08752698674002576,0.08752698674002576
215,0.08734426069408124,0.08734426069408124
216,0.08781094318819216,0.08781094318819216
217,0.08740361315924078,0.08740361315924078
218,0.08749111961851765,0.08749111961851765
219,0.08738541542104979,0.08738541542104979
220,0.08753876600189141,0.08753876600189141
221,0.08772470995624719,0.08772470995624719
222,0.08746927297836521,0.08746927297836521
223,0.08722244126198554,0.08722244126198554
224,0.08733730625321433,0.08733730625321433
225,0.08729972321792005,0.08729972321792005
226,0.08738627807101321,0.08738627807101321
227,0.08715402634542607,0.08715402634542607
228,0.08750899122809176,0.08750899122809176
229,0.08722086181844256,0.08722086181844256
230,0.08664564902353966,0.08664564902353966
231,0.0873724423163302,0.0873724423163302
232,0.08688595114123354,0.08688595114123354
233,0.08718312892307166,0.08718312892307166
234,0.0865674612520004,0.0865674612520004
235,0.08675209902147381,0.08675209902147381
236,0.0870405809682035,0.0870405809682035
237,0.08729657178141469,0.08729657178141469
238,0.086799152009852,0.086799152009852
239,0.08646063278578354,0.08646063278578354
240,0.08659509245929345,0.08659509245929345
241,0.08660961899681023,0.08660961899681023
242,0.0870394667219437,0.0870394667219437
243,0.08637480472224462,0.08637480472224462
244,0.0864830045460382,0.0864830045460382
245,0.08673197943120664,0.08673197943120664
246,0.08641153706562477,0.08641153706562477
247,0.08691151456052298,0.08691151456052298
248,0.0862357393437433,0.0862357393437433
249,0.08631129387858924,0.08631129387858924
250,0.08611521994516094,0.08611521994516094
251,0.08612021459167114,0.08612021459167114
252,0.08648322220374681,0.08648322220374681
253,0.08624029093259594,0.08624029093259594
254,0.08614761809225184,0.08614761809225184
255,0.08591512296335553,0.08591512296335553
256,0.08605996564401851,0.08605996564401851
257,0.08608997652963388,0.08608997652963388
258,0.08582229214949116,0.08582229214949116
259,0.08591388721430004,0.08591388721430004
260,0.08624100263538734,0.08624100263538734
261,0.08627668224619801,0.08627668224619801
262,0.08568253068525172,0.08568253068525172
263,0.08631968328537042,0.08631968328537042
264,0.08599266842060665,0.08599266842060665
265,0.08606520207645206,0.08606520207645206
266,0.08604678254428708,0.08604678254428708
267,0.08570884199965467,0.08570884199965467
268,0.08589376084957259,0.08589376084957259
269,0.08592001539638458,0.08592001539638458
270,0.08526949960990308,0.08526949960990308
271,0.08548745908028714,0.08548745908028714
272,0.08582803259646765,0.08582803259646765
273,0.0857354715148325,0.0857354715148325
274,0.08558802542631312,0.08558802542631312
275,0.08571728809448324,0.08571728809448324
276,0.08562645088099076,0.08562645088099076
277,0.08571522974564935,0.08571522974564935
278,0.08524301682608831,0.08524301682608831
279,0.08549203587119265,0.08549203587119265
280,0.08555564438108872,0.08555564438108872
281,0.08569964549083302,0.08569964549083302
282,0.0853867058068832,0.0853867058068832
283,0.08546479743676677,0.08546479743676677
284,0.08542191568642749,0.08542191568642749
285,0.08518507008132561,0.08518507008132561
286,0.08490743901699888,0.08490743901699888
287,0.08497257071988014,0.08497257071988014
288,0.08520417725435356,0.08520417725435356
289,0.0853685302878614,0.0853685302878614
290,0.08482806278505359,0.08482806278505359
291,0.08487335332666003,0.08487335332666003
292,0.08529774444277176,0.08529774444277176
293,0.0853645021486961,0.0853645021486961
294,0.08451013176890879,0.08451013176890879
295,0.0848695926394751,0.0848695926394751
296,0.08473870632805434,0.08473870632805434
297,0.08477817568596571,0.08477817568596571
298,0.08477867885204397,0.08477867885204397
299,0.08470131300416281,0.08470131300416281
300,0.08516955484380925,0.08516955484380925
301,0.08509263939810817,0.08509263939810817
302,0.08462942365119466,0.08462942365119466
303,0.08448985926939499,0.08448985926939499
304,0.08489137083238979,0.08489137083238979
305,0.08483775821763001,0.08483775821763001
306,0.08439809988083788,0.08439809988083788
307,0.08453389848466446,0.08453389848466446
308,0.0847554955353092,0.0847554955353092
309,0.08508103176474147,0.08508103176474147
310,0.08462893079926535,0.08462893079926535
311,0.08487178907593798,0.08487178907593798
312,0.08454298299614645,0.08454298299614645
313,0.08431887899747523,0.08431887899747523
314,0.08459344988828028,0.08459344988828028
315,0.08443531020150066,0.08443531020150066
316,0.08412748251733407,0.08412748251733407
317,0.08438788126371934,0.08438788126371934
318,0.08452161483705256,0.08452161483705256
319,0.08457603896852066,0.08457603896852066
320,0.0842809817120698,0.0842809817120698
321,0.08426172615052117,0.08426172615052117
322,0.08454574416540696,0.08454574416540696
323,0.08423136084529428,0.08423136084529428
324,0.08426023688286649,0.08426023688286649
325,0.08455242190072546,0.08455242190072546
326,0.08374416157338119,0.08374416157338119
327,0.08378217992409269,0.08378217992409269
328,0.08431501169539855,0.08431501169539855
329,0.08411297058931873,0.08411297058931873
330,0.08415134086727671,0.08415134086727671
331,0.08388346507880187,0.08388346507880187
332,0.08396660962085707,0.08396660962085707
333,0.08379236850025815,0.08379236850025815
334,0.08413135851617386,0.08413135851617386
335,0.08452217166852272,0.08452217166852272
336,0.08388900764790294,0.08388900764790294
337,0.08379331048167049,0.08379331048167049
338,0.08403675507396141,0.08403675507396141
339,0.08384825769162263,0.08384825769162263
340,0.08427185549324517,0.08427185549324517
341,0.08373891030607275,0.08373891030607275
342,0.08372974947254004,0.08372974947254004
343,0.08370351687975201,0.08370351687975201
344,0.08347500375475324,0.08347500375475324
345,0.0836970725252535,0.0836970725252535
346,0.08377753065574212,0.08377753065574212
347,0.08431336106036481,0.08431336106036481
348,0.08393924786739078,0.08393924786739078
349,0.08397912756403994,0.08397912756403994
350,0.08357726496203514,0.08357726496203514
351,0.08343399705835933,0.08343399705835933
352,0.08287372798045758,0.08287372798045758
353,0.08358498707784877,0.08358498707784877
354,0.08374792477944568,0.08374792477944568
355,0.08343917611336793,0.08343917611336793
356,0.08374125958549594,0.08374125958549594
357,0.0836654629465524,0.0836654629465524
358,0.08360813522307049,0.08360813522307049
359,0.08372074280769376,0.08372074280769376
360,0.08302362435547059,0.08302362435547059
361,0.08337539824196452,0.08337539824196452
362,0.08366556152754406,0.08366556152754406
363,0.08342411278935938,0.08342411278935938
364,0.08366780033421262,0.08366780033421262
365,0.08334281457276531,0.08334281457276531
366,0.08338490025110516,0.08338490025110516
367,0.08274373096609455,0.08274373096609455
368,0.08301351834552569,0.08301351834552569
369,0.08293061088306623,0.08293061088306623
370,0.08335036084427104,0.08335036084427104
371,0.08348762853820128,0.08348762853820128
372,0.08315967779036519,0.08315967779036519
373,0.08292862995663572,0.08292862995663572
374,0.08308716765290053,0.08308716765290053
375,0.08297162733680413,0.08297162733680413
376,0.08319712774927505,0.08319712774927505
377,0.08314909664019147,0.08314909664019147
378,0.08286869382731006,0.08286869382731006
379,0.08298721522410993,0.08298721522410993
380,0.08274476346808396,0.08274476346808396
381,0.0833016072144712,0.0833016072144712
382,0.08276848590458839,0.08276848590458839
383,0.08296345108026287,0.08296345108026287
384,0.08287401213658661,0.08287401213658661
385,0.08333272496205207,0.08333272496205207
386,0.0833056654211041,0.0833056654211041
387,0.08312581023499635,0.08312581023499635
388,0.0824492532110299,0.0824492532110299
389,0.08265839771655954,0.08265839771655954
390,0.08298277205313652,0.08298277205313652
391,0.08296253776104849,0.08296253776104849
392,0.08295018228559732,0.08295018228559732
393,0.08268264840187975,0.08268264840187975
394,0.08274193057704227,0.08274193057704227
395,0.08258943522209798,0.08258943522209798
396,0.08262028265413016,0.08262028265413016
397,0.08272206096568566,0.08272206096568566
398,0.08272020383555694,0.08272020383555694
399,0.08229064639140703,0.08229064639140703
400,0.08257952534007008,0.08257952534007008
401,0.08303200466777082,0.08303200466777082
402,0.0827496771392449,0.0827496771392449
403,0.08240328867028192,0.08240328867028192
404,0.08208165028765532,0.08208165028765532
405,0.08257138137821625,0.08257138137821625
406,0.08288207936541465,0.08288207936541465
407,0.08208011183556288,0.08208011183556288
408,0.0825014096350008,0.0825014096350008
409,0.08244257707983998,0.08244257707983998
410,0.08243163083795975,0.08243163083795975
411,0.08233583600548662,0.08233583600548662
412,0.08267052174675082,0.08267052174675082
413,0.08235718182609598,0.08235718182609598
414,0.08216336539207404,0.08216336539207404
415,0.08215675076131719,0.08215675076131719
416,0.08257030260838648,0.08257030260838648
417,0.08228870587310758,0.08228870587310758
418,0.08261816484648138,0.08261816484648138
419,0.08204416228040681,0.08204416228040681
420,0.08208534262040332,0.08208534262040332
421,0.08251968736750376,0.08251968736750376
422,0.08262027876975274,0.08262027876975274
423,0.08238428579212508,0.08238428579212508
424,0.08200191457182487,0.08200191457182487
425,0.08206523215113161,0.08206523215113161
426,0.08228720093537056,0.08228720093537056
427,0.08161341621676374,0.08161341621676374
428,0.08218977870784196,0.08218977870784196
429,0.08227085637664455,0.08227085637664455
430,0.08252360910389347,0.08252360910389347
431,0.08180354149793391,0.08180354149793391
432,0.08232039771311224,0.08232039771311224
433,0.08217108212543976,0.08217108212543976
434,0.0821287196354934,0.0821287196354934
435,0.08182369326357315,0.08182369326357315
436,0.0821191267213151,0.0821191267213151
437,0.0818776276055392,0.0818776276055392
438,0.08194163948085384,0.08194163948085384
439,0.08164674470539195,0.08164674470539195
440,0.08199874887050683,0.08199874887050683
441,0.08202804123909872,0.08202804123909872
442,0.0820769987390559,0.0820769987390559
443,0.08202709814407648,0.08202709814407648
444,0.082139915949085,0.082139915949085
445,0.08164074863191177,0.08164074863191177
446,0.08180332706173968,0.08180332706173968
447,0.08187539191432695,0.08187539191432695
448,0.08164555839266217,0.08164555839266217
449,0.08122299237713695,0.08122299237713695
450,0.08235771834744253,0.08235771834744253
451,0.08194765891362764,0.08194765891362764
452,0.08212591856187773,0.08212591856187773
453,0.08199687336581457,0.08199687336581457
454,0.08176775886494918,0.08176775886494918
455,0.08174184733650439,0.08174184733650439
456,0.08156033462158725,0.08156033462158725
457,0.08128190985831077,0.08128190985831077
458,0.08161388369429579,0.08161388369429579
459,0.08177653999727391,0.08177653999727391
460,0.08187349594042395,0.08187349594042395
461,0.08115738343937966,0.08115738343937966
462,0.08150088567008328,0.08150088567008328
463,0.08163662485486672,0.08163662485486672
464,0.08130952384442197,0.08130952384442197
465,0.0813117266973991,0.0813117266973991
466,0.08177116987862197,0.08177116987862197
467,0.08176352844649787,0.08176352844649787
468,0.08134305341918273,0.08134305341918273
469,0.08110561532057901,0.08110561532057901
470,0.08124252422000165,0.08124252422000165
471,0.08142961232899772,0.08142961232899772
472,0.08174727907490476,0.08174727907490476
473,0.08144049184708409,0.08144049184708409
474,0.08204382740199778,0.08204382740199778
475,0.08178795760106361,0.08178795760106361
476,0.08129432033813722,0.08129432033813722
477,0.08119550225361387,0.08119550225361387
478,0.08151339821756098,0.08151339821756098
479,0.08142473262293907,0.08142473262293907
480,0.08126251349139468,0.08126251349139468
481,0.08105933706001031,0.08105933706001031
482,0.08179429072714361,0.08179429072714361
483,0.08187959006460536,0.08187959006460536
484,0.08126303023290804,0.08126303023290804
485,0.08132216798347086,0.08132216798347086
486,0.08175921707921181,0.08175921707921181
487,0.08153335089891406,0.08153335089891406
488,0.0813608088951518,0.0813608088951518
489,0.08083684373898863,0.08083684373898863
490,0.0809544990919663,0.0809544990919663
491,0.08137308179112517,0.08137308179112517
492,0.0815168447076638,0.0815168447076638
493,0.08112570953644892,0.08112570953644892
494,0.08140273707723278,0.08140273707723278
495,0.08111917895672584,0.08111917895672584
496,0.08091532969283888,0.08091532969283888
497,0.08107308088884659,0.08107308088884659
498,0.08101148346564947,0.08101148346564947
499,0.08108487688137543,0.08108487688137543
500,0.08136724151697447,0.08136724151697447
501,0.08094833478384594,0.08094833478384594
502,0.08120278642907261,0.08120278642907261
503,0.08069639402405222,0.08069639402405222
504,0.08081350207753028,0.08081350207753028
505,0.08127320502152223,0.08127320502152223
506,0.08121574561366832,0.08121574561366832
507,0.08079959550255983,0.08079959550255983
508,0.08156311042686375,0.08156311042686375
509,0.08101968035048862,0.08101968035048862
510,0.08042383171432384,0.08042383171432384
511,0.08096475530667661,0.08096475530667661
512,0.08093358154716865,0.08093358154716865
513,0.08072333173077302,0.08072333173077302
514,0.08084647581511545,0.08084647581511545
515,0.08049391305531471,0.08049391305531471
516,0.08070702105760574,0.08070702105760574
517,0.08111222316361831,0.08111222316361831
518,0.08072397727983278,0.08072397727983278
519,0.08111540880385668,0.08111540880385668
520,0.0808993338663595,0.0808993338663595
521,0.08068439007812972,0.08068439007812972
522,0.08075612852369764,0.08075612852369764
523,0.08093757556214451,0.08093757556214451
524,0.0806890525109403,0.0806890525109403
525,0.08065686873375733,0.08065686873375733
526,0.080956094073019,0.080956094073019
527,0.08083373613098763,0.08083373613098763
528,0.08066920836678179,0.08066920836678179
529,0.08050384214711359,0.08050384214711359
530,0.08091849783349292,0.08091849783349292
531,0.08048248717899424,0.08048248717899424
532,0.08071518094142985,0.08071518094142985
533,0.08101108061726407,0.08101108061726407
534,0.08098299084131828,0.08098299084131828
535,0.08049776821374045,0.08049776821374045
536,0.08030372057308931,0.08030372057308931
537,0.08078249575722685,0.08078249575722685
538,0.08127766420726674,0.08127766420726674
539,0.08040009513232207,0.08040009513232207
540,0.08047383328985913,0.08047383328985913
541,0.0804882444361775,0.0804882444361775
542,0.08037120846242667,0.08037120846242667
543,0.08029812820971649,0.08029812820971649
544,0.08015321539814362,0.08015321539814362
545,0.08062838410355443,0.08062838410355443
546,0.08061816824394613,0.08061816824394613
547,0.08047903976088316,0.08047903976088316
548,0.07970730404889881,0.07970730404889881
549,0.0804243956914576,0.0804243956914576
550,0.08075915579269789,0.08075915579269789
551,0.08015908701245895,0.08015908701245895
552,0.08049526686027805,0.08049526686027805
553,0.0803989563601297,0.0803989563601297
554,0.08024313807275371,0.08024313807275371
555,0.08043817371076961,0.08043817371076961
556,0.08079259808165323,0.08079259808165323
557,0.08043311854486364,0.08043311854486364
558,0.08037414183024834,0.08037414183024834
559,0.08025067434828477,0.08025067434828477
560,0.08029138412180745,0.08029138412180745
561,0.08069364811389895,0.08069364811389895
562,0.08032459574768128,0.08032459574768128
563,0.08010440417880266,0.08010440417880266
564,0.07974178290982263,0.07974178290982263
565,0.08035051992355292,0.08035051992355292
566,0.08035379277005314,0.08035379277005314
567,0.08024544800462671,0.08024544800462671
568,0.08019661500360618,0.08019661500360618
569,0.08017931047336486,0.08017931047336486
570,0.08028919805252255,0.08028919805252255
571,0.08023023600043776,0.08023023600043776
572,0.07996072581707371,0.07996072581707371
573,0.08013806921625477,0.08013806921625477
574,0.08061107727980699,0.08061107727980699
575,0.08014745816747489,0.08014745816747489
576,0.08020381844234636,0.08020381844234636
577,0.08005920971256558,0.08005920971256558
578,0.08018900326774638,0.08018900326774638
579,0.08015624500042179,0.08015624500042179
580,0.08013506265509596,0.08013506265509596
581,0.08010153191369623,0.08010153191369623
582,0.08010862651032485,0.08010862651032485
583,0.07944636919214208,0.07944636919214208
584,0.08006599632976742,0.08006599632976742
585,0.08031885108489582,0.08031885108489582
586,0.07973457164929855,0.07973457164929855
587,0.08001050048133232,0.08001050048133232
588,0.08028079868953847,0.08028079868953847
589,0.08000599966778874,0.08000599966778874
590,0.07994233358160881,0.07994233358160881
591,0.0803040920017665,0.0803040920017665
592,0.07992306078562109,0.07992306078562109
593,0.08002635902887562,0.08002635902887562
594,0.07986088371520789,0.07986088371520789
595,0.08013261753893408,0.08013261753893408
596,0.08011295832030714,0.08011295832030714
597,0.08004311299833114,0.08004311299833114
598,0.08005298443430259,0.08005298443430259
599,0.07964477595273287,0.07964477595273287
600,0.07952997276685415,0.07952997276685415
601,0.07993266145529695,0.07993266145529695
602,0.07999933590562318,0.07999933590562318
603,0.07974095356209847,0.07974095356209847
604,0.07949452688155226,0.07949452688155226
605,0.07992132501245817,0.07992132501245817
606,0.0797762549167426,0.0797762549167426
607,0.07980495552098199,0.07980495552098199
608,0.07918066483693614,0.07918066483693614
609,0.07991420170060257,0.07991420170060257
610,0.08020286002193057,0.08020286002193057
611,0.08002237900030995,0.08002237900030995
612,0.07931573392021274,0.07931573392021274
613,0.07955799345921367,0.07955799345921367
614,0.07984855842653966,0.07984855842653966
615,0.08008026490750261,0.08008026490750261
616,0.07970594315130092,0.07970594315130092
617,0.07936552355191885,0.07936552355191885
618,0.07951786925890268,0.07951786925890268
619,0.07965969485214172,0.07965969485214172
620,0.07966434796509794,0.07966434796509794
621,0.07983684468205714,0.07983684468205714
622,0.0796372529874917,0.0796372529874917
623,0.07979613985349275,0.07979613985349275
624,0.07969870248617227,0.07969870248617227
625,0.07940664142370224,0.07940664142370224
626,0.07941833224638077,0.07941833224638077
627,0.07995126551527569,0.07995126551527569
628,0.07960006094859164,0.07960006094859164
629,0.07944698833273824,0.07944698833273824
630,0.07966289435947493,0.07966289435947493
631,0.07963278810112502,0.07963278810112502
632,0.07921088513424387,0.07921088513424387
633,0.07961322523626993,0.07961322523626993
634,0.07939075553968708,0.07939075553968708
635,0.07963783789784035,0.07963783789784035
636,0.07942756679028379,0.07942756679028379
637,0.08007185790833629,0.08007185790833629
638,0.07942440248097814,0.07942440248097814
639,0.07967740504130774,0.07967740504130774
640,0.07954520196571045,0.07954520196571045
641,0.07932435840474329,0.07932435840474329
642,0.07889064873346655,0.07889064873346655
643,0.07960734683423704,0.07960734683423704
644,0.07973865082891811,0.07973865082891811
645,0.07974919191564954,0.07974919191564954
646,0.07964231700924791,0.07964231700924791
647,0.0794195318826577,0.0794195318826577
648,0.07975590472968024,0.07975590472968024
649,0.07926886364340358,0.07926886364340358
650,0.07963069154486538,0.07963069154486538
651,0.07922028877450903,0.07922028877450903
652,0.07929831106891835,0.07929831106891835
653,0.0794003357401522,0.0794003357401522
654,0.07952874409717597,0.07952874409717597
655,0.0789754027997896,0.0789754027997896
656,0.07907964940119892,0.07907964940119892
657,0.07947751264555174,0.07947751264555174
658,0.07867500530655273,0.07867500530655273
659,0.07942667240243789,0.07942667240243789
660,0.07910234213299598,0.07910234213299598
661,0.0794080585453434,0.0794080585453434
662,0.07971127487692545,0.07971127487692545
663,0.07961956045699714,0.07961956045699714
664,0.07938490484532937,0.07938490484532937
665,0.0789552127206665,0.0789552127206665
666,0.07912272224169609,0.07912272224169609
667,0.0795629236886934,0.0795629236886934
668,0.07923880601268646,0.07923880601268646
669,0.07946183619974347,0.07946183619974347
670,0.07920328164440033,0.07920328164440033
671,0.07943818675771727,0.07943818675771727
672,0.07963069838561197,0.07963069838561197
673,0.07900494647301813,0.07900494647301813
674,0.07956888118354451,0.07956888118354451
675,0.07917883477813409,0.07917883477813409
676,0.0787885412043524,0.0787885412043524
677,0.0793558748246724,0.0793558748246724
678,0.07880630470096428,0.07880630470096428
679,0.07894918152870233,0.07894918152870233
680,0.07873211409962899,0.07873211409962899
681,0.0789048103251067,0.0789048103251067
682,0.0794295255770887,0.0794295255770887
683,0.07919100154973434,0.07919100154973434
684,0.07945128999570934,0.07945128999570934
685,0.07925386429893588,0.07925386429893588
686,0.078687192255704,0.078687192255704
687,0.0789745709199286,0.0789745709199286
688,0.07926214298107447,0.07926214298107447
689,0.07933299722037282,0.07933299722037282
690,0.07836430342171964,0.07836430342171964
691,0.0789365146136793,0.0789365146136793
692,0.07912586547195699,0.07912586547195699
693,0.07907756514767735,0.07907756514767735
694,0.07933152117020718,0.07933152117020718
695,0.07899719851880312,0.07899719851880312
696,0.07848608241916975,0.07848608241916975
697,0.078837661463701,0.078837661463701
698,0.07899489423452323,0.07899489423452323
699,0.07902905863321973,0.07902905863321973
700,0.07910427477648249,0.07910427477648249
701,0.07862422578169358,0.07862422578169358
702,0.07892210063030711,0.07892210063030711
703,0.07885365288876978,0.07885365288876978
704,0.07861146245986966,0.07861146245986966
705,0.07860551580945792,0.07860551580945792
706,0.07897575244678721,0.07897575244678721
707,0.07907389902453406,0.07907389902453406
708,0.07906904977040359,0.07906904977040359
709,0.07906247575989397,0.07906247575989397
710,0.07837416095082446,0.07837416095082446
711,0.078370293608976,0.078370293608976
712,0.07854535284839916,0.07854535284839916
713,0.0784288054047106,0.0784288054047106
714,0.07924136838932054,0.07924136838932054
715,0.079173547291989,0.079173547291989
716,0.07866675374876986,0.07866675374876986
717,0.07853547462471015,0.07853547462471015
718,0.07892989444138741,0.07892989444138741
719,0.07889753029917058,0.07889753029917058
720,0.07897316158029957,0.07897316158029957
721,0.07842867349496516,0.07842867349496516
722,0.0790730392646535,0.0790730392646535
723,0.07883949726289702,0.07883949726289702
724,0.07891233399298267,0.07891233399298267
725,0.07872665824627113,0.07872665824627113
726,0.07855735495156241,0.07855735495156241
727,0.07879551843445072,0.07879551843445072
728,0.07862988307913003,0.07862988307913003
729,0.07885097159450588,0.07885097159450588
730,0.07924051619933593,0.07924051619933593
731,0.07861864406390122,0.07861864406390122
732,0.07812807657275336,0.07812807657275336
733,0.07888458263513456,0.07888458263513456
734,0.07888180453635195,0.07888180453635195
735,0.07891007764695802,0.07891007764695802
736,0.07871684901336758,0.07871684901336758
737,0.07809999146336338,0.07809999146336338
738,0.07885554615819157,0.07885554615819157
739,0.07862848075259199,0.07862848075259199
740,0.07878038991123332,0.07878038991123332
741,0.07869829693510863,0.07869829693510863
742,0.07901965792280924,0.07901965792280924
743,0.07836408830940511,0.07836408830940511
744,0.07891204619110691,0.07891204619110691
745,0.07856284587037521,0.07856284587037521
746,0.07827790731106789,0.07827790731106789
747,0.07865234578419411,0.07865234578419411
748,0.07871621393754388,0.07871621393754388
749,0.0785121110224851,0.0785121110224851
750,0.07857659693767592,0.07857659693767592
751,0.07859418976031164,0.07859418976031164
752,0.07848745445286676,0.07848745445286676
753,0.0786859286133717,0.0786859286133717
754,0.07898207507311661,0.07898207507311661
755,0.07833782498628644,0.07833782498628644
756,0.07824632597033239,0.07824632597033239
757,0.07842474434776663,0.07842474434776663
758,0.07848205074031582,0.07848205074031582
759,0.07877386688814893,0.07877386688814893
760,0.07886872774659527,0.07886872774659527
761,0.07788362343434337,0.07788362343434337
762,0.07813296407408138,0.07813296407408138
763,0.07830993096705434,0.07830993096705434
764,0.07792760905050722,0.07792760905050722
765,0.07849801680424459,0.07849801680424459
766,0.07855830254079608,0.07855830254079608
767,0.07862334101861906,0.07862334101861906
768,0.07861717344921254,0.07861717344921254
769,0.07841661142921108,0.07841661142921108
770,0.07846884934556442,0.07846884934556442
771,0.07826946272756706,0.07826946272756706
772,0.07817608026582151,0.07817608026582151
773,0.0780080781977796,0.0780080781977796
774,0.07844645179993741,0.07844645179993741
775,0.07821363743619987,0.07821363743619987
776,0.07837972459897027,0.07837972459897027
777,0.07863243483669817,0.07863243483669817
778,0.07874239920191069,0.07874239920191069
779,0.07839629732841275,0.07839629732841275
780,0.07812303592354802,0.07812303592354802
781,0.07783441293282017,0.07783441293282017
782,0.07795599919621206,0.07795599919621206
783,0.077955295540578,0.077955295540578
784,0.07837047942274405,0.07837047942274405
785,0.07856671388834396,0.07856671388834396
786,0.07812168825669645,0.07812168825669645
787,0.07839800519504157,0.07839800519504157
788,0.07820052449389285,0.07820052449389285
789,0.07853917365237487,0.07853917365237487
790,0.07799489638400248,0.07799489638400248
791,0.07832397003508972,0.07832397003508972
792,0.07814283586799886,0.07814283586799886
793,0.07817985338831711,0.07817985338831711
794,0.07824578837514772,0.07824578837514772
795,0.0781034717462241,0.0781034717462241
796,0.07792543895622166,0.07792543895622166
797,0.07773476491725317,0.07773476491725317
798,0.07809295472142111,0.07809295472142111
799,0.07824490296246743,0.07824490296246743
800,0.07783046750570531,0.07783046750570531
801,0.0785553309788059,0.0785553309788059
802,0.07833630680454583,0.07833630680454583
803,0.07827879956449478,0.07827879956449478
804,0.07815840625572035,0.07815840625572035
805,0.07814663067937322,0.07814663067937322
806,0.07823019145964728,0.07823019145964728
807,0.07806298226860495,0.07806298226860495
808,0.0777115507243579,0.0777115507243579
809,0.07812674758538232,0.07812674758538232
810,0.0781872106245404,0.0781872106245404
811,0.0782202903406688,0.0782202903406688
812,0.0780063197016716,0.0780063197016716
813,0.07769974969406994,0.07769974969406994
814,0.07786225206699235,0.07786225206699235
815,0.07779271996106117,0.07779271996106117
816,0.07830919902042562,0.07830919902042562
817,0.07783973736695124,0.07783973736695124
818,0.07830388055206193,0.07830388055206193
819,0.07770038508806788,0.07770038508806788
820,0.07783069872559177,0.07783069872559177
821,0.07807061141124824,0.07807061141124824
822,0.07796577830861896,0.07796577830861896
823,0.07824145960107817,0.07824145960107817
824,0.07787982894114329,0.07787982894114329
825,0.07789084893316561,0.07789084893316561
826,0.07804995541894988,0.07804995541894988
827,0.07820580275298437,0.07820580275298437
828,0.07771496124751202,0.07771496124751202
829,0.07773148713905192,0.07773148713905192
830,0.07785374746787166,0.07785374746787166
831,0.07772810558301274,0.07772810558301274
832,0.07833505469603047,0.07833505469603047
833,0.07781684399976849,0.07781684399976849
834,0.07799301211626081,0.07799301211626081
835,0.07760961131056857,0.07760961131056857
836,0.07780514035731873,0.07780514035731873
837,0.07776722111788933,0.07776722111788933
838,0.07791203822529613,0.07791203822529613
839,0.07775519576149055,0.07775519576149055
840,0.07766163492330029,0.07766163492330029
841,0.07788520216199427,0.07788520216199427
842,0.0774353472814229,0.0774353472814229
843,0.07795025917346791,0.07795025917346791
844,0.07800660220064302,0.07800660220064302
845,0.07801416359868338,0.07801416359868338
846,0.07787278622017636,0.07787278622017636
847,0.07798011252305262,0.07798011252305262
848,0.0777041675569324,0.0777041675569324
849,0.07770779853507717,0.07770779853507717
850,0.07763337066854446,0.07763337066854446
851,0.07728735605433742,0.07728735605433742
852,0.0775634842623171,0.0775634842623171
853,0.0779381744377978,0.0779381744377978
854,0.07833410942681744,0.07833410942681744
855,0.0778189179126266,0.0778189179126266
856,0.07741699614346664,0.07741699614346664
857,0.07760371806040353,0.07760371806040353
858,0.0777280562925169,0.0777280562925169
859,0.07820164730434316,0.07820164730434316
860,0.07793440351600749,0.07793440351600749
861,0.07779410248125151,0.07779410248125151
862,0.07732847846010402,0.07732847846010402
863,0.07740453997911932,0.07740453997911932
864,0.07827040982628208,0.07827040982628208
865,0.07805074496837698,0.07805074496837698
866,0.07800581798063479,0.07800581798063479
867,0.07750019998524961,0.07750019998524961
868,0.07771006184116377,0.07771006184116377
869,0.07771928917311689,0.07771928917311689
870,0.07755735259357296,0.07755735259357296
871,0.07769600722236142,0.07769600722236142
872,0.07764963997905788,0.07764963997905788
873,0.07794996068623991,0.07794996068623991
874,0.07773698289676494,0.07773698289676494
875,0.07778192053008759,0.07778192053008759
876,0.07747320181216209,0.07747320181216209
877,0.07794071354793908,0.07794071354793908
878,0.07741980218855511,0.07741980218855511
879,0.0781793399213472,0.0781793399213472
880,0.07804495415706651,0.07804495415706651
881,0.07730032287511537,0.07730032287511537
882,0.07704018672855299,0.07704018672855299
883,0.0770420010907582,0.0770420010907582
884,0.07744343023336231,0.07744343023336231
885,0.07741978890477974,0.07741978890477974
886,0.07780683332278635,0.07780683332278635
887,0.07786333567572234,0.07786333567572234
888,0.07789706380447883,0.07789706380447883
889,0.07718265353572751,0.07718265353572751
890,0.07705528259913692,0.07705528259913692
891,0.07731171372575268,0.07731171372575268
892,0.07725644055952806,0.07725644055952806
893,0.07795133969325611,0.07795133969325611
894,0.0780815468749754,0.0780815468749754
895,0.07764582672683369,0.07764582672683369
896,0.07758359392289589,0.07758359392289589
897,0.07741985537668564,0.07741985537668564
898,0.07720127243058113,0.07720127243058113
899,0.07746830750985927,0.07746830750985927
