,total_loss,feature_loss
0,0.2993192179441452,0.2993192179441452
1,0.28667702028751374,0.28667702028751374
2,0.28264768023490905,0.28264768023490905
3,0.28117256236076354,0.28117256236076354
4,0.27875546901226045,0.27875546901226045
5,0.2776152542114258,0.2776152542114258
6,0.27618214559555054,0.27618214559555054
7,0.2753801024913788,0.2753801024913788
8,0.2737352207660675,0.2737352207660675
9,0.2737651201248169,0.2737651201248169
10,0.27262333111763,0.27262333111763
11,0.2720770667791367,0.2720770667791367
12,0.27119053297042844,0.27119053297042844
13,0.26952951521873475,0.26952951521873475
14,0.2685262346029282,0.2685262346029282
15,0.26825982065200804,0.26825982065200804
16,0.26749957332611085,0.26749957332611085
17,0.26667168493270876,0.26667168493270876
18,0.26613600749969485,0.26613600749969485
19,0.26540074012279513,0.26540074012279513
20,0.26521862926483153,0.26521862926483153
21,0.2640348504781723,0.2640348504781723
22,0.26329693636894225,0.26329693636894225
23,0.26170205793380735,0.26170205793380735
24,0.2617619249582291,0.2617619249582291
25,0.2607847845315933,0.2607847845315933
26,0.25993535397052764,0.25993535397052764
27,0.2597523336172104,0.2597523336172104
28,0.2589502206325531,0.2589502206325531
29,0.2587621084213257,0.2587621084213257
30,0.25784140729904176,0.25784140729904176
31,0.2574889749765396,0.2574889749765396
32,0.2567618631362915,0.2567618631362915
33,0.25578949360847475,0.25578949360847475
34,0.2555380307912827,0.2555380307912827
35,0.25467334706783296,0.25467334706783296
36,0.25398170819282534,0.25398170819282534
37,0.2541956317186356,0.2541956317186356
38,0.25374539713859556,0.25374539713859556
39,0.2525843437194824,0.2525843437194824
40,0.25212744140625,0.25212744140625
41,0.2514408554077148,0.2514408554077148
42,0.25151937665939333,0.25151937665939333
43,0.25090939724445344,0.25090939724445344
44,0.25001691217422484,0.25001691217422484
45,0.25038373453617097,0.25038373453617097
46,0.24861311445236206,0.24861311445236206
47,0.24888157496452332,0.24888157496452332
48,0.24812918846607207,0.24812918846607207
49,0.24797690031528474,0.24797690031528474
50,0.24760599164962768,0.24760599164962768
51,0.24712470824718474,0.24712470824718474
52,0.24677099385261536,0.24677099385261536
53,0.24591180624961853,0.24591180624961853
54,0.2455801925420761,0.2455801925420761
55,0.245058035159111,0.245058035159111
56,0.24451490502357484,0.24451490502357484
57,0.24423766481876374,0.24423766481876374
58,0.24391668493747712,0.24391668493747712
59,0.24334885087013244,0.24334885087013244
60,0.24417796969413758,0.24417796969413758
61,0.24275022237300872,0.24275022237300872
62,0.24285483319759368,0.24285483319759368
63,0.24200931210517884,0.24200931210517884
64,0.24162551941871643,0.24162551941871643
65,0.2419645789384842,0.2419645789384842
66,0.24056137363910676,0.24056137363910676
67,0.24030092136859893,0.24030092136859893
68,0.2405952437877655,0.2405952437877655
69,0.24014979481697082,0.24014979481697082
70,0.23964785130023955,0.23964785130023955
71,0.2392942382335663,0.2392942382335663
72,0.23904106130599975,0.23904106130599975
73,0.23893581767082214,0.23893581767082214
74,0.23873807554244994,0.23873807554244994
75,0.2380126802444458,0.2380126802444458
76,0.23822920796871186,0.23822920796871186
77,0.2377485484600067,0.2377485484600067
78,0.2375573106765747,0.2375573106765747
79,0.23750060753822327,0.23750060753822327
80,0.23719006721973418,0.23719006721973418
81,0.2371511182785034,0.2371511182785034
82,0.236064217710495,0.236064217710495
83,0.23593503379821779,0.23593503379821779
84,0.23540561242103578,0.23540561242103578
85,0.23580208389759064,0.23580208389759064
86,0.2355624850511551,0.2355624850511551
87,0.23482231025695802,0.23482231025695802
88,0.2347791015625,0.2347791015625
89,0.2342028779745102,0.2342028779745102
90,0.2342645603656769,0.2342645603656769
91,0.23399977538585662,0.23399977538585662
92,0.2342373481988907,0.2342373481988907
93,0.23407107536792754,0.23407107536792754
94,0.2336679044008255,0.2336679044008255
95,0.23301767768859863,0.23301767768859863
96,0.23276588904857637,0.23276588904857637
97,0.2335632497549057,0.2335632497549057
98,0.2331709798336029,0.2331709798336029
99,0.23277099738121032,0.23277099738121032
100,0.23255946004390718,0.23255946004390718
101,0.23256357820034027,0.23256357820034027
102,0.23234313731193543,0.23234313731193543
103,0.23186708221435548,0.23186708221435548
104,0.2322241942167282,0.2322241942167282
105,0.23162504057884217,0.23162504057884217
106,0.23126214480400084,0.23126214480400084
107,0.23127051060199738,0.23127051060199738
108,0.23128594419956208,0.23128594419956208
109,0.2301902013540268,0.2301902013540268
110,0.23085430088043213,0.23085430088043213
111,0.23023936076164245,0.23023936076164245
112,0.23023544909954072,0.23023544909954072
113,0.2301066969871521,0.2301066969871521
114,0.22976207900047302,0.22976207900047302
115,0.2300850904226303,0.2300850904226303
116,0.22971432678699494,0.22971432678699494
117,0.22940561163425446,0.22940561163425446
118,0.23013043422698976,0.23013043422698976
119,0.22917254271507262,0.22917254271507262
120,0.22870996062755586,0.22870996062755586
121,0.2290281805276871,0.2290281805276871
122,0.2287592524766922,0.2287592524766922
123,0.22895475056171416,0.22895475056171416
124,0.2279604567527771,0.2279604567527771
125,0.22818019919395446,0.22818019919395446
126,0.22828215503692628,0.22828215503692628
127,0.2289311404466629,0.2289311404466629
128,0.2276771955013275,0.2276771955013275
129,0.22808108737468719,0.22808108737468719
130,0.22762123124599457,0.22762123124599457
131,0.22779436633586883,0.22779436633586883
132,0.22798025233745575,0.22798025233745575
133,0.22738657791614533,0.22738657791614533
134,0.2267661346435547,0.2267661346435547
135,0.22693840456008912,0.22693840456008912
136,0.22722617127895356,0.22722617127895356
137,0.22708281304836272,0.22708281304836272
138,0.22678390383720398,0.22678390383720398
139,0.2263262028694153,0.2263262028694153
140,0.22697514748573303,0.22697514748573303
141,0.22634397513866425,0.22634397513866425
142,0.22664685261249543,0.22664685261249543
143,0.22594668669700624,0.22594668669700624
144,0.22610675914287567,0.22610675914287567
145,0.2262866592168808,0.2262866592168808
146,0.22575590245723726,0.22575590245723726
147,0.2253539204120636,0.2253539204120636
148,0.225550457572937,0.225550457572937
149,0.2253992553949356,0.2253992553949356
150,0.22561263053417205,0.22561263053417205
151,0.22518755478858948,0.22518755478858948
152,0.22560940401554108,0.22560940401554108
153,0.22499850788116454,0.22499850788116454
154,0.22507946300506593,0.22507946300506593
155,0.2250299247980118,0.2250299247980118
156,0.22459277200698852,0.22459277200698852
157,0.22478259098529815,0.22478259098529815
158,0.22499375886917114,0.22499375886917114
159,0.2245569061756134,0.2245569061756134
160,0.22438423902988433,0.22438423902988433
161,0.2246244985103607,0.2246244985103607
162,0.2238023187637329,0.2238023187637329
163,0.22413612463474275,0.22413612463474275
164,0.22431166777610778,0.22431166777610778
165,0.22426376724243163,0.22426376724243163
166,0.22422436017990113,0.22422436017990113
167,0.22426214213371276,0.22426214213371276
168,0.22358025555610656,0.22358025555610656
169,0.22399085364341736,0.22399085364341736
170,0.22414881029129027,0.22414881029129027
171,0.22419368531703948,0.22419368531703948
172,0.22338519134521484,0.22338519134521484
173,0.2234059856891632,0.2234059856891632
174,0.22319649119377136,0.22319649119377136
175,0.22328461599349975,0.22328461599349975
176,0.22371642994880675,0.22371642994880675
177,0.22309159059524536,0.22309159059524536
178,0.2233036399126053,0.2233036399126053
179,0.22272567689418793,0.22272567689418793
180,0.2231300222635269,0.2231300222635269
181,0.22292102024555208,0.22292102024555208
182,0.22291008512973787,0.22291008512973787
183,0.22285030295848846,0.22285030295848846
184,0.22277548444271086,0.22277548444271086
185,0.22292405354976655,0.22292405354976655
186,0.22230735969543458,0.22230735969543458
187,0.22215252854824066,0.22215252854824066
188,0.2222131490945816,0.2222131490945816
189,0.22219054892063142,0.22219054892063142
190,0.22215429825782776,0.22215429825782776
191,0.22219177122116088,0.22219177122116088
192,0.22182077906131745,0.22182077906131745
193,0.22182559995651246,0.22182559995651246
194,0.22165319404602052,0.22165319404602052
195,0.22188508393764494,0.22188508393764494
196,0.22141872832775117,0.22141872832775117
197,0.22164024851322173,0.22164024851322173
198,0.22100933845043183,0.22100933845043183
199,0.2212638097524643,0.2212638097524643
