,total_loss,vq_loss,audio_loss
0,21.367118324279787,0.0023806138584259316,21.364737648010255
1,21.30639808654785,0.0012696242308011278,21.30512843322754
2,20.986848686218263,0.0007267749903257936,20.98612187576294
3,20.925432022094725,0.00037917800841387364,20.925052848815916
4,20.90108934402466,0.0006179688471602276,20.90047138595581
5,20.58590552520752,0.0008230648647295311,20.5850824508667
6,14.974397994995117,0.00042627481036470273,14.973971725463867
7,13.85088906097412,0.0002856699638068676,13.850603343963623
8,12.480657810211182,0.0003331202165572904,12.480324699401855
9,14.442820362091064,0.0003221201268606819,14.442498229980469
10,16.084049312591553,0.0009039904644014314,16.083145324707033
11,20.602346500396727,0.0026412324063712733,20.599705326080322
12,19.175493282318115,0.0016805653767660261,19.173812679290773
13,13.388087409973144,0.000713750833994709,13.387373668670655
14,12.899535820007324,0.0006593957643490284,12.898876430511475
15,12.749048400878907,0.0005991943345870823,12.748449188232422
16,12.385730876922608,0.00047841487277764825,12.385252449035644
17,12.140887073516845,0.00045863852149341256,12.140428459167481
18,11.931017707824706,0.0004447326628724113,11.930572986602783
19,11.361978721618652,0.0006269993019523099,11.36135173034668
20,11.921660884857177,0.0007118727080523968,11.920948989868164
21,11.614937377929687,0.0006751181260915473,11.614262237548829
22,11.999315029144286,0.0005149689228273928,11.998800064086915
23,11.588980991363526,0.0005109476542565971,11.588470050811768
24,11.11718323135376,0.0007352123925229534,11.116448055267334
25,11.727400459289552,0.0006748785435920582,11.726725589752197
26,15.545190601348876,0.0013883482665987686,15.54380224609375
27,19.947797214508057,0.0032357965474948285,19.944561466217042
28,13.50711722946167,0.006288874868303537,13.500828357696534
29,12.289946269989013,0.0041444494100287554,12.285801837921143
30,12.049901874542236,0.002674641442950815,12.04722723388672
31,12.234482566833496,0.0025018478482961653,12.231980686187745
32,12.233888137817383,0.0020213395012542604,12.231866806030274
33,11.893693367004394,0.0017862149262800812,11.891907157897949
34,11.465737701416016,0.0015371511199045926,11.464200546264648
35,11.627923061370849,0.001432507861405611,11.626490585327149
36,11.965396114349366,0.001169678030302748,11.964226440429687
37,11.84087163925171,0.0011647698460146784,11.839706874847412
38,11.743479824066162,0.0011015843995846807,11.742378253936767
39,11.768012115478516,0.0009257676678244024,11.767086345672608
40,11.402516731262207,0.0008883380079641938,11.40162840270996
41,11.53547409439087,0.0008698823456652462,11.53460417175293
42,11.44483737564087,0.0008009924914222211,11.444036373138427
43,11.338566738128662,0.0008829485790338368,11.337683776855469
44,15.696955837249757,0.0038342397247906773,15.69312159729004
45,19.219724727630616,0.003302252825000323,19.21642248535156
46,12.974745719909668,0.003425253393128514,12.97132042312622
47,12.83057186126709,0.0026606303001753986,12.827911224365234
48,12.601231517791748,0.001591714298352599,12.599639808654786
49,11.872560871124268,0.0012498750952072441,11.871310997009278
50,13.685692111968994,0.0014421093200799077,13.68424998474121
51,11.432030029296875,0.0009616989463102073,11.431068305969239
52,11.024324024200439,0.0006771237255306915,11.023646896362305
53,11.313129299163819,0.0006527246488258243,11.312476566314697
54,11.328419052124023,0.0006141766995424405,11.327804889678955
55,11.647084053039551,0.0006391342541901395,11.646444919586182
56,11.101896270751952,0.00041955425206106157,11.101476696014405
57,10.692348468780517,0.0004558331677690148,10.691892623901367
58,10.75735848236084,0.0005079026852035895,10.756850574493408
59,10.742397563934325,0.0005262141632847488,10.741871349334717
60,17.97278470993042,0.015883851362974384,17.956900913238524
61,14.688768558502197,0.0055711112655699255,14.683197402954102
62,11.88048762512207,0.0016331138908863068,11.878854515075684
63,11.142474658966064,0.0012106788349337877,11.1412639503479
64,11.99309268951416,0.001557776149129495,11.99153491973877
65,11.21930718612671,0.0008218239117413759,11.218485355377197
66,11.040802783966065,0.0008729994923342019,11.03992981338501
67,10.456323135375976,0.0009144659789744765,10.455408645629882
68,10.851555515289308,0.0008983746480662376,10.850657154083253
69,10.443830390930176,0.0006528539668070152,10.443177551269532
70,10.436162860870361,0.0005435908816289156,10.4356192817688
71,10.49174101638794,0.0004814263267908245,10.491259613037109
72,10.69873720550537,0.0007693335005315021,10.697967849731445
73,10.516519729614258,0.0005021872067591175,10.516017524719238
74,10.422532283782958,0.000411453559412621,10.422120822906495
75,10.47537677383423,0.0006117910923203454,10.474764987945557
76,10.364060405731202,0.0006866144723026082,10.363373802185059
77,10.72753074645996,0.0006705001278314739,10.72686022567749
78,21.207572013854982,0.030378451303578913,21.17719359588623
79,18.826779190063476,0.0034802653498481957,18.823298976898194
80,12.62823098373413,0.0019005025564692915,12.626330478668212
81,11.639873203277588,0.0016682131711859257,11.63820496749878
82,10.78205825805664,0.0010556242656894028,10.781002632141114
83,10.546209201812744,0.001084558323957026,10.545124622344971
84,10.496959758758544,0.0011343812001869083,10.495825374603271
85,10.426868427276611,0.0011146423919126392,10.425753761291505
86,10.558059547424316,0.0009450488351285457,10.557114463806153
87,10.107173038482665,0.0011768009194638581,10.105996265411378
88,10.425847747802734,0.0013536778590641915,10.424494094848633
89,10.21665071105957,0.0006530623162398115,10.215997680664062
90,10.340201080322265,0.00079516197508201,10.33940591430664
91,10.35915353012085,0.0010000793157378212,10.35815347290039
92,10.216706317901611,0.0006289697907632217,10.216077354431153
93,10.178778175354005,0.0005354611178627238,10.178242721557616
94,9.816881614685059,0.0005039849157910794,9.816377670288086
95,9.860630241394043,0.0008603799224365503,9.859769870758056
96,10.257846271514893,0.000632734197890386,10.257213531494141
97,9.985789546966553,0.0004887262145057321,9.98530080795288
98,9.765036869049073,0.00032523520465474573,9.764711639404297
99,9.666771671295166,0.00034186609380412844,9.66642984008789
100,9.736447319030761,0.00041419134562602265,9.736033130645753
101,9.658658515930176,0.00041603181941900403,9.658242485046387
102,9.96383826828003,0.0004440700695849955,9.963394207000732
103,9.887564868927003,0.0006425333522493019,9.886922336578369
104,9.952008556365966,0.0006827848457032815,9.951325775146485
105,10.154515628814698,0.0007066707281628623,10.153808975219727
106,9.825838947296143,0.000687285877414979,9.8251516456604
107,128.8739069824219,91.65608455949788,37.21782239151001
108,31.2805789642334,3.7769466066360473,27.503632415771484
109,28.94675891113281,2.5003495011329653,26.44640941619873
110,23.198639419555665,1.8677841625213623,21.330855239868164
111,21.526979057312012,1.5733528802394867,19.95362616729736
112,20.85152956390381,1.3446197242736817,19.506909832000733
113,19.73665212249756,1.388620607614517,18.348031509399416
114,19.356386489868164,1.1560194568634032,18.20036703491211
115,17.520353675842284,1.1740133156776429,16.346340366363524
116,17.606969944000245,1.2831940233707428,16.323775939941406
117,17.20796401977539,0.9156618950366974,16.292302143096922
118,15.369984699249267,0.5822256758213044,14.787759037017823
119,14.40039310836792,0.40764453279972074,13.992748554229737
120,14.934298797607422,0.3401693150997162,14.59412950515747
121,14.681731735229492,0.21163073366880417,14.47010103225708
122,14.275564754486084,0.14426959258317948,14.131295143127442
123,13.483156936645507,0.11797781890630722,13.365179096221924
124,12.979434127807616,0.08022601039707661,12.899208122253418
125,14.68051607131958,0.08816037997603417,14.592355701446532
126,13.153413654327393,0.0461451181396842,13.107268516540527
127,12.562018547058106,0.04190561463683844,12.520112915039062
128,11.63996424484253,0.030344468839466572,11.609619770050049
129,12.196693832397461,0.01958531817048788,12.17710852432251
130,12.233239654541016,0.015926542073488235,12.217313137054443
131,11.439656215667725,0.009302864501252771,11.430353332519532
132,10.952050571441651,0.00816285064443946,10.943887741088867
133,10.984823905944824,0.009829281574115157,10.97499461364746
134,11.176432804107666,0.006550129671581089,11.169882671356202
135,10.506870742797851,0.004398431384004652,10.502472328186036
136,12.176523483276368,0.008194908258505166,12.16832859802246
137,10.909525360107422,0.0037837759554386137,10.905741592407226
138,10.236517543792724,0.0027097448934800925,10.233807792663574
139,10.25031527709961,0.002808380019851029,10.247506908416748
140,10.564091297149659,0.003296775562688708,10.56079451751709
141,9.934276294708251,0.002574919765815139,9.931701354980468
142,10.131011245727539,0.002325858314987272,10.128685394287109
143,10.352691543579102,0.0022670357301831246,10.350424507141113
144,13.406204479217529,0.11345398128218949,13.292750492095948
145,21.28484057998657,0.32271804272383453,20.96212247467041
146,14.624607639312744,0.22755805361270903,14.397049575805664
147,12.69555292892456,0.09293990495800972,12.602613021850585
148,11.958037628173829,0.03401798996701837,11.924019653320313
149,11.870821212768554,0.014709322892129421,11.856111869812011
150,11.242041240692139,0.00712069215811789,11.23492057800293
151,10.460272289276123,0.003982073686551303,10.456290195465089
152,10.39496922302246,0.0024896669881418346,10.392479568481445
153,10.257019435882569,0.0020282489974051713,10.254991199493409
154,9.993611507415771,0.0017472247886471451,9.99186427307129
155,9.987255435943604,0.0016782301613129675,9.985577198028565
156,9.691913581848144,0.00122944970196113,9.690684131622314
157,9.811688205718994,0.0009435964459553361,9.81074460220337
158,9.796652458190918,0.0008906402501743287,9.79576182937622
159,9.764934719085693,0.0011170034678652883,9.763817718505859
160,9.933461826324463,0.0011594197913073004,9.932302391052247
161,9.656821613311768,0.0012921155598014592,9.655529541015625
162,9.491354656219482,0.0009390885990578681,9.490415554046631
163,9.579132537841797,0.001157567063346505,9.577974964141847
164,9.464024230957031,0.0009693925129249692,9.46305484008789
165,9.801517398834228,0.002470400771824643,9.799047016143799
166,9.356400173187255,0.0013070592237636447,9.355093090057373
167,9.784155555725098,0.002168776106322184,9.781986778259277
168,9.25652124786377,0.0008819452204043046,9.255639324188232
169,9.41111400604248,0.0009743482497287915,9.410139659881592
170,9.279712917327881,0.0007639091145247221,9.278949047088624
171,9.696815677642823,0.0010162138149607926,9.695799430847169
172,10.278401947021484,0.0017561574482824653,10.2766457862854
173,10.255915721893311,0.0017752604300621897,10.254140434265137
174,9.535303527832031,0.0007654754520626739,9.534538082122802
175,9.53977558517456,0.0006805427832296118,9.539095054626465
176,9.262122486114501,0.00048798371269367637,9.261634498596191
177,9.008473400115967,0.0005227265517460183,9.00795065689087
178,9.051113967895509,0.0007385844724485651,9.050375389099122
179,9.404324798583984,0.0006816901272395626,9.40364310836792
180,9.380387535095215,0.0009148829890182242,9.379472667694092
181,9.340124439239501,0.0011874577680137009,9.338936973571778
182,9.3366545753479,0.002235656276345253,9.334418922424316
183,9.180884059906006,0.0014260671834927052,9.1794580078125
184,9.241265907287598,0.0017387019041925668,9.239527191162109
185,9.048211448669434,0.0015156543189659714,9.046695819854737
186,17.333630237579346,0.0445692035346292,17.289061031341554
187,20.09261763381958,0.007017715399852023,20.085599937438964
188,12.53958264541626,0.001985066657885909,12.537597568511963
189,10.123175365447999,0.0007441727432888002,10.122431198120116
190,9.455484771728516,0.0006161660690559074,9.454868606567382
191,9.312751884460448,0.0005883394643897191,9.312163524627685
192,9.742599182128906,0.0005176978760864586,9.742081478118896
193,9.662174755096435,0.0004863974400795996,9.661688373565674
194,9.759460662841796,0.00046227307070512326,9.758998374938965
195,9.250752243041992,0.00042197545198723675,9.250330268859864
196,9.991628063201905,0.000662146596238017,9.990965927124023
197,9.58812767791748,0.0006022827049018815,9.587525394439698
198,9.224682521820068,0.0005808944997843355,9.224101646423339
199,9.031332233428955,0.0005452662305906415,9.030786968231201
200,8.978538314819335,0.0005461987662129104,8.977992099761963
201,8.96760486984253,0.0005605931997997686,8.96704426574707
202,8.788794784545898,0.0005981697395909578,8.788196594238281
203,20.230375186920167,2.291924856215948,17.9384503326416
204,24.874284255981447,0.7267168089151382,24.147567459106444
205,20.815572910308838,0.2894376658797264,20.526135238647463
206,16.89331008529663,0.3594861913323402,16.533823837280273
207,14.314289546966553,0.2623121421337128,14.051977416992187
208,13.406904792785644,0.17715820688009262,13.229746574401856
209,12.917637035369873,0.12194831475615502,12.795688716888428
210,11.965223045349122,0.09269754026830196,11.872525512695313
211,11.406643432617187,0.07309191125631333,11.333551517486573
212,10.991656505584716,0.05901742289960384,10.932639064788818
213,10.952962394714355,0.051086366340518,10.901876007080078
214,10.906336502075195,0.046151370108127594,10.860185127258301
215,10.35871197128296,0.03873626741766929,10.319975662231446
216,9.886027713775634,0.028849422950297594,9.85717830657959
217,9.87339464187622,0.020433386635035276,9.852961246490478
218,9.72821134185791,0.015174015093594789,9.71303730392456
219,9.24036226272583,0.010615137603133916,9.22974715423584
220,9.027389972686768,0.008521368758752942,9.018868629455566
221,8.948241706848144,0.006935904247686267,8.941305801391602
222,8.916346286773681,0.00601774265896529,8.910328536987304
