,total_loss,vq_loss,audio_loss
0,53.94021258544922,53.36620114135742,0.5740113437175751
1,37.20679902648926,36.61792681884766,0.5888720852136612
2,26.94672277069092,26.532892707824708,0.41383004450798033
3,20.850747985839845,20.469574287414552,0.3811736950874329
4,19.282202445983888,18.967299129486083,0.31490333724021913
5,15.037976455688476,14.882291816711426,0.1556846541762352
6,11.991982864379883,11.868464611053467,0.12351824563741684
7,10.321699375152589,10.202895797729493,0.11880356720089913
8,9.25805983543396,9.149392623901367,0.10866722136735917
9,8.756550951004028,8.647978490829468,0.10857247149944306
10,8.23600712966919,8.125590333938598,0.11041678428649902
11,7.69503077507019,7.588426561355591,0.10660418075323105
12,7.539382472991943,7.428996273040772,0.1103862184882164
13,7.211239032745361,7.099812726974488,0.11142629984021186
14,6.858296083450317,6.74420739364624,0.11408869490027428
15,6.670149135589599,6.556784832000733,0.11336428526043892
16,6.407015598297119,6.292364940643311,0.11465064355731011
17,6.419363483428955,6.301763975143433,0.11759949743747711
18,6.259503438949585,6.14453635597229,0.11496708923578262
19,6.200345149993897,6.085931148529053,0.11441399335861206
20,6.270964834213257,6.151651798248291,0.11931303110718727
21,6.036113798141479,5.921785188674927,0.11432860043644905
22,5.932938680648804,5.817509298324585,0.11542938542366028
23,5.863924482345581,5.747022562026977,0.11690189903974534
24,5.896535009384155,5.778511966705322,0.1180230495929718
25,5.883156660079956,5.76204725074768,0.1211094021499157
26,5.878196022033691,5.754886823654175,0.12330921491980552
27,5.823666616439819,5.699200092315674,0.1244665335714817
28,5.760855016708374,5.635721956253052,0.1251330685019493
29,5.785007637023925,5.657028591156005,0.12797902965545654
30,5.741592316627503,5.6123692426681515,0.12922306764125824
31,5.813579462051392,5.679847074508667,0.1337323830127716
32,5.672127694129943,5.539210409164428,0.13291728842258455
33,5.650192167282104,5.514704710960388,0.13548746901750564
34,5.71804893875122,5.57902392578125,0.13902501279115678
35,5.615091286659241,5.474796991348267,0.14029428774118424
36,5.5348783798217775,5.3931894845962525,0.14168886855244636
37,5.616439155578613,5.468246804237365,0.14819235354661942
38,5.64949102306366,5.498470092773437,0.15102094036340713
39,5.695825019836426,5.541467359542847,0.15435765552520753
40,5.5991632328033445,5.443175636291504,0.15598758631944656
41,5.556953265190124,5.3977315778732295,0.15922166961431503
42,5.518064748764038,5.35659447479248,0.1614702796936035
43,5.474077730178833,5.310418766021728,0.16365896344184874
44,5.5164857625961305,5.347999813079834,0.1684859399199486
45,5.533433744430542,5.361322384834289,0.17211136716604233
46,5.50399513912201,5.329257209777832,0.17473793399333953
47,5.487968160629272,5.311233442306518,0.1767347145676613
48,5.431804081916809,5.253191122055053,0.1786129857301712
49,5.417857013702393,5.2380302600860595,0.17982676619291305
50,5.439458287239074,5.253795272827149,0.18566301745176314
51,5.352905860900879,5.170432121276855,0.1824737384915352
52,5.43152174949646,5.244876256942749,0.1866454917192459
53,5.424432089805603,5.2331422414779665,0.19128984814882277
54,5.392682338714599,5.200492897987366,0.19218944990634917
55,5.3992182779312134,5.205800457954407,0.19341780412197113
56,5.357989734649658,5.163821619033813,0.19416810822486877
57,5.404407945632935,5.207126430511474,0.1972815153002739
58,5.430146324157715,5.231319372177124,0.19882695293426514
59,5.360794158935547,5.161422636985779,0.1993715249300003
60,5.349511267662049,5.148876935958862,0.2006343356370926
61,5.338462359428406,5.136334550857544,0.20212780785560608
62,5.288360255241394,5.086145202636719,0.20221503305435182
63,5.346063970565796,5.139286276817322,0.20677769494056703
64,5.3254581089019775,5.116910017967224,0.20854808378219605
65,5.386084076881409,5.174499691009522,0.2115843824148178
66,5.32959188079834,5.118566598892212,0.21102528017759323
67,5.2753965892791745,5.063188302993774,0.21220827394723893
68,5.3471440505981445,5.133457961082459,0.21368608498573302
69,5.358221790313721,5.141878157615662,0.21634363645315172
70,5.327851648330689,5.110635016441345,0.21721662777662276
71,5.246555311203003,5.029263818740845,0.21729149055480956
72,5.368601654052735,5.1469407005310055,0.22166094779968262
73,5.234897562980652,5.0160844593048095,0.2188131155371666
74,5.320724884986878,5.0982117900848385,0.22251310503482818
75,5.254952326774597,5.031468933105469,0.22348340106010436
76,5.280625457763672,5.0558588418960575,0.22476659619808198
77,5.323778889656067,5.095971316337585,0.22780758380889893
78,5.390203886032104,5.158729314804077,0.23147455364465713
79,5.327034244537353,5.096704446792603,0.23032981014251708
80,5.32555834197998,5.093638509750366,0.23191983664035798
81,5.249522713661194,5.020173048973083,0.22934966260194778
82,5.289572854042053,5.05868363571167,0.2308892205953598
83,5.243877927780152,5.01084583568573,0.23303209948539733
84,5.238164623260498,5.003604480743408,0.23456015306711198
85,5.283351794242859,5.045975790023804,0.23737600964307784
86,5.20232786655426,4.967585289001465,0.2347425787448883
87,5.259678416252136,5.023968108177185,0.23571031552553176
88,5.215655194282531,4.980958075523376,0.23469712954759597
89,5.241003149032593,5.00228731918335,0.23871582704782485
90,5.231852505683899,4.99367555809021,0.23817695707082748
91,5.243750279426575,5.004465394973755,0.23928490447998046
92,5.231872580528259,4.9931722850799565,0.23870031094551086
93,5.2036996250152585,4.963049564361572,0.24065005868673325
94,5.293074099540711,5.0493612995147705,0.2437128079533577
95,5.240884808540344,4.998588621139526,0.24229618632793426
96,5.235413431167602,4.991872582435608,0.24354085201025008
97,5.14557465839386,4.904480690956116,0.2410939692258835
98,5.238444094657898,4.994526201248169,0.2439178974032402
99,5.199233078956604,4.955326539993286,0.24390653949975968
100,5.191881061553955,4.945789880752564,0.24609119540452956
101,5.140094166755676,4.896066842079162,0.2440273289680481
102,5.165812479972839,4.9190929470062255,0.24671953243017197
103,5.1465209226608275,4.901724992752075,0.2447959316968918
104,5.21527044582367,4.965781268119812,0.24948918199539186
105,5.136784274101258,4.888608573913574,0.248175699532032
106,5.161120104789734,4.911893261909485,0.24922683876752855
107,5.234320057868958,4.980098028182983,0.25422203534841536
108,5.127324830055237,4.877776016235352,0.24954881030321122
109,5.109521656036377,4.8609430685043336,0.24857857686281204
110,5.176079591751098,4.922259722709656,0.25381987339258194
111,5.168838446617126,4.91308414554596,0.2557542849779129
112,5.230235447883606,4.971029807090759,0.25920562851428985
113,5.171131316184997,4.915171764373779,0.2559595590829849
114,5.214541658401489,4.9553463830947875,0.2591952779889107
115,5.162805144309997,4.906059062957763,0.2567460673451424
116,5.142734419822693,4.8856641426086425,0.2570702818036079
117,5.145558032035828,4.887122811317444,0.2584352323412895
118,5.163343805313111,4.902458082199097,0.26088573259115216
119,5.108287714958191,4.8497983827590945,0.2584893471002579
120,5.172640171051025,4.912010713577271,0.26062946033477785
121,5.116936096191406,4.857526030540466,0.25941006326675414
122,5.175947358131409,4.912649147033691,0.2632982031702995
123,5.148294281005859,4.886378014564515,0.2619162759184837
124,5.159702847480774,4.896548254966736,0.2631545860767365
125,5.17787460231781,4.913800237655639,0.2640743761062622
126,5.197981163978577,4.9320839138031,0.265897248506546
127,5.183527203559875,4.917116719245911,0.26641049319505694
128,5.190833498001099,4.924014032363892,0.2668194651007652
129,5.150325986862183,4.885317276000976,0.265008708178997
130,5.107229639053345,4.841790270805359,0.2654393774271011
131,5.171949131011963,4.905096086502075,0.26685304355621337
132,5.15830411529541,4.889045769691467,0.26925834465026854
133,5.134171256065368,4.866259910583496,0.26791132551431657
134,5.098084923744202,4.832611615180969,0.2654733262062073
135,5.123310025215149,4.854238675117493,0.26907135409116745
136,5.148883521080017,4.878548232078552,0.27033531016111373
137,5.121588317871094,4.851011221885681,0.27057708740234376
138,5.194484202384949,4.921167201042175,0.27331703394651413
139,5.106224596977234,4.836649008750916,0.26957559484243393
140,5.110612811088562,4.841074192047119,0.2695386276245117
141,5.097217210769653,4.826922612190247,0.2702945795059204
142,5.113123830795288,4.842072792053223,0.2710510400533676
143,5.122370778083801,4.8499954948425295,0.27237528860569
144,5.093324344635009,4.820575331687928,0.27274901074171065
145,5.185461287498474,4.909431199073792,0.276030079305172
146,5.199519241333008,4.921974062919617,0.2775451865196228
147,5.161367300987243,4.884286732673645,0.2770805689692497
148,5.10685598564148,4.833621991157532,0.2732340080142021
149,5.1366800365448,4.861093678474426,0.2755863615274429
150,5.155697250366211,4.878697484016419,0.27699976992607117
151,5.120330436706543,4.84452278804779,0.27580765342712404
152,5.119273592948914,4.843459913253784,0.2758136795759201
153,5.13018798160553,4.8531099863052365,0.27707799237966535
154,5.078240944862365,4.8028096714019775,0.27543127703666687
155,5.096291934967041,4.81976026058197,0.27653167688846586
156,5.1115619010925295,4.834517612457275,0.277044286608696
157,5.041801753044129,4.767756636619568,0.2740451104044914
158,5.131029906272889,4.851428864479065,0.2796010438799858
159,5.089182980537415,4.810683275222778,0.2784997131824493
160,5.158984164237976,4.877229840278625,0.28175433725118637
161,5.104108024597168,4.82608495426178,0.2780230563879013
162,5.1087273473739625,4.828244003295898,0.28048334205150605
163,5.126715821266174,4.846520093917847,0.28019574511051176
164,5.125130467414856,4.8445111780166625,0.28061928164958955
165,5.111441617965698,4.830421241760254,0.28102036571502687
166,5.090681659698486,4.811799711227417,0.27888194274902345
167,5.159933685302734,4.876462064743042,0.28347161269187926
168,5.112855310440064,4.83110354423523,0.28175176393985746
169,5.09934681224823,4.816900466918946,0.28244634675979613
170,5.1145971422195435,4.831434174537659,0.2831629670858383
171,5.102699634552002,4.81914571762085,0.28355391722917556
172,5.112699179649353,4.830727807998657,0.2819713720083237
173,5.068608787536621,4.786626292228699,0.2819824802875519
174,5.134054699897766,4.848398708343506,0.28565598869323733
175,5.13551540184021,4.8489165763854984,0.2865988228321075
176,5.085209778785705,4.802908018112182,0.2823017655611038
177,5.136499240875244,4.850194460868836,0.2863047581911087
178,5.094527588844299,4.8111442937850954,0.28338329029083253
179,5.092219106674194,4.808378399848938,0.2838406987190247
180,5.080306833267212,4.795580795288086,0.2847260527610779
181,5.111853252410889,4.8242485752105715,0.28760467827320096
182,5.097870293617248,4.81091805934906,0.2869522389173508
183,5.052144009590149,4.766748626708984,0.28539537930488584
184,5.10966804599762,4.822702220916748,0.2869658340215683
185,5.05117556476593,4.765797391891479,0.28537816870212557
186,5.07134958076477,4.786377695083618,0.28497188138961793
187,5.132682753562928,4.842581151008606,0.29010158860683444
188,5.0241781425476075,4.738964693069458,0.2852134634256363
189,5.063993115425109,4.775991717338562,0.2880013997554779
190,5.149641060829163,4.858687145233154,0.2909539203643799
191,5.094845175743103,4.806255128860474,0.2885900458097458
192,5.1452344627380375,4.853374945640564,0.2918595099449158
193,5.1173416500091555,4.826833565711975,0.2905080907344818
194,5.082269223213196,4.79414213848114,0.2881270891427994
195,5.120397520065308,4.829147720336914,0.2912497935295105
196,5.093463932037354,4.804136373519897,0.28932753729820254
197,5.066348074913025,4.777269877433777,0.2890782095193863
198,5.085538170814514,4.794285975456238,0.2912522041797638
199,5.116537664413452,4.824962593078613,0.29157507967948915
200,5.086540920257568,4.796053743362426,0.2904871784448624
