,total_loss,feature_loss
0,1.095454619776818,1.095454619776818
1,0.9273622523071945,0.9273622523071945
2,0.870742363955385,0.870742363955385
3,0.8131954990407472,0.8131954990407472
4,0.7726971000753423,0.7726971000753423
5,0.7276528817351147,0.7276528817351147
6,0.6914889453559794,0.6914889453559794
7,0.6501958684254718,0.6501958684254718
8,0.6227343979702201,0.6227343979702201
9,0.591461516195728,0.591461516195728
10,0.565427161993519,0.565427161993519
11,0.542190146382137,0.542190146382137
12,0.5181389608049906,0.5181389608049906
13,0.5014552262521559,0.5014552262521559
14,0.4814810294617889,0.4814810294617889
15,0.46955949228297,0.46955949228297
16,0.45151126801326713,0.45151126801326713
17,0.4384883036536555,0.4384883036536555
18,0.4309560304046959,0.4309560304046959
19,0.42029424091821077,0.42029424091821077
20,0.40631954708407003,0.40631954708407003
21,0.40267017740075306,0.40267017740075306
22,0.39273958404858905,0.39273958404858905
23,0.38391916790316183,0.38391916790316183
24,0.3776509351627801,0.3776509351627801
25,0.37445297869302896,0.37445297869302896
26,0.36325819998659115,0.36325819998659115
27,0.3583691793103372,0.3583691793103372
28,0.3551012607671881,0.3551012607671881
29,0.34829534349902985,0.34829534349902985
30,0.3461380165110352,0.3461380165110352
31,0.33914307144380385,0.33914307144380385
32,0.33789100570063435,0.33789100570063435
33,0.3342249858123,0.3342249858123
34,0.3309593742252678,0.3309593742252678
35,0.3263865635600141,0.3263865635600141
36,0.3243357318062936,0.3243357318062936
37,0.323970466531733,0.323970466531733
38,0.31820396582285565,0.31820396582285565
39,0.31834263763120096,0.31834263763120096
40,0.31491150779108845,0.31491150779108845
41,0.3147943971618529,0.3147943971618529
42,0.3112827440102895,0.3112827440102895
43,0.30769850041276664,0.30769850041276664
44,0.3072974159512469,0.3072974159512469
45,0.30491979404162334,0.30491979404162334
46,0.3016252126744998,0.3016252126744998
47,0.3010589427524997,0.3010589427524997
48,0.2989972028681027,0.2989972028681027
49,0.30229333027075694,0.30229333027075694
50,0.29830129572781183,0.29830129572781183
51,0.29722526413138195,0.29722526413138195
52,0.2951720110190812,0.2951720110190812
53,0.29370471194226255,0.29370471194226255
54,0.2918635558697485,0.2918635558697485
55,0.291238731914951,0.291238731914951
56,0.28862925787125865,0.28862925787125865
57,0.28777450835832985,0.28777450835832985
58,0.28765676178598915,0.28765676178598915
59,0.28657162638120753,0.28657162638120753
60,0.28564437054177766,0.28564437054177766
61,0.28570425510406494,0.28570425510406494
62,0.2853106035981127,0.2853106035981127
63,0.28288997597591853,0.28288997597591853
64,0.28183742236065606,0.28183742236065606
65,0.28259286925356875,0.28259286925356875
66,0.2807129844222018,0.2807129844222018
67,0.28117644610584425,0.28117644610584425
68,0.2773307353578588,0.2773307353578588
69,0.27822966312849395,0.27822966312849395
70,0.2767427975452074,0.2767427975452074
71,0.27690378472369204,0.27690378472369204
72,0.27578261334408993,0.27578261334408993
73,0.2727887809917491,0.2727887809917491
74,0.27506078491287844,0.27506078491287844
75,0.27247479301626965,0.27247479301626965
76,0.2690788722166451,0.2690788722166451
77,0.2692195830806609,0.2692195830806609
78,0.2702446943649682,0.2702446943649682
79,0.27177546133277236,0.27177546133277236
80,0.26855723559856415,0.26855723559856415
81,0.26740423181364614,0.26740423181364614
82,0.2649484054055265,0.2649484054055265
83,0.26483163606095056,0.26483163606095056
84,0.2649262614788548,0.2649262614788548
85,0.26441258752858765,0.26441258752858765
86,0.26323940661004797,0.26323940661004797
87,0.25874869221000263,0.25874869221000263
88,0.2606187701545736,0.2606187701545736
89,0.2605994975054136,0.2605994975054136
90,0.25449774422312293,0.25449774422312293
91,0.25648165582328714,0.25648165582328714
92,0.2561083088318507,0.2561083088318507
93,0.25215649332410545,0.25215649332410545
94,0.25294498923004316,0.25294498923004316
95,0.25231916946108623,0.25231916946108623
96,0.2505585919785243,0.2505585919785243
97,0.24895541930711398,0.24895541930711398
98,0.2487223151550498,0.2487223151550498
99,0.24801543579306654,0.24801543579306654
100,0.24533981261073903,0.24533981261073903
101,0.24541790414881962,0.24541790414881962
102,0.24395006334268918,0.24395006334268918
103,0.24343353606039478,0.24343353606039478
104,0.24350680555066756,0.24350680555066756
105,0.24238655211464052,0.24238655211464052
106,0.24079164077517806,0.24079164077517806
107,0.23974041800986054,0.23974041800986054
108,0.23777539787753935,0.23777539787753935
109,0.23782153635896663,0.23782153635896663
110,0.24003336089913563,0.24003336089913563
111,0.23420634304964413,0.23420634304964413
112,0.2356129833447036,0.2356129833447036
113,0.23495213190714517,0.23495213190714517
114,0.23134390625261492,0.23134390625261492
115,0.23367488528451613,0.23367488528451613
116,0.23237227448212203,0.23237227448212203
117,0.2319733662310467,0.2319733662310467
118,0.23077569052737246,0.23077569052737246
119,0.2317209929548284,0.2317209929548284
120,0.22986907600074685,0.22986907600074685
121,0.22879674950594542,0.22879674950594542
122,0.22958237685823954,0.22958237685823954
123,0.22693900796034003,0.22693900796034003
124,0.22453328422320787,0.22453328422320787
125,0.22410934474519503,0.22410934474519503
126,0.22325186142998357,0.22325186142998357
127,0.2240514966749376,0.2240514966749376
128,0.22459226398057835,0.22459226398057835
129,0.22226485914440566,0.22226485914440566
130,0.22098474605109103,0.22098474605109103
131,0.21996800905914718,0.21996800905914718
132,0.22192668770590135,0.22192668770590135
133,0.2188500620985544,0.2188500620985544
134,0.21806820425935972,0.21806820425935972
135,0.21789295538779227,0.21789295538779227
136,0.21932210364649374,0.21932210364649374
137,0.21414293028334136,0.21414293028334136
138,0.21414630627760323,0.21414630627760323
139,0.2132960090073206,0.2132960090073206
140,0.2147451102413157,0.2147451102413157
141,0.21205173705213815,0.21205173705213815
142,0.21154936379001987,0.21154936379001987
143,0.21133526550826207,0.21133526550826207
144,0.21004853053118594,0.21004853053118594
145,0.21024876031824338,0.21024876031824338
146,0.20923696394248675,0.20923696394248675
147,0.20932809015115103,0.20932809015115103
148,0.20804331956371183,0.20804331956371183
149,0.20836081235639511,0.20836081235639511
150,0.20548703177000888,0.20548703177000888
151,0.20465073053554822,0.20465073053554822
152,0.2033293721496418,0.2033293721496418
153,0.20551507607583078,0.20551507607583078
154,0.20482582174321656,0.20482582174321656
155,0.2040092897030615,0.2040092897030615
156,0.201851634408838,0.201851634408838
157,0.2012056435949059,0.2012056435949059
158,0.19918777160747078,0.19918777160747078
159,0.20093971699155788,0.20093971699155788
160,0.20040011966741214,0.20040011966741214
161,0.19882785985546728,0.19882785985546728
162,0.1998687283967131,0.1998687283967131
163,0.19508470883292536,0.19508470883292536
164,0.19751683550496255,0.19751683550496255
165,0.1977099476642506,0.1977099476642506
166,0.1960351114631981,0.1960351114631981
167,0.19557466077548202,0.19557466077548202
168,0.19357730464268758,0.19357730464268758
169,0.19385273450164384,0.19385273450164384
170,0.19346103600917325,0.19346103600917325
171,0.19278295963041245,0.19278295963041245
172,0.19241966050799175,0.19241966050799175
173,0.19371824463208517,0.19371824463208517
174,0.19261113626341667,0.19261113626341667
175,0.1903271556541484,0.1903271556541484
176,0.18942916457371045,0.18942916457371045
177,0.1889105431174719,0.1889105431174719
178,0.1902454642839329,0.1902454642839329
179,0.19081550468039768,0.19081550468039768
180,0.18808674411748044,0.18808674411748044
181,0.18707940751506436,0.18707940751506436
182,0.1880448156146593,0.1880448156146593
183,0.18725087998374815,0.18725087998374815
184,0.18789355312624284,0.18789355312624284
185,0.18784110424339132,0.18784110424339132
186,0.18650150811800392,0.18650150811800392
187,0.18462829420002558,0.18462829420002558
188,0.1837192270704495,0.1837192270704495
189,0.18565969425503925,0.18565969425503925
190,0.18531650529112867,0.18531650529112867
191,0.1844341311083045,0.1844341311083045
192,0.18402021658676926,0.18402021658676926
193,0.1832365106831315,0.1832365106831315
194,0.18286456728494296,0.18286456728494296
195,0.18207855795019418,0.18207855795019418
196,0.18239446096522835,0.18239446096522835
197,0.1825272766172245,0.1825272766172245
198,0.18146733458965056,0.18146733458965056
199,0.1811663984291015,0.1811663984291015
200,0.18233749975440322,0.18233749975440322
201,0.18215072203067043,0.18215072203067043
202,0.18079513567750172,0.18079513567750172
203,0.17967353600968597,0.17967353600968597
204,0.17962153864804134,0.17962153864804134
205,0.17850840956934036,0.17850840956934036
206,0.1810670360442131,0.1810670360442131
207,0.17968642343116062,0.17968642343116062
208,0.17844998035379636,0.17844998035379636
209,0.17713631513298198,0.17713631513298198
210,0.17753557155850114,0.17753557155850114
211,0.17744726647612868,0.17744726647612868
212,0.17698716091853317,0.17698716091853317
213,0.17706637212666132,0.17706637212666132
214,0.17769099066975297,0.17769099066975297
215,0.17632837257077616,0.17632837257077616
216,0.17615049869142552,0.17615049869142552
217,0.17811655453456346,0.17811655453456346
218,0.1761490632128972,0.1761490632128972
219,0.17581935515326838,0.17581935515326838
220,0.1748704610652821,0.1748704610652821
221,0.17616672044800175,0.17616672044800175
222,0.17579058181214077,0.17579058181214077
223,0.17487282281921757,0.17487282281921757
224,0.17442394664851568,0.17442394664851568
225,0.17400204510458053,0.17400204510458053
226,0.17509114998643116,0.17509114998643116
227,0.1735178344352271,0.1735178344352271
228,0.17408416780733293,0.17408416780733293
229,0.17450927101796673,0.17450927101796673
230,0.17302113114505685,0.17302113114505685
231,0.17301917781112014,0.17301917781112014
232,0.1732013637340197,0.1732013637340197
233,0.17255881492809583,0.17255881492809583
234,0.17143538289813584,0.17143538289813584
235,0.1711295207021057,0.1711295207021057
236,0.17082551105688976,0.17082551105688976
237,0.1702614088532745,0.1702614088532745
238,0.1707758632718876,0.1707758632718876
239,0.17130783424582532,0.17130783424582532
240,0.16965218176764826,0.16965218176764826
241,0.17121352111139604,0.17121352111139604
242,0.16995196509104904,0.16995196509104904
243,0.17189436157544455,0.17189436157544455
244,0.16851696404077673,0.16851696404077673
245,0.16908921061023588,0.16908921061023588
246,0.17087004742314738,0.17087004742314738
247,0.16864469775589563,0.16864469775589563
248,0.1695586540686187,0.1695586540686187
249,0.16935650763973112,0.16935650763973112
250,0.16805751765927962,0.16805751765927962
251,0.16974001914583225,0.16974001914583225
252,0.16691451864216916,0.16691451864216916
253,0.16825146091881618,0.16825146091881618
254,0.1685819987968732,0.1685819987968732
255,0.16832992370410632,0.16832992370410632
256,0.16844200334882223,0.16844200334882223
257,0.1683379009526263,0.1683379009526263
258,0.16919820122821358,0.16919820122821358
259,0.16602658568530954,0.16602658568530954
260,0.1661496337062569,0.1661496337062569
261,0.16653956665146735,0.16653956665146735
262,0.16623797868528672,0.16623797868528672
263,0.16670272731652824,0.16670272731652824
264,0.16656223868811001,0.16656223868811001
265,0.16653765802101422,0.16653765802101422
266,0.16460818709224784,0.16460818709224784
267,0.1644608073978014,0.1644608073978014
268,0.1672465201988015,0.1672465201988015
269,0.16548510632848226,0.16548510632848226
270,0.16495110607275398,0.16495110607275398
271,0.16619811423363223,0.16619811423363223
272,0.1637182713195842,0.1637182713195842
273,0.16534059582858956,0.16534059582858956
274,0.1652985982676988,0.1652985982676988
275,0.16434300490604933,0.16434300490604933
276,0.16368398182494667,0.16368398182494667
277,0.1631380404515933,0.1631380404515933
278,0.16292413043719467,0.16292413043719467
279,0.16381859122424997,0.16381859122424997
280,0.16281197612644524,0.16281197612644524
281,0.16090588608095724,0.16090588608095724
282,0.16235252125288852,0.16235252125288852
283,0.16394029846114497,0.16394029846114497
284,0.16385818697432036,0.16385818697432036
285,0.16199488681490704,0.16199488681490704
286,0.1624355989117776,0.1624355989117776
287,0.16243994812811574,0.16243994812811574
288,0.16210245060664352,0.16210245060664352
289,0.16098620790627696,0.16098620790627696
290,0.16167264583931173,0.16167264583931173
291,0.16258891006951692,0.16258891006951692
292,0.1627383089514189,0.1627383089514189
293,0.16100069415825669,0.16100069415825669
294,0.1605499029480001,0.1605499029480001
295,0.15974990046152504,0.15974990046152504
296,0.15947505030580747,0.15947505030580747
297,0.16010615501993447,0.16010615501993447
298,0.16035221533108784,0.16035221533108784
299,0.16058670897637645,0.16058670897637645
300,0.16008096124215793,0.16008096124215793
301,0.15900237345567314,0.15900237345567314
302,0.15998967873152867,0.15998967873152867
303,0.15934918804835246,0.15934918804835246
304,0.16013322033548869,0.16013322033548869
305,0.15910866872597768,0.15910866872597768
306,0.1587043177056056,0.1587043177056056
307,0.1597279548164337,0.1597279548164337
308,0.1604015487496571,0.1604015487496571
309,0.15976284804844088,0.15976284804844088
310,0.15906711707832993,0.15906711707832993
311,0.15873842117606954,0.15873842117606954
312,0.15875686144316067,0.15875686144316067
313,0.15851218950363896,0.15851218950363896
314,0.1588114679500621,0.1588114679500621
315,0.1582326284980261,0.1582326284980261
316,0.1579892151458289,0.1579892151458289
317,0.15771309694936197,0.15771309694936197
318,0.15797668791586353,0.15797668791586353
319,0.15863915508793247,0.15863915508793247
320,0.15683437226921,0.15683437226921
321,0.15814001137210476,0.15814001137210476
322,0.15758974882223273,0.15758974882223273
323,0.15641987435920265,0.15641987435920265
324,0.15859554307435147,0.15859554307435147
325,0.15633188540576606,0.15633188540576606
326,0.15815099913586853,0.15815099913586853
327,0.15690989039277517,0.15690989039277517
328,0.15690382642130699,0.15690382642130699
329,0.15666553362082408,0.15666553362082408
330,0.15707592457853337,0.15707592457853337
331,0.15450945488547765,0.15450945488547765
332,0.1566620064518785,0.1566620064518785
333,0.15591413687954667,0.15591413687954667
334,0.15526402349113136,0.15526402349113136
335,0.1576573286325701,0.1576573286325701
336,0.15697781469232291,0.15697781469232291
337,0.15530958587443958,0.15530958587443958
338,0.1558103343491913,0.1558103343491913
339,0.153816837296691,0.153816837296691
340,0.15486202717468303,0.15486202717468303
341,0.1567504123974872,0.1567504123974872
342,0.1547494300751276,0.1547494300751276
343,0.15609862342957528,0.15609862342957528
344,0.15422265840473995,0.15422265840473995
345,0.15505743667643557,0.15505743667643557
346,0.15414279875575856,0.15414279875575856
347,0.1543730120825511,0.1543730120825511
348,0.15423063821690056,0.15423063821690056
349,0.15392176919086006,0.15392176919086006
350,0.15279329015362647,0.15279329015362647
351,0.15487748544703248,0.15487748544703248
352,0.15606784027430318,0.15606784027430318
353,0.15435240025161415,0.15435240025161415
354,0.1546282688135742,0.1546282688135742
355,0.15444536266788358,0.15444536266788358
356,0.15544601633984556,0.15544601633984556
357,0.15409708439662892,0.15409708439662892
358,0.15215524382168247,0.15215524382168247
359,0.15381032548924928,0.15381032548924928
360,0.15295532538044837,0.15295532538044837
361,0.1514772569300026,0.1514772569300026
362,0.15114610465944453,0.15114610465944453
363,0.15296918698536452,0.15296918698536452
364,0.15314575340799105,0.15314575340799105
365,0.1528506558588756,0.1528506558588756
366,0.15199574916273034,0.15199574916273034
367,0.152432694710711,0.152432694710711
368,0.1524245436153104,0.1524245436153104
369,0.15283800982018952,0.15283800982018952
370,0.15329102482846987,0.15329102482846987
371,0.15197226709576064,0.15197226709576064
372,0.15089316313625664,0.15089316313625664
373,0.152085867460056,0.152085867460056
374,0.1508974011546822,0.1508974011546822
375,0.1569650661881252,0.1569650661881252
376,0.1527809109739078,0.1527809109739078
377,0.15092297635411703,0.15092297635411703
378,0.1507162174550436,0.1507162174550436
379,0.14953343522164128,0.14953343522164128
380,0.1509543054847307,0.1509543054847307
381,0.14988116383232097,0.14988116383232097
382,0.14885385606878548,0.14885385606878548
383,0.1514896801722947,0.1514896801722947
384,0.15105324118368088,0.15105324118368088
385,0.15045897566503094,0.15045897566503094
386,0.15076951314044254,0.15076951314044254
387,0.15113169820077957,0.15113169820077957
388,0.1510128684902704,0.1510128684902704
389,0.1496778763430093,0.1496778763430093
390,0.15155982570622556,0.15155982570622556
391,0.1509163740181154,0.1509163740181154
392,0.151167808681406,0.151167808681406
393,0.15015161526139065,0.15015161526139065
394,0.14909042706412654,0.14909042706412654
395,0.14892035145913401,0.14892035145913401
396,0.14887462203861565,0.14887462203861565
397,0.14858608909191623,0.14858608909191623
398,0.1513127646939729,0.1513127646939729
399,0.15118657533199556,0.15118657533199556
400,0.1502320820926338,0.1502320820926338
401,0.14955629584609823,0.14955629584609823
402,0.14943241392092038,0.14943241392092038
403,0.14918921639521918,0.14918921639521918
404,0.14826309937302784,0.14826309937302784
405,0.14930643349565487,0.14930643349565487
406,0.14842924844193203,0.14842924844193203
407,0.1480362170165585,0.1480362170165585
408,0.14813679312506028,0.14813679312506028
409,0.1480534482867487,0.1480534482867487
410,0.14846709915386733,0.14846709915386733
411,0.15022310358221813,0.15022310358221813
412,0.1495294192785858,0.1495294192785858
413,0.1499508727462061,0.1499508727462061
414,0.1486063508256789,0.1486063508256789
415,0.14845283073122784,0.14845283073122784
416,0.149194429718679,0.149194429718679
417,0.14782373270680826,0.14782373270680826
418,0.14898102001477315,0.14898102001477315
419,0.14905329024599445,0.14905329024599445
420,0.14795743153300336,0.14795743153300336
421,0.14853649930928342,0.14853649930928342
422,0.14891190650642558,0.14891190650642558
423,0.14715850096876903,0.14715850096876903
424,0.14660824042174123,0.14660824042174123
425,0.14696123635256161,0.14696123635256161
426,0.14800878101459114,0.14800878101459114
427,0.1478524661512785,0.1478524661512785
428,0.14666987611081012,0.14666987611081012
429,0.1497025119681512,0.1497025119681512
430,0.14742895496147934,0.14742895496147934
431,0.14722446672698503,0.14722446672698503
432,0.14769999987335616,0.14769999987335616
433,0.14696321404108437,0.14696321404108437
434,0.14687653959438365,0.14687653959438365
435,0.14872800727044383,0.14872800727044383
436,0.14606149510670735,0.14606149510670735
437,0.1465787136106081,0.1465787136106081
438,0.14761737405612904,0.14761737405612904
439,0.14618707047675245,0.14618707047675245
440,0.14555132941853616,0.14555132941853616
441,0.14725002229854625,0.14725002229854625
442,0.14748686584093237,0.14748686584093237
443,0.14575733829249618,0.14575733829249618
444,0.14525054411221577,0.14525054411221577
445,0.14609067566612716,0.14609067566612716
446,0.14660405503806248,0.14660405503806248
447,0.14516802308379964,0.14516802308379964
448,0.14709158498112873,0.14709158498112873
449,0.14640649095658334,0.14640649095658334
450,0.1470201669200774,0.1470201669200774
451,0.1454853326562912,0.1454853326562912
452,0.14611262988339188,0.14611262988339188
453,0.14590769853963648,0.14590769853963648
454,0.14636827652813286,0.14636827652813286
455,0.14631724950446878,0.14631724950446878
456,0.14677298028943359,0.14677298028943359
457,0.1452678922683962,0.1452678922683962
458,0.14477395883170507,0.14477395883170507
459,0.14529956316435208,0.14529956316435208
460,0.14539643224849497,0.14539643224849497
461,0.14443054122309532,0.14443054122309532
462,0.1447761191796231,0.1447761191796231
463,0.14563609739785555,0.14563609739785555
464,0.1464817903695568,0.1464817903695568
465,0.14482007327900137,0.14482007327900137
466,0.14539296917056524,0.14539296917056524
467,0.14695830370790214,0.14695830370790214
468,0.1445863307003052,0.1445863307003052
469,0.14393369356791177,0.14393369356791177
