,total_loss,feature_loss
0,0.16901356120331165,0.16901356120331165
1,0.16205097625079828,0.16205097625079828
2,0.15969950462190005,0.15969950462190005
3,0.157201126910364,0.157201126910364
4,0.15415708410243192,0.15415708410243192
5,0.14992419730585355,0.14992419730585355
6,0.14426426178751847,0.14426426178751847
7,0.13860371961998633,0.13860371961998633
8,0.13070123014637294,0.13070123014637294
9,0.1235268192891127,0.1235268192891127
10,0.11590687718051366,0.11590687718051366
11,0.10949081158599792,0.10949081158599792
12,0.10348201612344919,0.10348201612344919
13,0.09796539462434176,0.09796539462434176
14,0.09345141724229623,0.09345141724229623
15,0.08904427184890477,0.08904427184890477
16,0.08496789314234868,0.08496789314234868
17,0.08184845661983275,0.08184845661983275
18,0.07864883871605763,0.07864883871605763
19,0.07582182352407238,0.07582182352407238
20,0.07295557849395734,0.07295557849395734
21,0.07072345493361354,0.07072345493361354
22,0.06841513520488754,0.06841513520488754
23,0.06675420940304413,0.06675420940304413
24,0.0646694468286557,0.0646694468286557
25,0.06301701651551785,0.06301701651551785
26,0.06094910009788015,0.06094910009788015
27,0.0596186008829719,0.0596186008829719
28,0.05817974948634704,0.05817974948634704
29,0.056575161369087607,0.056575161369087607
30,0.05533376763550899,0.05533376763550899
31,0.05337121562124827,0.05337121562124827
32,0.05243290070062264,0.05243290070062264
33,0.05152155836232197,0.05152155836232197
34,0.0503638877819937,0.0503638877819937
35,0.049344437304311074,0.049344437304311074
36,0.04828900947737006,0.04828900947737006
37,0.0468386695959056,0.0468386695959056
38,0.045647831669507116,0.045647831669507116
39,0.044840214953113064,0.044840214953113064
40,0.043762015095219396,0.043762015095219396
41,0.04326478707102629,0.04326478707102629
42,0.04246933506324123,0.04246933506324123
43,0.04164928841428497,0.04164928841428497
44,0.04075518942987307,0.04075518942987307
45,0.04011170920700981,0.04011170920700981
46,0.03954325159056447,0.03954325159056447
47,0.03889116586353152,0.03889116586353152
48,0.038196408201773197,0.038196408201773197
49,0.037168812102232225,0.037168812102232225
50,0.03682095297158529,0.03682095297158529
51,0.03624635728267141,0.03624635728267141
52,0.035781721506888665,0.035781721506888665
53,0.035053126221427165,0.035053126221427165
54,0.034677658206186235,0.034677658206186235
55,0.03444926000725573,0.03444926000725573
56,0.03390779469806988,0.03390779469806988
57,0.033206665607837915,0.033206665607837915
58,0.032548762613143295,0.032548762613143295
59,0.032068668148265436,0.032068668148265436
60,0.031754156264166035,0.031754156264166035
61,0.0314718511624214,0.0314718511624214
62,0.0309833601797716,0.0309833601797716
63,0.030683592994673513,0.030683592994673513
64,0.030168001778805867,0.030168001778805867
65,0.030123621905938938,0.030123621905938938
66,0.030046835356654648,0.030046835356654648
67,0.029754149948413938,0.029754149948413938
68,0.02915351601460805,0.02915351601460805
69,0.028798958071722433,0.028798958071722433
70,0.028353123603245385,0.028353123603245385
