,total_loss,mse_loss,duration_loss
0,5.297235488891602,2.7037981748580933,2.593437284231186
1,4.960889458656311,2.699083626270294,2.2618058621883392
2,4.72842538356781,2.5890302062034607,2.13939505815506
3,4.465072154998779,2.487148106098175,1.9779240190982819
4,4.64817202091217,2.5971885919570923,2.0509835183620453
5,4.64006769657135,2.515784502029419,2.124283194541931
6,4.36585408449173,2.3182851672172546,2.0475689470767975
7,4.23604679107666,2.3830844461917877,1.8529624044895172
8,4.118399262428284,2.259068489074707,1.8593308329582214
9,4.186262369155884,2.2619447708129883,1.9243175983428955
10,3.794099748134613,2.127517580986023,1.6665821373462677
11,3.745887339115143,2.1894458532333374,1.5564414858818054
12,3.647778332233429,2.0146357715129852,1.6331425905227661
13,3.6910558938980103,2.0240203738212585,1.6670355200767517
14,3.8120079040527344,2.0216404795646667,1.7903673946857452
15,3.689202070236206,2.011680781841278,1.6775212287902832
16,3.7617512941360474,2.0139128267765045,1.7478384673595428
17,3.770665168762207,1.9842519760131836,1.7864132225513458
18,3.328009307384491,1.7811455428600311,1.5468637347221375
19,3.407201409339905,1.8180132508277893,1.5891881883144379
20,3.5154935717582703,1.8671361207962036,1.6483574509620667
21,3.3080212473869324,1.7915350496768951,1.5164862275123596
22,3.2935290932655334,1.7951355576515198,1.498393565416336
23,3.3352179527282715,1.7663601636886597,1.5688577890396118
24,3.3960757851600647,1.7632581889629364,1.6328176259994507
25,3.2129988074302673,1.6924934685230255,1.5205053091049194
26,3.102765202522278,1.6199135184288025,1.4828516244888306
27,3.272726893424988,1.6450360715389252,1.627690851688385
28,2.9787732362747192,1.555395394563675,1.4233778417110443
29,3.2340548634529114,1.5916411876678467,1.642413705587387
30,3.056548774242401,1.5567786395549774,1.4997701346874237
31,2.9221529960632324,1.5604075193405151,1.361745446920395
32,2.7645999789237976,1.4998105466365814,1.2647894322872162
33,2.605011522769928,1.4455094933509827,1.159501999616623
34,3.112801969051361,1.4688327610492706,1.6439692378044128
35,2.9008936285972595,1.3630478382110596,1.5378457307815552
36,2.7816675901412964,1.3637640178203583,1.4179035127162933
37,2.6826462745666504,1.3498754501342773,1.3327707648277283
38,2.63185316324234,1.3581867814064026,1.2736663520336151
39,2.577764928340912,1.324066162109375,1.2536987662315369
40,2.3896183371543884,1.2454610764980316,1.1441572904586792
41,2.501136064529419,1.2283446490764618,1.2727913707494736
42,2.62934410572052,1.250691831111908,1.378652274608612
43,2.456875443458557,1.2714295983314514,1.1854459345340729
44,2.8459147214889526,1.2560367584228516,1.5898779034614563
45,2.926626145839691,1.2260554134845734,1.7005707621574402
46,2.942215144634247,1.2063020169734955,1.735913097858429
47,2.834393084049225,1.150781363248825,1.6836117804050446
48,2.7877179980278015,1.1412972509860992,1.646420806646347
49,2.677022099494934,1.2079358994960785,1.4690861701965332
50,2.598760724067688,1.1513143479824066,1.4474464058876038
51,2.4740918278694153,1.1378577649593353,1.3362340331077576
52,2.3229459524154663,1.1277854144573212,1.1951605677604675
53,2.497933804988861,1.1452337801456451,1.352700024843216
54,2.5646284222602844,1.1585520505905151,1.406076341867447
55,2.148414224386215,1.1667327582836151,0.9816815555095673
56,2.014877200126648,1.1616996824741364,0.853177472949028
57,1.9696237444877625,1.134279578924179,0.8353442251682281
58,2.1918864846229553,1.1047484278678894,1.0871380418539047
59,2.5026192665100098,1.1792385876178741,1.3233806788921356
60,2.45160174369812,1.1919167339801788,1.2596849501132965
61,2.3348063826560974,1.1488943099975586,1.1859120428562164
62,2.3065068125724792,1.1859365105628967,1.120570331811905
63,2.462849259376526,1.1832875609397888,1.2795616388320923
64,2.3513161540031433,1.1307735741138458,1.220542550086975
65,2.7790148854255676,1.0610291957855225,1.717985600233078
66,2.5463632345199585,1.1386776566505432,1.4076855778694153
67,2.4044331908226013,1.2115874588489532,1.192845731973648
68,2.4291036128997803,1.1480942070484161,1.2810094356536865
69,2.565609037876129,1.1083778142929077,1.4572312831878662
70,2.6579052209854126,1.0843439400196075,1.573561280965805
71,2.5807570815086365,1.1316999197006226,1.449057161808014
72,2.4475849866867065,1.1092336177825928,1.3383513689041138
73,2.3644814491271973,1.0440901070833206,1.3203913569450378
74,2.2281174659729004,1.0529553592205048,1.175162136554718
75,2.2472713589668274,1.0628173351287842,1.1844539642333984
76,2.2574559450149536,1.0831379294395447,1.1743180751800537
77,1.9937084019184113,1.0661092698574066,0.9275991469621658
78,2.017819046974182,1.0656020045280457,0.9522170573472977
79,2.0916730165481567,1.0680733025074005,1.0235996842384338
80,1.920143961906433,1.0180061012506485,0.9021378606557846
81,1.9874171614646912,1.0037976950407028,0.9836194515228271
82,1.9915759563446045,1.036129653453827,0.9554463326931
83,1.8459738194942474,0.9893215298652649,0.8566522598266602
84,2.109620839357376,0.9695232063531876,1.1400976777076721
85,2.13315612077713,0.9496968686580658,1.1834592521190643
86,2.2796466946601868,1.0409473180770874,1.2386994063854218
87,2.1205170154571533,1.0279905200004578,1.0925264358520508
88,2.1825047731399536,1.0182908773422241,1.1642139554023743
89,2.1236788034439087,0.987245187163353,1.1364335715770721
90,2.2541297674179077,0.9479082226753235,1.3062215447425842
91,2.106163799762726,0.9252524673938751,1.1809113025665283
92,2.165120780467987,0.9711176604032516,1.1940031349658966
93,2.257106840610504,1.0239344835281372,1.2331723868846893
94,2.3869599103927612,0.9703688472509384,1.416591078042984
95,2.413413166999817,0.9745897054672241,1.4388234615325928
96,2.50116103887558,0.9989989697933197,1.5021620690822601
97,2.6398147344589233,1.0265399813652039,1.6132747530937195
98,2.5326184034347534,1.006263718008995,1.5263546407222748
99,2.5052199959754944,0.9739686846733093,1.5312513411045074
100,2.437102258205414,0.9584026038646698,1.478699654340744
101,2.4929840564727783,0.9946668446063995,1.4983172416687012
102,2.5995007753372192,1.0002491623163223,1.599251627922058
103,2.094042807817459,1.0003657788038254,1.0936770141124725
104,2.2401430010795593,0.9997119456529617,1.2404311001300812
105,2.898983061313629,0.9831413179636002,1.9158417284488678
106,2.1749916672706604,1.1739696562290192,1.0010220110416412
107,2.9440799355506897,1.2078674733638763,1.7362124919891357
108,2.5088834166526794,1.230137199163437,1.2787461280822754
109,2.882680892944336,1.119180828332901,1.763500064611435
110,2.4361627101898193,1.101447969675064,1.3347147107124329
111,2.4444966316223145,1.0387029349803925,1.405793696641922
112,2.6183825731277466,1.027715414762497,1.5906671583652496
113,2.6530203223228455,1.0177100896835327,1.635310173034668
114,2.7657471299171448,1.0179015398025513,1.7478455901145935
115,2.688809096813202,0.9858593344688416,1.702949732542038
116,3.1307020783424377,1.764241248369217,1.3664608299732208
117,2.661670506000519,1.6136020123958588,1.04806849360466
118,3.102832078933716,1.5842224061489105,1.5186096131801605
119,3.140467345714569,1.4864254593849182,1.6540418565273285
120,2.750967860221863,1.378705382347107,1.3722624778747559
121,2.816750407218933,1.3081923425197601,1.5085580050945282
122,2.6942100524902344,1.2335950136184692,1.46061509847641
123,2.605308771133423,1.1758663654327393,1.4294424057006836
124,2.4788023233413696,1.145260602235794,1.3335417211055756
125,2.4931913018226624,1.1090251207351685,1.384166181087494
126,2.5415162444114685,1.102917104959488,1.4385991394519806
127,2.3820310831069946,1.057057112455368,1.3249740302562714
128,2.2730032801628113,1.0371043235063553,1.2358989417552948
129,2.3925687670707703,0.9689896255731583,1.4235791563987732
130,2.6142181754112244,1.0685223042964935,1.5456959009170532
131,2.490200459957123,1.0350882411003113,1.4551121890544891
132,2.3933419585227966,0.9616211354732513,1.4317208230495453
133,2.5067026615142822,0.980707198381424,1.5259954929351807
134,2.5361526012420654,1.005113124847412,1.531039446592331
135,2.5666424036026,1.0622398853302002,1.5044025182724
136,2.5005964040756226,1.0212172865867615,1.4793790876865387
137,2.524747371673584,0.9823921620845795,1.5423552095890045
138,2.462542772293091,0.9878064543008804,1.4747363924980164
139,2.4770990014076233,0.9259664863348007,1.5511325299739838
140,2.421657681465149,0.9834345579147339,1.438223123550415
141,2.2787237763404846,0.9113453924655914,1.3673784136772156
142,2.282377004623413,0.8932519406080246,1.389125019311905
143,2.30952787399292,0.9135361760854721,1.3959916830062866
144,2.1965436935424805,0.8814934641122818,1.315050169825554
145,2.29241406917572,0.8834582418203354,1.4089558124542236
146,2.1918885707855225,0.8889762908220291,1.3029122948646545
147,2.2204983830451965,0.8387423455715179,1.3817560076713562
148,2.389068126678467,0.9021006375551224,1.4869675636291504
149,2.485107958316803,0.8914244174957275,1.5936836004257202
150,2.4038381576538086,0.8973146229982376,1.5065234899520874
151,2.2073068618774414,0.8593475967645645,1.3479592204093933
152,2.326969623565674,0.8407825082540512,1.4861871004104614
153,2.4292466044425964,0.8750436455011368,1.5542029440402985
154,2.4217755794525146,0.8646402209997177,1.5571354031562805
155,2.3984060287475586,0.8073439300060272,1.5910620987415314
156,2.3734806180000305,0.8384233266115189,1.535057246685028
157,2.19407856464386,0.8377431035041809,1.356335461139679
158,2.229012966156006,0.8099475353956223,1.4190654456615448
159,2.444890797138214,0.8414022475481033,1.603488564491272
160,2.3545653223991394,0.8659111857414246,1.4886541664600372
161,2.373005986213684,0.885171502828598,1.4878344535827637
162,2.212555229663849,0.8410152792930603,1.371539980173111
163,2.5202940702438354,0.824995219707489,1.6952988505363464
164,2.559257924556732,0.872171089053154,1.687086820602417
165,2.393248498439789,0.8479318767786026,1.5453166663646698
166,2.311311423778534,0.8117715120315552,1.4995399117469788
167,2.222342371940613,0.7550329715013504,1.467309445142746
168,2.431133449077606,0.8115520626306534,1.619581401348114
169,2.3628716468811035,0.8404630869626999,1.5224086344242096
170,2.2855542302131653,0.8067580163478851,1.4787962138652802
171,2.2681793570518494,0.8084783256053925,1.4597010016441345
172,2.4966081380844116,0.8158859312534332,1.6807222366333008
173,2.313057780265808,0.7905447334051132,1.522513061761856
174,2.279292941093445,0.7886740863323212,1.490618884563446
175,2.116198480129242,0.8132878839969635,1.3029106110334396
176,3.1566548347473145,1.6304643750190735,1.526190459728241
177,2.627412974834442,1.5263167321681976,1.101096197962761
178,2.7832834124565125,1.3309736251831055,1.4523098170757294
179,3.0356295704841614,1.2200070023536682,1.8156225085258484
180,2.616502046585083,1.109963595867157,1.506538450717926
181,2.6364043951034546,1.0321959108114243,1.604208528995514
182,2.539619266986847,0.9952042102813721,1.5444150567054749
183,2.408013701438904,0.9134326577186584,1.494581013917923
184,2.4093175530433655,0.9283480197191238,1.4809695184230804
185,2.460059702396393,0.983048602938652,1.477011114358902
186,2.4448909759521484,0.918520525097847,1.5263704061508179
187,2.341345727443695,0.8974574357271194,1.4438883066177368
188,2.3453598022460938,0.8598057925701141,1.485554039478302
189,2.3815762400627136,0.8760567903518677,1.5055194199085236
190,2.617658793926239,0.8379895687103271,1.7796692550182343
191,2.5177441239356995,0.7996316701173782,1.71811243891716
192,2.417817771434784,0.7996373772621155,1.6181803941726685
193,2.2537638545036316,0.8035438805818558,1.4502199590206146
194,2.6579883694648743,0.8306546062231064,1.8273337483406067
195,2.986639380455017,0.9609309285879135,2.0257084667682648
196,2.561530351638794,0.8780500739812851,1.68348029255867
197,2.5249187350273132,0.8552683442831039,1.6696503162384033
198,2.605718731880188,0.8163783848285675,1.7893403768539429
199,2.3059096932411194,0.73735511302948,1.5685546398162842
200,2.487091541290283,0.780401200056076,1.7066903412342072
201,2.126776397228241,0.747470498085022,1.3793059289455414
202,2.1721712350845337,0.7439304292201996,1.428240805864334
203,2.214161455631256,0.7814766317605972,1.43268483877182
204,2.0886250734329224,0.72617207467556,1.3624529838562012
205,2.0996074080467224,0.7480336874723434,1.351573795080185
206,2.0267878770828247,0.7399896532297134,1.2867982387542725
207,2.0787160396575928,0.720007985830307,1.3587080836296082
208,2.329784631729126,0.755063846707344,1.574720859527588
209,2.176838219165802,0.7086965292692184,1.4681417047977448
210,2.176058769226074,0.7217502146959305,1.4543085396289825
211,2.138832151889801,0.6917711943387985,1.4470609426498413
212,2.1301112174987793,0.7250644862651825,1.4050467312335968
213,2.2526796460151672,0.7483982890844345,1.504281371831894
214,2.473396956920624,0.7793594002723694,1.6940375566482544
215,2.694831371307373,1.1737782955169678,1.5210530757904053
216,2.751391112804413,1.1801483929157257,1.5712427198886871
217,2.8101289868354797,1.0581171810626984,1.752011775970459
218,2.625843644142151,0.9406687170267105,1.6851749420166016
219,2.458459496498108,0.8764216750860214,1.582037776708603
220,2.2755526304244995,0.8284218460321426,1.4471307694911957
221,2.185491621494293,0.7680383026599884,1.4174533784389496
222,2.253551185131073,0.737376019358635,1.5161751806735992
223,2.13873690366745,0.6876978278160095,1.451039046049118
224,2.295336902141571,0.7134637087583542,1.5818731486797333
225,2.212001383304596,0.7259192615747452,1.4860820472240448
226,2.2070891857147217,0.7268008887767792,1.4802882671356201
227,2.159140408039093,0.6959438621997833,1.4631966054439545
228,2.0432299375534058,0.674799919128418,1.3684300482273102
229,2.111037254333496,0.658918172121048,1.452119141817093
230,1.9377849102020264,0.6646681129932404,1.273116797208786
231,2.123707890510559,0.6845965832471848,1.4391112327575684
232,1.9817813038825989,0.6484355926513672,1.3333457112312317
233,1.9966861605644226,0.6414778381586075,1.3552083671092987
234,1.9459407329559326,0.6414872705936432,1.3044534623622894
235,1.9889010190963745,0.6053735613822937,1.3835274577140808
236,2.0783404111862183,0.7164602726697922,1.3618800938129425
237,2.0083518028259277,0.6642462462186813,1.3441055715084076
238,1.8943657577037811,0.6385570839047432,1.2558086514472961
239,1.940116822719574,0.6878242045640945,1.252292662858963
240,2.033962368965149,0.655258372426033,1.378704011440277
241,1.8650879561901093,0.5842070952057838,1.280880868434906
242,2.1748774647712708,0.6503387987613678,1.5245386958122253
243,1.9770427644252777,0.6376378089189529,1.3394049108028412
244,1.9411332309246063,0.5757011473178864,1.3654321134090424
245,1.9615528583526611,0.6023173779249191,1.3592354357242584
246,1.9346088469028473,0.6086467504501343,1.3259621262550354
247,2.105331599712372,0.7105492204427719,1.394782394170761
248,2.0391686856746674,0.6652021259069443,1.3739666044712067
249,2.2222801446914673,0.6755357980728149,1.5467443466186523
250,2.0128847658634186,0.662019670009613,1.350865125656128
251,2.030511051416397,0.5980620980262756,1.4324489533901215
252,2.0644655227661133,0.5513128787279129,1.513152688741684
253,1.8216381967067719,0.5054398626089096,1.3161983489990234
254,1.9804025888442993,0.5528897941112518,1.4275127947330475
255,1.9992506504058838,0.5910240113735199,1.4082266092300415
256,1.8687512576580048,0.5298657119274139,1.3388855457305908
257,2.0724756717681885,0.5713857859373093,1.5010899007320404
258,1.9055857956409454,0.5787272155284882,1.3268585801124573
259,1.8796350955963135,0.5732170343399048,1.3064180612564087
260,2.1269032061100006,0.6457567811012268,1.4811464250087738
261,1.9054617881774902,0.5609365329146385,1.3445252776145935
262,2.0761623978614807,0.6331875771284103,1.4429748058319092
263,2.0435454845428467,0.5878573805093765,1.4556881487369537
264,2.086820125579834,0.5548831820487976,1.531936913728714
265,2.0042884349823,0.590669572353363,1.4136188924312592
266,1.87564018368721,0.5504184365272522,1.3252217173576355
267,1.8404114842414856,0.5295480191707611,1.3108634650707245
268,1.7449462115764618,0.5242525786161423,1.2206936329603195
269,1.7707110047340393,0.48062828928232193,1.2900826930999756
270,1.8562049269676208,0.49615228921175003,1.360052615404129
271,1.9342918395996094,0.49662843346595764,1.4376633763313293
272,1.9001455307006836,0.518474817276001,1.3816706836223602
273,1.7810114622116089,0.4799753949046135,1.3010360598564148
274,2.002030670642853,0.4928896054625511,1.5091410279273987
275,1.977255403995514,0.4956473484635353,1.4816080033779144
276,1.9446723759174347,0.5412920862436295,1.403380274772644
277,1.8421768844127655,0.5479607433080673,1.2942161560058594
278,1.911915361881256,0.5184633508324623,1.393451988697052
279,1.9395979046821594,0.5044829770922661,1.4351149201393127
280,2.138087421655655,0.5652295351028442,1.5728578865528107
281,1.948587954044342,0.5577815920114517,1.3908063769340515
282,1.8668101727962494,0.5225115641951561,1.3442986011505127
283,2.0860734283924103,0.547362670302391,1.5387107729911804
284,1.9568144381046295,0.5116337463259697,1.4451807141304016
285,1.8816279172897339,0.49954310804605484,1.3820848166942596
286,1.9709506332874298,0.5132994651794434,1.4576512277126312
287,1.9234818518161774,0.5533054172992706,1.3701764345169067
288,2.0216758251190186,0.5139831081032753,1.5076927244663239
289,2.035260796546936,0.5075154602527618,1.5277453362941742
290,1.9954502582550049,0.5235176905989647,1.4719325602054596
291,1.9244021475315094,0.446510873734951,1.4778912961483002
292,1.8922362327575684,0.4714857488870621,1.4207504987716675
293,1.8667018711566925,0.4616571441292763,1.4050447046756744
294,2.1634867787361145,0.533379465341568,1.6301073133945465
295,2.125161051750183,0.5543553680181503,1.570805698633194
296,2.0249155461788177,0.5697081834077835,1.455207347869873
297,1.9936379194259644,0.5461937189102173,1.4474442303180695
298,1.904699593782425,0.524328202009201,1.3803713917732239
299,2.051296889781952,0.5489237681031227,1.5023731589317322
300,1.9486287534236908,0.56470687687397,1.3839218318462372
301,1.9842577576637268,0.5179443806409836,1.466313362121582
302,2.3608360290527344,0.6081629395484924,1.7526731193065643
303,2.233740985393524,0.6032825410366058,1.6304584443569183
304,1.9346303045749664,0.5322334617376328,1.4023968875408173
305,2.234661281108856,0.5328056439757347,1.701855629682541
306,2.2395458221435547,0.5935617685317993,1.6459840834140778
307,1.9290597438812256,0.6277570426464081,1.3013027012348175
308,2.069928467273712,0.5387870669364929,1.531141459941864
309,1.9421903192996979,0.5312656313180923,1.4109246730804443
310,2.133958339691162,0.492185115814209,1.6417732536792755
311,2.3916165232658386,0.6325889974832535,1.759027510881424
312,2.5103472471237183,0.8777647018432617,1.6325825154781342
313,2.3693180680274963,0.9846336245536804,1.3846845030784607
314,2.4981707334518433,0.9700510501861572,1.5281197428703308
315,2.23590224981308,0.8832843750715256,1.352617859840393
316,2.0697200298309326,0.7781341075897217,1.291585922241211
317,2.278076171875,0.7103432416915894,1.5677330195903778
318,2.3471084237098694,0.7109731733798981,1.6361352503299713
319,2.12157142162323,0.6333617717027664,1.4882096648216248
320,2.1364051699638367,0.605582132935524,1.5308230519294739
321,2.0917456448078156,0.5845814943313599,1.507164090871811
322,2.111362874507904,0.5232236906886101,1.5881392061710358
323,2.0047616362571716,0.5143774896860123,1.4903840720653534
324,2.045565277338028,0.5274049341678619,1.5181603133678436
325,1.870937168598175,0.5382262915372849,1.3327109217643738
326,1.820591777563095,0.48777373880147934,1.3328180015087128
327,1.8628897964954376,0.5158534198999405,1.3470363914966583
328,1.9337686002254486,0.5068821758031845,1.426886409521103
329,1.9484550058841705,0.5231716185808182,1.4252834022045135
330,1.8170783817768097,0.5065262168645859,1.3105521500110626
331,1.9140234589576721,0.46882854402065277,1.4451949298381805
332,1.823765367269516,0.47161634266376495,1.3521490097045898
333,1.98919478058815,0.5407727360725403,1.4484220743179321
334,1.845725178718567,0.4898640811443329,1.355861097574234
335,1.9150093495845795,0.5231223329901695,1.3918870389461517
336,1.7701224386692047,0.47843077778816223,1.2916916608810425
337,1.879907339811325,0.45367562025785446,1.42623171210289
338,1.811384230852127,0.4939962476491928,1.3173879981040955
339,1.9981563091278076,0.4997592270374298,1.4983970820903778
340,1.9609638452529907,0.5474770814180374,1.4134867787361145
341,1.9302016198635101,0.5169898197054863,1.4132117629051208
342,1.9599665999412537,0.49612024426460266,1.463846355676651
343,1.7952890992164612,0.43764448165893555,1.3576445877552032
344,1.7562428414821625,0.4106488898396492,1.3455939292907715
345,1.9361195862293243,0.4628724157810211,1.4732471704483032
346,1.7509419620037079,0.39759962260723114,1.3533423840999603
347,1.7567680478096008,0.3702046573162079,1.3865634202957153
348,1.689974457025528,0.3975921720266342,1.2923822402954102
349,1.8234848082065582,0.41066766530275345,1.412817120552063
350,1.8316873610019684,0.4434426352381706,1.3882447481155396
351,1.8811594545841217,0.42897000908851624,1.4521894454956055
352,1.8175060451030731,0.3953116461634636,1.422194391489029
353,1.7529181838035583,0.42656905204057693,1.3263491094112396
354,1.8094282448291779,0.36742016673088074,1.4420080780982971
355,1.8570327162742615,0.355344258248806,1.5016884803771973
356,1.8236694633960724,0.4112858846783638,1.4123835563659668
357,1.7710334062576294,0.3925870656967163,1.378446340560913
358,1.8786141872406006,0.4393899217247963,1.4392243027687073
359,1.9395017325878143,0.4369497746229172,1.5025519728660583
360,1.8338445127010345,0.41169219464063644,1.42215234041214
361,1.621022254228592,0.39080581814050674,1.2302164733409882
362,1.9970657229423523,0.44746915996074677,1.5495965480804443
363,1.8886374235153198,0.450008787214756,1.4386286437511444
364,1.8560588955879211,0.3923793435096741,1.463679552078247
365,1.923630565404892,0.3864488750696182,1.537181705236435
366,2.029177963733673,0.45887238532304764,1.5703055262565613
367,1.8990462124347687,0.4307461902499199,1.4682999849319458
368,1.8562140464782715,0.4265498071908951,1.4296641945838928
369,2.0343024134635925,0.3770824074745178,1.6572199761867523
370,1.9601570665836334,0.49151504039764404,1.4686420559883118
371,1.9337579011917114,0.46834300458431244,1.465414971113205
372,1.955478310585022,0.48557863384485245,1.4698996543884277
373,1.8508009016513824,0.4651537388563156,1.3856471478939056
374,1.871594876050949,0.4447748214006424,1.4268200397491455
375,2.2372883558273315,0.49504679441452026,1.742241621017456
376,2.1143723130226135,0.4899962693452835,1.6243760287761688
377,1.9592708349227905,0.47043444961309433,1.4888363778591156
378,1.844199776649475,0.4341261386871338,1.410073608160019
379,1.8974100351333618,0.39559267461299896,1.501817375421524
380,1.7580356001853943,0.36077943444252014,1.3972561657428741
381,1.8722637593746185,0.3801453709602356,1.492118388414383
382,1.6741937696933746,0.3553248941898346,1.3188688457012177
383,1.6410418450832367,0.3371959924697876,1.3038458824157715
384,1.6893203854560852,0.35465434193611145,1.3346660733222961
385,1.8515496850013733,0.3578959107398987,1.493653804063797
386,1.8795781433582306,0.3911743462085724,1.4884037673473358
387,1.7196952402591705,0.37726016342639923,1.34243506193161
388,1.6711483895778656,0.3697251081466675,1.3014232814311981
389,1.9005248248577118,0.37548624724149704,1.525038629770279
390,1.9192579984664917,0.38841312378644943,1.530844897031784
391,1.7886170744895935,0.39702046662569046,1.3915965855121613
392,1.7817192077636719,0.3849475085735321,1.3967716991901398
393,1.7324115931987762,0.3751164376735687,1.35729518532753
394,1.838217169046402,0.44482631981372833,1.3933908343315125
395,1.8967633247375488,0.45047304034233093,1.4462902545928955
396,1.850302368402481,0.4899282157421112,1.3603741228580475
397,1.6991611421108246,0.4231618344783783,1.2759993076324463
398,1.780409812927246,0.40223415940999985,1.378175675868988
399,1.6468059718608856,0.3479168713092804,1.2988891303539276
400,1.8353354930877686,0.3777500092983246,1.457585483789444
401,1.7977060973644257,0.3941260948777199,1.403579980134964
402,1.7060534954071045,0.3968850374221802,1.3091684877872467
403,1.6780779957771301,0.3629191666841507,1.3151588439941406
404,1.797507494688034,0.32192181050777435,1.4755856692790985
405,1.6737395524978638,0.31693197786808014,1.3568076193332672
406,1.673204779624939,0.32203228771686554,1.3511725068092346
407,1.7079890072345734,0.34861618280410767,1.3593727946281433
408,1.5744438171386719,0.3005865216255188,1.273857295513153
409,1.6853474080562592,0.31410202383995056,1.371245414018631
410,1.6557012796401978,0.34144629538059235,1.3142549991607666
411,1.6038406193256378,0.31093354523181915,1.2929070591926575
412,1.9815523326396942,0.347011923789978,1.6345403790473938
413,1.8660053312778473,0.4055947884917259,1.4604105353355408
414,1.8383732438087463,0.3870982751250267,1.451274961233139
415,1.944828450679779,0.4132136330008507,1.5316148102283478
416,1.9115139245986938,0.4609640836715698,1.450549840927124
417,1.9156061708927155,0.436739981174469,1.4788661897182465
418,2.3603841066360474,0.4869602844119072,1.8734237849712372
419,2.092825949192047,0.4780326560139656,1.614793300628662
420,2.339571535587311,0.5462155938148499,1.7933559119701385
421,2.073335289955139,0.5085926204919815,1.5647425949573517
422,1.9913415908813477,0.42808739095926285,1.5632542073726654
423,1.8448956608772278,0.36958885192871094,1.4753068387508392
424,1.7876107096672058,0.3437914550304413,1.4438192546367645
425,1.72898069024086,0.30945390462875366,1.4195267856121063
426,1.9993250370025635,0.3948668837547302,1.6044581234455109
427,1.7557568848133087,0.38274580240249634,1.3730110824108124
428,1.8218889832496643,0.3517390936613083,1.4701499342918396
429,1.7075506448745728,0.3236437290906906,1.383906900882721
430,1.679857313632965,0.2739660441875458,1.4058912694454193
431,1.6087725460529327,0.2545497864484787,1.3542227447032928
432,1.6959674060344696,0.3017663210630417,1.3942010402679443
433,1.6013076603412628,0.2832264304161072,1.3180812299251556
434,1.7218337953090668,0.32402898371219635,1.3978048264980316
435,1.6466363668441772,0.28314001858234406,1.3634963035583496
436,1.6217408180236816,0.22393809258937836,1.397802710533142
437,1.6293935477733612,0.23293502628803253,1.3964585065841675
438,1.643725723028183,0.22903314232826233,1.414692610502243
439,1.616018295288086,0.2254614681005478,1.3905568420886993
440,1.7858529388904572,0.2878219783306122,1.4980309307575226
441,1.745719313621521,0.3264526352286339,1.419266700744629
442,1.7701486647129059,0.2895403802394867,1.4806082546710968
443,1.7247906923294067,0.2419538050889969,1.482836902141571
444,1.8458985388278961,0.23695531487464905,1.6089431941509247
445,1.7164830267429352,0.31924155354499817,1.397241473197937
446,2.2106117606163025,0.39700183272361755,1.8136098980903625
447,2.110274016857147,0.40709271281957626,1.7031813263893127
448,2.022466480731964,0.39434680342674255,1.6281196773052216
449,1.769329994916916,0.3518580496311188,1.4174719452857971
450,1.7419182062149048,0.29786621034145355,1.4440520405769348
451,1.6705591678619385,0.25618070363998413,1.414378434419632
452,1.6435426473617554,0.228196382522583,1.41534623503685
453,1.5490717887878418,0.1696324646472931,1.3794392943382263
454,1.5658181011676788,0.16187971830368042,1.4039384126663208
455,1.6194007992744446,0.2566145658493042,1.3627862632274628
456,1.558112472295761,0.2417163848876953,1.3163960874080658
457,1.4932061433792114,0.1790483444929123,1.3141578137874603
458,1.658181607723236,0.2831571698188782,1.3750244677066803
459,1.5598719716072083,0.22338639199733734,1.336485594511032
460,1.5867911279201508,0.2438242882490158,1.3429668247699738
461,1.4879714250564575,0.22486145794391632,1.2631100118160248
462,1.5842374861240387,0.23737923800945282,1.346858263015747
463,1.475924402475357,0.20243720710277557,1.2734871804714203
464,1.3380500376224518,0.1489771604537964,1.1890728771686554
465,1.4407826662063599,0.16472981870174408,1.276052862405777
466,1.3540974259376526,0.13431601226329803,1.2197813987731934
467,1.768178105354309,0.2393803596496582,1.5287977457046509
468,1.7822673618793488,0.2283596396446228,1.553907722234726
469,1.702989637851715,0.2144937515258789,1.4884958863258362
470,1.6317691206932068,0.16812394559383392,1.463645190000534
471,1.7523698508739471,0.20462583005428314,1.5477440655231476
472,1.767781913280487,0.3274907320737839,1.440291166305542
473,1.9610348045825958,0.28912872076034546,1.671906054019928
474,1.8002030849456787,0.2784533351659775,1.5217497646808624
475,1.5381253361701965,0.1987009197473526,1.3394244015216827
476,1.7098880112171173,0.20881828665733337,1.501069724559784
477,1.6788725554943085,0.22123314440250397,1.457639455795288
478,1.6390831172466278,0.16727088391780853,1.4718122482299805
479,1.7392821907997131,0.15072759985923767,1.5885545909404755
480,1.743791937828064,0.17127788066864014,1.5725140273571014
481,1.7295535802841187,0.1699558049440384,1.5595977902412415
482,1.4253416657447815,0.14721518754959106,1.2781264781951904
483,1.6157425343990326,0.14522361755371094,1.470518946647644
484,1.8479982912540436,0.21081189811229706,1.637186348438263
485,1.7863646745681763,0.14835168421268463,1.6380129754543304
486,1.6539469063282013,0.16585513949394226,1.488091766834259
487,1.65875244140625,0.15762288868427277,1.5011295676231384
488,1.8087355494499207,0.19731488823890686,1.611420601606369
489,1.6417076289653778,0.19020876288414001,1.4514988660812378
490,1.641413152217865,0.19011540710926056,1.4512977302074432
491,1.521287441253662,0.16076476871967316,1.3605226874351501
492,1.5701900720596313,0.17036010324954987,1.3998299539089203
493,1.5255683362483978,0.16587038338184357,1.3596979975700378
494,1.5896500945091248,0.18101556599140167,1.4086345732212067
495,1.4629259407520294,0.14428037405014038,1.318645566701889
496,1.3985823392868042,0.09983010590076447,1.2987522184848785
497,1.4888941645622253,0.13750621676445007,1.3513879477977753
498,1.4290708303451538,0.11562283337116241,1.3134479820728302
499,1.3536899089813232,0.1139754205942154,1.239714503288269
500,1.5559549033641815,0.15429483354091644,1.4016600847244263
501,1.5629030764102936,0.1570792943239212,1.4058237671852112
502,1.427813708782196,0.13474249839782715,1.293071210384369
503,1.3544789254665375,0.1645127683877945,1.1899661719799042
504,1.869994729757309,0.1636972874403,1.7062973976135254
505,1.7097366452217102,0.08561058342456818,1.6241260766983032
506,1.9425253570079803,0.14299334585666656,1.799532026052475
507,1.663865566253662,0.11536580324172974,1.5484997630119324
508,1.606255680322647,0.11757010221481323,1.4886855781078339
509,1.4318404793739319,0.13246603310108185,1.2993744611740112
510,1.6389256715774536,0.159712016582489,1.4792136251926422
511,1.4843866527080536,0.13314342498779297,1.351243257522583
512,1.3880809247493744,0.1278446763753891,1.2602362036705017
513,1.3601131439208984,0.09505166113376617,1.2650615274906158
514,1.5564408898353577,0.09127303957939148,1.4651678502559662
515,1.572129487991333,0.13420018553733826,1.4379293322563171
516,1.4157632291316986,0.0973629504442215,1.3184002935886383
517,1.375158429145813,0.19608847796916962,1.1790699362754822
518,1.3586561679840088,0.22117619216442108,1.13748000562191
519,1.414408564567566,0.1896073967218399,1.2248011529445648
520,1.5407289266586304,0.15947213768959045,1.38125678896904
521,1.517932415008545,0.18385952711105347,1.3340728878974915
522,1.4464372992515564,0.11585399508476257,1.3305832743644714
523,1.5941744446754456,0.088496133685112,1.5056782960891724
524,1.5922210216522217,0.14656732976436615,1.4456536769866943
525,1.5155530273914337,0.09234586358070374,1.42320716381073
526,1.416944533586502,0.09467470645904541,1.3222698271274567
527,1.436945766210556,0.10253073275089264,1.3344150185585022
528,1.32172691822052,0.0830201804637909,1.2387067079544067
529,1.3812067806720734,0.0618375688791275,1.3193691968917847
530,1.299440860748291,0.043191149830818176,1.2562496960163116
531,1.163700431585312,0.05592481791973114,1.107775628566742
532,1.1260809898376465,0.044903337955474854,1.0811776518821716
533,1.3288169503211975,0.036527663469314575,1.292289286851883
534,1.2349013984203339,0.049264341592788696,1.1856370568275452
535,1.0810246169567108,0.04081963002681732,1.0402049720287323
536,1.0435598492622375,0.01723557710647583,1.0263242721557617
537,1.459728091955185,0.08280514180660248,1.3769229501485825
538,1.8064471185207367,0.08033166825771332,1.7261154353618622
539,1.638880968093872,0.16098563373088837,1.477895349264145
540,1.4161853194236755,0.06736017763614655,1.3488251268863678
541,1.5041813552379608,0.04671198129653931,1.4574693739414215
542,1.701234519481659,0.03599318861961365,1.6652413606643677
543,1.5728427469730377,0.09032772481441498,1.482515037059784
544,1.2508546113967896,0.08380822837352753,1.1670463979244232
545,1.3801762759685516,0.03258378803730011,1.3475924730300903
546,1.5163137316703796,0.026835590600967407,1.4894781410694122
547,1.3516316711902618,0.0646517276763916,1.2869799137115479
548,1.2640741467475891,0.08718425035476685,1.1768899261951447
549,1.5313860774040222,0.051420897245407104,1.4799651801586151
550,1.6548027694225311,0.05619288980960846,1.598609834909439
551,1.2061739265918732,-0.007998257875442505,1.2141721844673157
552,1.2353751957416534,0.07515126466751099,1.1602239310741425
553,1.1678837686777115,0.0899125188589096,1.0779712200164795
554,1.5631939768791199,0.09704248607158661,1.4661514461040497
555,1.481189876794815,0.08530254662036896,1.3958873450756073
556,1.533488005399704,0.07764600217342377,1.4558419585227966
557,1.7214525043964386,0.0474112331867218,1.674041211605072
558,1.5410523414611816,-0.007664337754249573,1.5487166941165924
559,1.5358022451400757,-0.014891654253005981,1.5506938993930817
560,1.473431944847107,0.0011092424392700195,1.472322702407837
561,1.4102243185043335,0.02241717278957367,1.3878071308135986
562,1.284512996673584,-0.012742653489112854,1.2972556948661804
563,1.5083250403404236,0.021499454975128174,1.4868255853652954
564,1.4532521963119507,-0.003546088933944702,1.4567983150482178
565,1.2712746262550354,0.010212346911430359,1.2610622942447662
566,1.2802073657512665,-0.01795947551727295,1.2981668412685394
567,1.584836632013321,0.023427873849868774,1.5614087581634521
568,1.4133271276950836,-0.026096045970916748,1.4394231736660004
569,1.3720527589321136,0.005209386348724365,1.3668433725833893
570,1.3012794852256775,0.007355868816375732,1.2939235866069794
571,1.5767085552215576,0.023551762104034424,1.5531567633152008
572,1.525911033153534,0.03983883559703827,1.4860722124576569
573,1.5433091521263123,0.033602818846702576,1.5097063183784485
574,1.348604828119278,0.021162405610084534,1.3274424374103546
575,1.3720380365848541,0.029044538736343384,1.3429934978485107
576,1.2394629120826721,-0.02676546573638916,1.2662283778190613
577,1.3126483857631683,-0.029410451650619507,1.3420588374137878
578,1.3120710253715515,0.03761069476604462,1.274460345506668
579,1.4051607549190521,0.022091031074523926,1.3830696940422058
580,1.3176927268505096,-0.057799652218818665,1.3754923641681671
581,1.2547220289707184,-0.0774272084236145,1.3321492373943329
582,1.231257289648056,-0.10404187440872192,1.335299164056778
583,1.3119983971118927,-0.035082846879959106,1.3470812141895294
584,1.3025871515274048,-0.0457572340965271,1.3483443856239319
585,1.3612144589424133,-0.04251857101917267,1.4037330150604248
586,1.256207823753357,-0.04423786699771881,1.3004456460475922
587,1.1242537796497345,-0.05644001066684723,1.1806937754154205
588,1.1568132042884827,-0.055599644780159,1.2124128341674805
589,0.9663020372390747,-0.0836229920387268,1.0499250292778015
590,1.001967340707779,-0.05105684697628021,1.0530241876840591
591,1.1076455116271973,-0.027461960911750793,1.1351074874401093
592,1.409072458744049,-0.034950777888298035,1.444023221731186
593,1.4934715926647186,-0.01030711829662323,1.5037786960601807
594,1.5043291747570038,0.0028564035892486572,1.5014727711677551
595,1.5646131038665771,0.05529659986495972,1.5093165636062622
596,1.4496174454689026,0.027728378772735596,1.421889066696167
597,1.2874542474746704,-0.03840026259422302,1.3258545100688934
598,1.1840221881866455,-0.035217687487602234,1.219239890575409
599,1.2456478774547577,-0.05152653157711029,1.2971744239330292
600,1.2510459125041962,-0.05490356683731079,1.305949479341507
601,1.4363629221916199,-0.004150018095970154,1.4405129551887512
602,1.2625309526920319,-0.07085734605789185,1.3333882689476013
603,1.4505095779895782,-0.0005497336387634277,1.4510593116283417
604,1.5620709657669067,-0.007591679692268372,1.569662630558014
605,1.5724059343338013,-0.05465531349182129,1.6270612478256226
606,1.452335923910141,-0.06859984993934631,1.5209357738494873
607,1.4093520641326904,-0.09275825321674347,1.502110332250595
608,1.3532211482524872,-0.11246359348297119,1.4656847417354584
609,1.329996645450592,-0.08282166719436646,1.4128183126449585
610,1.4164659082889557,-0.0663021057844162,1.4827679991722107
611,1.3284983932971954,-0.09201745688915253,1.4205158352851868
612,1.266312599182129,-0.10997018218040466,1.3762827813625336
613,1.2578890025615692,-0.08665835857391357,1.3445473611354828
614,1.190406322479248,-0.10201004147529602,1.292416363954544
615,1.146986871957779,-0.11215999722480774,1.2591468691825867
616,1.266709953546524,-0.11041435599327087,1.377124309539795
617,1.2958979606628418,-0.04304668307304382,1.3389446139335632
618,1.5928062498569489,-0.05531617999076843,1.6481224298477173
619,1.3039973378181458,-0.0839097648859024,1.3879071176052094
620,1.3272348940372467,-0.07401719689369202,1.4012520909309387
621,1.2991402745246887,-0.11694428324699402,1.4160845577716827
622,1.1758224666118622,-0.11543753743171692,1.291260004043579
623,1.3310768902301788,-0.12931911647319794,1.460396021604538
624,1.1998752355575562,-0.18766546249389648,1.3875406980514526
625,1.1747643053531647,-0.17126619815826416,1.3460305035114288
626,1.341700166463852,-0.09774565696716309,1.439445823431015
627,1.1773786842823029,-0.08593347668647766,1.2633121609687805
628,1.240543693304062,-0.05978575348854065,1.3003294169902802
629,1.1961979866027832,-0.12523213028907776,1.321430116891861
630,1.3739476799964905,-0.1050131767988205,1.4789608716964722
631,1.0882257968187332,-0.09408673644065857,1.1823125332593918
632,1.06806480884552,-0.07803738117218018,1.1461022198200226
633,1.3189147412776947,-0.09523950517177582,1.4141542315483093
634,1.2164386957883835,-0.05440238118171692,1.2708410620689392
635,1.0313662886619568,-0.10282319784164429,1.134189486503601
636,1.0955334156751633,-0.11420595645904541,1.2097393721342087
637,1.042830228805542,-0.15687870979309082,1.1997089385986328
638,1.2764772176742554,-0.1068468689918518,1.3833240866661072
639,1.161414235830307,-0.1280183494091034,1.2894325852394104
640,1.2086195647716522,-0.16534823179244995,1.3739677965641022
641,1.2902871370315552,-0.16220542788505554,1.4524925649166107
642,1.2146664261817932,-0.10392969846725464,1.3185961246490479
643,1.0843238234519958,-0.13033074140548706,1.214654564857483
644,1.1620821356773376,-0.155070960521698,1.3171530961990356
645,1.473083734512329,-0.10259760916233063,1.575681358575821
646,1.305722177028656,-0.04405784606933594,1.349780023097992
647,1.2142713069915771,-0.07015302777290344,1.284424364566803
648,1.2333674728870392,-0.07892857491970062,1.312296062707901
649,1.391499638557434,-0.1156764030456543,1.5071760416030884
650,1.106533795595169,-0.14156532287597656,1.2480991184711456
651,0.9946639388799667,-0.1556282937526703,1.150292232632637
652,1.1283048689365387,-0.1317826509475708,1.2600875198841095
653,0.9522078335285187,-0.176224023103714,1.1284318566322327
654,1.121662974357605,-0.1495533436536789,1.271216332912445
655,1.2466500103473663,-0.1145264208316803,1.3611764311790466
656,1.067024439573288,-0.17520707845687866,1.2422315180301666
657,1.0272380113601685,-0.21070104837417603,1.2379390597343445
658,1.188397765159607,-0.1654985547065735,1.3538963198661804
659,1.016767680644989,-0.15460458397865295,1.171372264623642
660,1.035204529762268,-0.1414274275302887,1.1766319572925568
661,1.052595317363739,-0.16370990872383118,1.2163052260875702
662,0.9795379042625427,-0.1857321560382843,1.165270060300827
663,1.161280632019043,-0.15851205587387085,1.3197926878929138
664,1.1370905935764313,-0.18123510479927063,1.318325698375702
665,1.1137992143630981,-0.17542359232902527,1.2892228066921234
666,1.0603004395961761,-0.1797841489315033,1.2400845885276794
667,1.0402985513210297,-0.19354945421218872,1.2338480055332184
668,1.1010125577449799,-0.18422451615333557,1.2852370738983154
669,1.2509460151195526,-0.1505918800830841,1.4015378952026367
670,1.089456021785736,-0.18122735619544983,1.270683377981186
671,0.9405972361564636,-0.21327915787696838,1.153876394033432
672,1.0793594419956207,-0.19918116927146912,1.2785406112670898
673,0.9690425097942352,-0.20953133702278137,1.1785738468170166
674,1.1238108575344086,-0.19241994619369507,1.3162308037281036
675,1.187890499830246,-0.14232152700424194,1.330212026834488
676,1.1984070837497711,-0.1528201699256897,1.3512272536754608
677,1.2031396329402924,-0.15810376405715942,1.3612433969974518
678,1.207417607307434,-0.19182634353637695,1.399243950843811
679,1.2106953263282776,-0.21369633078575134,1.424391657114029
680,1.2150320708751678,-0.16065046191215515,1.375682532787323
681,1.1096743643283844,-0.16671141982078552,1.27638578414917
682,1.07816544175148,-0.1531926393508911,1.2313580811023712
683,1.1080483794212341,-0.15396606922149658,1.2620144486427307
684,1.1365284323692322,-0.16964787244796753,1.3061763048171997
685,1.1724703013896942,-0.16158130764961243,1.3340516090393066
686,1.0671253204345703,-0.19152411818504333,1.2586494386196136
687,1.1077018678188324,-0.20070812106132507,1.3084099888801575
688,1.2031610012054443,-0.18331581354141235,1.3864768147468567
689,1.0272407829761505,-0.22405794262886047,1.251298725605011
690,1.0832958817481995,-0.20016443729400635,1.2834603190422058
691,1.035421222448349,-0.21766838431358337,1.2530896067619324
692,1.10202294588089,-0.22320783138275146,1.3252307772636414
693,1.1030732095241547,-0.23402884602546692,1.3371020555496216
694,1.0533725321292877,-0.18848279118537903,1.2418553233146667
695,1.1800623536109924,-0.1716761291027069,1.3517384827136993
696,1.207823485136032,-0.16346460580825806,1.3712880909442902
697,1.1059567332267761,-0.1987888216972351,1.3047455549240112
698,1.112311214208603,-0.20586025714874268,1.3181714713573456
699,1.0690785646438599,-0.23499098420143127,1.3040695488452911
700,1.1000244319438934,-0.19681721925735474,1.2968416512012482
701,1.0443833768367767,-0.169224351644516,1.2136077284812927
702,1.1325119137763977,-0.21073907613754272,1.3432509899139404
703,1.1184858083724976,-0.25114017724990845,1.369625985622406
704,0.9137073457241058,-0.28241726756095886,1.1961246132850647
705,1.0319604277610779,-0.23404636979103088,1.2660067975521088
706,1.1489541828632355,-0.21997228264808655,1.368926465511322
707,0.9906611144542694,-0.21309524774551392,1.2037563621997833
708,1.1149049401283264,-0.20339521765708923,1.3183001577854156
709,1.1368731260299683,-0.2138170301914215,1.3506901562213898
710,1.2072569727897644,-0.2143893539905548,1.4216463267803192
711,1.1933169960975647,-0.21036478877067566,1.4036817848682404
712,1.2283612787723541,-0.17165341973304749,1.4000146985054016
713,1.1689136922359467,-0.21660539507865906,1.3855190873146057
714,1.2430236339569092,-0.20553550124168396,1.4485591351985931
715,1.1851685345172882,-0.22865939140319824,1.4138279259204865
716,1.078035056591034,-0.2408805787563324,1.3189156353473663
717,1.0286718308925629,-0.20468422770500183,1.2333560585975647
718,0.9634259939193726,-0.24832934141159058,1.2117553353309631
719,1.1744596064090729,-0.2622153162956238,1.4366749227046967
720,1.128721535205841,-0.25869807600975037,1.3874196112155914
721,1.1234488487243652,-0.2772395610809326,1.4006884098052979
722,1.0253945291042328,-0.33678364753723145,1.3621781766414642
723,1.1420071423053741,-0.2594679892063141,1.4014751315116882
724,1.16802516579628,-0.2067916989326477,1.3748168647289276
725,1.1180214881896973,-0.23855093121528625,1.3565724194049835
726,1.0359377562999725,-0.2576933801174164,1.293631136417389
727,1.0755699276924133,-0.24674803018569946,1.3223179578781128
728,1.1121702194213867,-0.18890944123268127,1.301079660654068
729,0.9982909858226776,-0.24919375777244568,1.2474847435951233
730,1.1384392976760864,-0.253952294588089,1.3923915922641754
731,1.3414431512355804,-0.2996618449687958,1.6411049962043762
732,1.2255598306655884,-0.2609064280986786,1.486466258764267
733,1.1938919126987457,-0.2684738337993622,1.462365746498108
734,1.1104110479354858,-0.2888934314250946,1.3993044793605804
735,1.1030203104019165,-0.2335778772830963,1.3365981876850128
736,1.0991522073745728,-0.2600399851799011,1.3591921925544739
737,1.168324053287506,-0.267775297164917,1.436099350452423
738,1.0169364213943481,-0.24985525012016296,1.266791671514511
739,0.9718065559864044,-0.26165807247161865,1.233464628458023
740,0.9456950128078461,-0.23661857843399048,1.1823135912418365
741,0.9496073126792908,-0.2236785888671875,1.1732859015464783
742,0.875072568655014,-0.23232197761535645,1.1073945462703705
743,0.9766403138637543,-0.25856104493141174,1.235201358795166
744,1.1615354716777802,-0.27826040983200073,1.4397958815097809
745,1.0635667145252228,-0.3051926791667938,1.3687593936920166
746,1.1104194819927216,-0.3130422830581665,1.423461765050888
747,1.110165685415268,-0.277787983417511,1.387953668832779
748,1.0666911005973816,-0.27362048625946045,1.340311586856842
749,1.0586953163146973,-0.28339383006095886,1.3420891463756561
750,1.1115936040878296,-0.3014301657676697,1.4130237698554993
751,1.1686924993991852,-0.26933208107948303,1.4380245804786682
752,1.1373538076877594,-0.22235921025276184,1.3597130179405212
753,1.2761024832725525,-0.27739521861076355,1.553497701883316
754,1.0489439964294434,-0.30785393714904785,1.3567979335784912
755,1.0202215313911438,-0.2571384608745575,1.2773599922657013
756,0.9306014776229858,-0.3036861717700958,1.2342876493930817
757,1.0983807742595673,-0.3259732723236084,1.4243540465831757
758,0.8589187860488892,-0.33764874935150146,1.1965675354003906
759,1.0598150789737701,-0.2997332215309143,1.3595483005046844
760,1.0259784162044525,-0.3521304130554199,1.3781088292598724
761,1.0299130380153656,-0.2596137225627899,1.2895267605781555
762,1.1237184703350067,-0.3183348476886749,1.4420533180236816
763,1.0960846543312073,-0.29518046975135803,1.3912651240825653
764,0.9964423179626465,-0.3382084369659424,1.3346507549285889
765,1.0930154025554657,-0.2332342267036438,1.3262496292591095
766,1.1143303513526917,-0.23834851384162903,1.3526788651943207
767,1.0412442088127136,-0.3041415214538574,1.345385730266571
768,0.9535921812057495,-0.3059037923812866,1.2594959735870361
769,1.0092279613018036,-0.3210829496383667,1.3303109109401703
770,1.0288797318935394,-0.29003578424453735,1.3189155161380768
771,0.8667387068271637,-0.32485300302505493,1.1915917098522186
772,0.9784774482250214,-0.3181656301021576,1.296643078327179
773,0.9125489592552185,-0.2999625504016876,1.2125115096569061
774,0.9580299258232117,-0.3203672170639038,1.2783971428871155
775,0.8816041648387909,-0.3146904706954956,1.1962946355342865
776,1.1404419839382172,-0.2985496520996094,1.4389916360378265
777,1.0328813791275024,-0.30863675475120544,1.3415181338787079
778,1.1216264367103577,-0.23339545726776123,1.355021893978119
779,1.0690841376781464,-0.2589598596096039,1.3280439972877502
780,1.058557391166687,-0.27557605504989624,1.3341334462165833
781,1.1477989852428436,-0.2804398238658905,1.4282388091087341
782,1.2031769752502441,-0.2744078040122986,1.4775847792625427
783,1.1051931977272034,-0.2765871286392212,1.3817803263664246
784,1.1425572037696838,-0.33407843112945557,1.4766356348991394
785,1.1745983064174652,-0.2962411344051361,1.4708394408226013
786,1.0610856711864471,-0.3149677813053131,1.3760534524917603
787,1.0457354485988617,-0.3627361059188843,1.408471554517746
788,1.144032597541809,-0.3343358337879181,1.4783684313297272
789,0.9140493273735046,-0.36679258942604065,1.2808419167995453
790,1.009619802236557,-0.32733094692230225,1.3369507491588593
791,0.927758127450943,-0.3487336337566376,1.2764917612075806
792,1.064122200012207,-0.30345413088798523,1.3675763309001923
793,1.012611836194992,-0.32817134261131287,1.340783178806305
794,1.0731156170368195,-0.2668057978153229,1.3399214148521423
795,1.1642330586910248,-0.2661862373352051,1.4304192960262299
796,1.2657740116119385,-0.3137422502040863,1.5795162618160248
797,1.4002715647220612,-0.35595571994781494,1.756227284669876
798,1.2501234412193298,-0.35217881202697754,1.6023022532463074
799,1.1061623990535736,-0.35023626685142517,1.4563986659049988
800,1.1548070311546326,-0.3254031836986542,1.4802102148532867
801,1.1555950939655304,-0.2973214089870453,1.4529165029525757
802,1.104566603899002,-0.2908915877342224,1.3954581916332245
