,total_loss,feature_loss
0,3.631512249669721,3.631512249669721
1,3.0841413544070337,3.0841413544070337
2,2.9015808566924064,2.9015808566924064
3,2.783043207660798,2.783043207660798
4,2.6968294036003853,2.6968294036003853
5,2.6109108540319625,2.6109108540319625
6,2.558191168692804,2.558191168692804
7,2.4921170973008677,2.4921170973008677
8,2.4560083958410446,2.4560083958410446
9,2.3862995332287205,2.3862995332287205
10,2.3329061077487085,2.3329061077487085
11,2.3130212368503695,2.3130212368503695
12,2.279240862015755,2.279240862015755
13,2.222390628630115,2.222390628630115
14,2.1853391431993052,2.1853391431993052
15,2.142289992301695,2.142289992301695
16,2.1043925362248577,2.1043925362248577
17,2.061241534448439,2.061241534448439
18,2.0329811611483173,2.0329811611483173
19,1.983611802900991,1.983611802900991
20,1.9513435748315626,1.9513435748315626
21,1.9246642974115187,1.9246642974115187
22,1.882778436906876,1.882778436906876
23,1.8458179081639936,1.8458179081639936
24,1.8179280027266471,1.8179280027266471
25,1.785679897954387,1.785679897954387
26,1.7474719170601136,1.7474719170601136
27,1.723457674826345,1.723457674826345
28,1.69044884943193,1.69044884943193
29,1.6537630365740867,1.6537630365740867
30,1.6320498451109855,1.6320498451109855
31,1.61534329383604,1.61534329383604
32,1.5718892005182081,1.5718892005182081
33,1.5481455710626417,1.5481455710626417
34,1.5217345568441576,1.5217345568441576
35,1.481412568399983,1.481412568399983
36,1.4614059886624735,1.4614059886624735
37,1.4471903078017696,1.4471903078017696
38,1.4105252988876835,1.4105252988876835
39,1.3870963665746874,1.3870963665746874
40,1.3670759047231367,1.3670759047231367
41,1.3404989742463636,1.3404989742463636
42,1.3204584044794883,1.3204584044794883
43,1.2956629991531372,1.2956629991531372
44,1.2645080474115187,1.2645080474115187
45,1.247584085310659,1.247584085310659
46,1.229513249089641,1.229513249089641
47,1.2064729967424948,1.2064729967424948
48,1.1879666197684504,1.1879666197684504
49,1.1592824382166709,1.1592824382166709
50,1.1476235351254862,1.1476235351254862
51,1.1239698433106946,1.1239698433106946
52,1.1033637831288,1.1033637831288
53,1.0922303468950334,1.0922303468950334
54,1.0710759201357443,1.0710759201357443
55,1.0477598867108744,1.0477598867108744
56,1.0328839555863412,1.0328839555863412
57,1.0105710241102404,1.0105710241102404
58,0.9950381017500355,0.9950381017500355
59,0.9820897040828582,0.9820897040828582
60,0.9599102562473666,0.9599102562473666
61,0.9555621550929162,0.9555621550929162
62,0.9315639849632017,0.9315639849632017
63,0.9153936428408469,0.9153936428408469
64,0.9012511257202395,0.9012511257202395
65,0.8885703182989552,0.8885703182989552
66,0.8700673926261163,0.8700673926261163
67,0.8527593112760975,0.8527593112760975
68,0.8429214339102468,0.8429214339102468
69,0.8302947321245747,0.8302947321245747
70,0.8177434821282664,0.8177434821282664
71,0.8030702779369969,0.8030702779369969
72,0.7870342962203487,0.7870342962203487
73,0.7739665123724169,0.7739665123724169
74,0.7629741930192516,0.7629741930192516
75,0.7516772785494404,0.7516772785494404
76,0.7394935738655829,0.7394935738655829
77,0.729854739481403,0.729854739481403
78,0.7172101563022982,0.7172101563022982
79,0.7048426597349106,0.7048426597349106
80,0.6932609177404835,0.6932609177404835
81,0.6790093414245113,0.6790093414245113
82,0.6737078505177652,0.6737078505177652
83,0.6641987158406165,0.6641987158406165
84,0.6506053901487782,0.6506053901487782
85,0.6427573888532577,0.6427573888532577
86,0.6285458495540004,0.6285458495540004
87,0.6215460646537042,0.6215460646537042
88,0.613220589776193,0.613220589776193
89,0.5998756116436373,0.5998756116436373
90,0.5915798756384081,0.5915798756384081
91,0.5827778347076908,0.5827778347076908
92,0.5726392076861474,0.5726392076861474
93,0.5656194552298515,0.5656194552298515
94,0.5575305088873832,0.5575305088873832
95,0.5545489538100458,0.5545489538100458
96,0.5460994993486712,0.5460994993486712
97,0.5343452903532213,0.5343452903532213
98,0.5256551138816341,0.5256551138816341
99,0.5181830006261026,0.5181830006261026
100,0.5113715615964705,0.5113715615964705
101,0.5046116613572643,0.5046116613572643
102,0.4960744342496318,0.4960744342496318
103,0.4887790006975974,0.4887790006975974
104,0.4825787140477088,0.4825787140477088
105,0.47507004295625993,0.47507004295625993
106,0.46757647779680067,0.46757647779680067
107,0.46102618017504293,0.46102618017504293
108,0.4561063858770555,0.4561063858770555
109,0.4492419631250443,0.4492419631250443
110,0.4440988013821264,0.4440988013821264
111,0.4377461075782776,0.4377461075782776
112,0.43227686324427206,0.43227686324427206
113,0.4282348415543956,0.4282348415543956
114,0.42528544798974066,0.42528544798974066
115,0.418184289047795,0.418184289047795
116,0.41169391332134125,0.41169391332134125
117,0.40811187125021414,0.40811187125021414
118,0.4015870411549845,0.4015870411549845
119,0.3971611982391727,0.3971611982391727
120,0.3942894224197634,0.3942894224197634
121,0.39037788683368313,0.39037788683368313
122,0.38446199220995747,0.38446199220995747
123,0.3786429858976795,0.3786429858976795
124,0.37461504147898766,0.37461504147898766
125,0.3701322963160853,0.3701322963160853
126,0.36615084640441403,0.36615084640441403
127,0.36185647787586334,0.36185647787586334
128,0.35958632346122493,0.35958632346122493
129,0.3560672123585978,0.3560672123585978
130,0.3525388260041514,0.3525388260041514
131,0.3477453935530878,0.3477453935530878
132,0.3443729656357919,0.3443729656357919
133,0.3417068710250239,0.3417068710250239
134,0.3384273782853157,0.3384273782853157
135,0.33461277907894504,0.33461277907894504
136,0.33095356149058186,0.33095356149058186
137,0.3273766108097569,0.3273766108097569
138,0.3250960390413961,0.3250960390413961
139,0.32392390793369663,0.32392390793369663
140,0.31988443482306694,0.31988443482306694
141,0.3170212920634977,0.3170212920634977
142,0.3140342206724228,0.3140342206724228
143,0.31256297326857047,0.31256297326857047
144,0.30838263130957083,0.30838263130957083
145,0.30308264109396166,0.30308264109396166
146,0.3039314198878504,0.3039314198878504
147,0.3011074614140295,0.3011074614140295
148,0.29924009403874796,0.29924009403874796
149,0.29387933496505986,0.29387933496505986
150,0.2949466897595313,0.2949466897595313
151,0.28881314877540837,0.28881314877540837
152,0.2972995648461004,0.2972995648461004
153,0.2940195558532592,0.2940195558532592
154,0.2842708662632973,0.2842708662632973
155,0.2849875861598599,0.2849875861598599
156,0.28104600598735197,0.28104600598735197
157,0.28009902373436957,0.28009902373436957
158,0.2752871527787178,0.2752871527787178
159,0.2752650495498411,0.2752650495498411
160,0.274354878933199,0.274354878933199
161,0.270083355807489,0.270083355807489
162,0.27104367315769196,0.27104367315769196
163,0.26564358799688276,0.26564358799688276
164,0.26425409749630957,0.26425409749630957
165,0.26351643281598247,0.26351643281598247
166,0.2610852747194229,0.2610852747194229
167,0.2607556302701273,0.2607556302701273
168,0.25926521708888395,0.25926521708888395
169,0.26123965074939115,0.26123965074939115
170,0.2577642245638755,0.2577642245638755
171,0.25391061988569075,0.25391061988569075
172,0.252129033688576,0.252129033688576
173,0.2532679904853144,0.2532679904853144
174,0.252525050313242,0.252525050313242
175,0.24986917886041826,0.24986917886041826
176,0.25545448930032794,0.25545448930032794
177,0.2573955241710909,0.2573955241710909
178,0.25432650937188056,0.25432650937188056
179,0.2506827356353883,0.2506827356353883
180,0.26137354825773546,0.26137354825773546
181,0.25617219459625984,0.25617219459625984
182,0.2550453899368163,0.2550453899368163
183,0.24946373220412962,0.24946373220412962
184,0.24745680247583696,0.24745680247583696
185,0.24960139105396886,0.24960139105396886
186,0.24367447389710334,0.24367447389710334
187,0.24220068993106966,0.24220068993106966
188,0.24250243123500578,0.24250243123500578
189,0.24240461953224673,0.24240461953224673
190,0.2396738476330234,0.2396738476330234
191,0.23828865876120905,0.23828865876120905
192,0.236919000264137,0.236919000264137
193,0.23616583693412044,0.23616583693412044
194,0.23694596703975432,0.23694596703975432
195,0.30873073685553765,0.30873073685553765
196,0.25976463863926547,0.25976463863926547
197,0.253088925634661,0.253088925634661
198,0.2487867022714307,0.2487867022714307
199,0.24878677341245836,0.24878677341245836
200,0.24543108142191364,0.24543108142191364
201,0.2435250315935381,0.2435250315935381
202,0.24736363128308328,0.24736363128308328
203,0.243037365136608,0.243037365136608
204,0.2493180637398074,0.2493180637398074
205,0.24562225707115665,0.24562225707115665
206,0.24395527474341855,0.24395527474341855
207,0.2434498946512899,0.2434498946512899
208,0.24550964995737998,0.24550964995737998
209,0.23967197633558704,0.23967197633558704
210,0.2473721408074902,0.2473721408074902
211,0.2407991958241309,0.2407991958241309
212,0.23860157449399272,0.23860157449399272
213,0.238726171274339,0.238726171274339
214,0.2397419512271881,0.2397419512271881
215,0.23953254905439192,0.23953254905439192
216,0.24024130884678133,0.24024130884678133
217,0.24237268394039524,0.24237268394039524
218,0.23748097448579727,0.23748097448579727
219,0.24087099442558904,0.24087099442558904
220,0.23434295913865488,0.23434295913865488
221,0.23655985872591695,0.23655985872591695
222,0.23251841385518351,0.23251841385518351
223,0.23591387704495462,0.23591387704495462
224,0.23408662503765476,0.23408662503765476
225,0.2317246506291051,0.2317246506291051
226,0.23403951333415124,0.23403951333415124
227,0.23523683365314238,0.23523683365314238
228,0.23030362254188907,0.23030362254188907
229,0.23313346409028576,0.23313346409028576
230,0.23063989944996371,0.23063989944996371
231,0.23327188914821995,0.23327188914821995
232,0.23132988762470982,0.23132988762470982
233,0.23048456734226597,0.23048456734226597
234,0.23179500814407103,0.23179500814407103
235,0.23118961193869192,0.23118961193869192
236,0.23357246527748723,0.23357246527748723
237,0.23006219585095683,0.23006219585095683
238,0.22894444292591465,0.22894444292591465
239,0.23293389331909917,0.23293389331909917
240,0.23034257898407598,0.23034257898407598
241,0.23470928688203135,0.23470928688203135
242,0.23424173122452152,0.23424173122452152
243,0.2284398333680245,0.2284398333680245
244,0.22873793926931196,0.22873793926931196
245,0.22984342661596113,0.22984342661596113
246,0.23022269145134958,0.23022269145134958
247,0.22595944327692832,0.22595944327692832
248,0.22939079663445872,0.22939079663445872
249,0.22702379620844318,0.22702379620844318
250,0.23017484718753445,0.23017484718753445
251,0.22920710040676978,0.22920710040676978
252,0.22716310428034875,0.22716310428034875
253,0.23238532677773507,0.23238532677773507
254,0.22892649231418485,0.22892649231418485
255,0.22655879537905416,0.22655879537905416
256,0.22981038208930724,0.22981038208930724
257,0.22702729750064113,0.22702729750064113
258,0.2248193770647049,0.2248193770647049
259,0.23429930498523097,0.23429930498523097
260,0.2345514379201397,0.2345514379201397
261,0.23247140309503,0.23247140309503
262,0.22682769884986262,0.22682769884986262
263,0.22751345653687755,0.22751345653687755
264,0.2306960133775588,0.2306960133775588
265,0.22664316383100325,0.22664316383100325
266,0.22927298949610803,0.22927298949610803
267,0.22806377660843632,0.22806377660843632
268,0.22486113684792672,0.22486113684792672
269,0.22525178665114987,0.22525178665114987
270,0.22847836392541085,0.22847836392541085
271,0.22897707358483346,0.22897707358483346
272,0.22902962949968153,0.22902962949968153
273,0.22975089905723448,0.22975089905723448
274,0.2297333214552172,0.2297333214552172
275,0.22434597919064184,0.22434597919064184
276,0.2262387410286934,0.2262387410286934
277,0.22456782527508273,0.22456782527508273
278,0.22721519729783457,0.22721519729783457
279,0.22508026659488678,0.22508026659488678
280,0.22425660010307066,0.22425660010307066
281,0.22744589034588106,0.22744589034588106
282,0.22478909694379376,0.22478909694379376
283,0.22134103409705624,0.22134103409705624
284,0.22247865844157436,0.22247865844157436
285,0.22466721505888046,0.22466721505888046
286,0.22392444120299432,0.22392444120299432
287,0.22392842413917666,0.22392842413917666
288,0.22518042787428824,0.22518042787428824
289,0.22322145104408264,0.22322145104408264
290,0.22522051343994756,0.22522051343994756
291,0.2211484707170917,0.2211484707170917
292,0.2228448785120441,0.2228448785120441
293,0.22683844643254433,0.22683844643254433
294,0.22043515982166415,0.22043515982166415
295,0.22318520709391562,0.22318520709391562
296,0.222609045524751,0.222609045524751
297,0.22181258855327482,0.22181258855327482
298,0.22543966097216453,0.22543966097216453
299,0.22605515728073736,0.22605515728073736
300,0.2193789198513954,0.2193789198513954
301,0.22248041052972117,0.22248041052972117
302,0.2180273191582772,0.2180273191582772
303,0.2186338714053554,0.2186338714053554
304,0.22024906402634037,0.22024906402634037
305,0.2213126733418434,0.2213126733418434
306,0.22205388401785203,0.22205388401785203
307,0.22391019473152776,0.22391019473152776
308,0.2252462871613041,0.2252462871613041
309,0.22110617256933643,0.22110617256933643
310,0.21941034399694012,0.21941034399694012
311,0.21709395704730863,0.21709395704730863
312,0.2234395521302377,0.2234395521302377
313,0.22037899061556784,0.22037899061556784
314,0.21649083495140076,0.21649083495140076
315,0.22384355914208195,0.22384355914208195
316,0.22418140211412985,0.22418140211412985
317,0.22149577592649766,0.22149577592649766
318,0.2199950304723555,0.2199950304723555
319,0.21749017652003996,0.21749017652003996
320,0.21905177302898898,0.21905177302898898
321,0.21631286076961026,0.21631286076961026
322,0.2179168270480248,0.2179168270480248
323,0.21717680317740287,0.21717680317740287
324,0.21479207854117116,0.21479207854117116
325,0.21839527545436735,0.21839527545436735
326,0.2160259836143063,0.2160259836143063
327,0.2171687969276982,0.2171687969276982
328,0.21390815704099594,0.21390815704099594
329,0.21520143122442306,0.21520143122442306
330,0.21138509290833626,0.21138509290833626
331,0.21079249151291385,0.21079249151291385
332,0.20932591153729346,0.20932591153729346
333,0.21215541132034793,0.21215541132034793
334,0.21122103544973558,0.21122103544973558
335,0.21149443041893742,0.21149443041893742
336,0.20701738711326353,0.20701738711326353
337,0.20865915379216593,0.20865915379216593
338,0.20951659881299542,0.20951659881299542
339,0.20831858727239794,0.20831858727239794
340,0.2029782360599887,0.2029782360599887
341,0.20397909995048277,0.20397909995048277
342,0.2052172383954448,0.2052172383954448
343,0.20328591523631925,0.20328591523631925
344,0.20156887077516125,0.20156887077516125
345,0.20271972687013687,0.20271972687013687
346,0.1999892347281979,0.1999892347281979
347,0.1961993940414921,0.1961993940414921
348,0.2015566619173173,0.2015566619173173
349,0.1959144953758486,0.1959144953758486
350,0.19598318492212602,0.19598318492212602
351,0.19529940332135848,0.19529940332135848
352,0.1962229960387753,0.1962229960387753
353,0.19943859115723642,0.19943859115723642
354,0.19516229148833983,0.19516229148833983
355,0.1963771600877085,0.1963771600877085
356,0.19266962284041989,0.19266962284041989
357,0.188764680297144,0.188764680297144
358,0.1913289701746356,0.1913289701746356
359,0.19041142636729824,0.19041142636729824
360,0.19082708656787872,0.19082708656787872
361,0.1894612273862285,0.1894612273862285
362,0.1900309208900698,0.1900309208900698
363,0.18602571564335976,0.18602571564335976
364,0.1842968262011005,0.1842968262011005
365,0.1832477238870436,0.1832477238870436
366,0.1864199580684785,0.1864199580684785
367,0.18248896733407052,0.18248896733407052
368,0.17981393250726885,0.17981393250726885
369,0.1824882794772425,0.1824882794772425
370,0.1821010011819101,0.1821010011819101
371,0.18322783035616722,0.18322783035616722
372,0.18233692790231398,0.18233692790231398
373,0.18126217828642938,0.18126217828642938
374,0.1775841655269746,0.1775841655269746
375,0.17698381504704874,0.17698381504704874
376,0.1762718572731941,0.1762718572731941
377,0.17384333860489629,0.17384333860489629
378,0.1779193849332871,0.1779193849332871
379,0.17449842345330022,0.17449842345330022
380,0.17478595481764886,0.17478595481764886
381,0.17839038852722414,0.17839038852722414
382,0.1720923041143725,0.1720923041143725
383,0.17230997498958342,0.17230997498958342
384,0.17039299924527446,0.17039299924527446
385,0.17062698641131002,0.17062698641131002
386,0.1719606658143382,0.1719606658143382
387,0.1718141431770017,0.1718141431770017
388,0.17132051673627668,0.17132051673627668
389,0.17158172688176554,0.17158172688176554
390,0.17061023750612814,0.17061023750612814
391,0.1714856230443524,0.1714856230443524
392,0.16637871053911024,0.16637871053911024
393,0.16847040095636923,0.16847040095636923
394,0.1696668065363361,0.1696668065363361
395,0.1711054833665971,0.1711054833665971
396,0.16486220686666428,0.16486220686666428
397,0.16583975765012926,0.16583975765012926
398,0.16739528361828096,0.16739528361828096
399,0.1649143676603994,0.1649143676603994
400,0.16667171447507798,0.16667171447507798
401,0.1670829773910584,0.1670829773910584
402,0.16473120787451345,0.16473120787451345
403,0.162691883502468,0.162691883502468
404,0.1616650665960004,0.1616650665960004
405,0.16062375855061314,0.16062375855061314
406,0.1633030584742946,0.1633030584742946
407,0.1614714740745483,0.1614714740745483
408,0.16403473481055228,0.16403473481055228
409,0.16055337652083365,0.16055337652083365
410,0.1601704801282575,0.1601704801282575
411,0.16274610498259146,0.16274610498259146
412,0.16466656471452407,0.16466656471452407
413,0.16196818553632306,0.16196818553632306
414,0.15963260685243913,0.15963260685243913
415,0.15805112017739203,0.15805112017739203
416,0.1549838271833235,0.1549838271833235
417,0.1584662501850436,0.1584662501850436
418,0.16060553539183833,0.16060553539183833
419,0.1584217615665928,0.1584217615665928
420,0.1564495207801942,0.1564495207801942
421,0.1562928605464197,0.1562928605464197
422,0.15548989705501065,0.15548989705501065
423,0.15493537870145613,0.15493537870145613
424,0.15215954737317178,0.15215954737317178
425,0.15232640024154417,0.15232640024154417
426,0.15566714156058528,0.15566714156058528
427,0.15335885603581706,0.15335885603581706
428,0.15322088906841894,0.15322088906841894
429,0.15331750627486937,0.15331750627486937
430,0.15488050397365324,0.15488050397365324
431,0.15495467089837597,0.15495467089837597
432,0.15143052512599575,0.15143052512599575
433,0.15217125968587014,0.15217125968587014
434,0.15158453271273645,0.15158453271273645
435,0.15310833098426943,0.15310833098426943
436,0.1527593231970264,0.1527593231970264
437,0.14999102440572554,0.14999102440572554
438,0.14877609091420327,0.14877609091420327
439,0.14808258125858922,0.14808258125858922
440,0.1508285607541761,0.1508285607541761
441,0.14888872110074566,0.14888872110074566
442,0.14795147219011862,0.14795147219011862
443,0.150075803841314,0.150075803841314
444,0.14614297329418122,0.14614297329418122
445,0.14729938247511465,0.14729938247511465
446,0.14766743154295028,0.14766743154295028
447,0.1465255695004617,0.1465255695004617
448,0.14485187395926444,0.14485187395926444
449,0.1446188632999697,0.1446188632999697
450,0.14644542528736976,0.14644542528736976
451,0.14427879861285609,0.14427879861285609
452,0.14239446938999237,0.14239446938999237
453,0.1419625791811174,0.1419625791811174
454,0.14330334216356277,0.14330334216356277
455,0.14366377313290873,0.14366377313290873
456,0.14494268163557975,0.14494268163557975
457,0.14497918130890017,0.14497918130890017
458,0.1448737531900406,0.1448737531900406
459,0.14326383365738776,0.14326383365738776
460,0.14285908855738177,0.14285908855738177
461,0.1400330662727356,0.1400330662727356
462,0.14186848603910016,0.14186848603910016
463,0.14362279830440397,0.14362279830440397
464,0.14120871501584206,0.14120871501584206
465,0.1416558827604017,0.1416558827604017
466,0.13852675908034848,0.13852675908034848
467,0.14068038473206182,0.14068038473206182
468,0.14126065637796156,0.14126065637796156
469,0.1396608006569647,0.1396608006569647
470,0.14266169936426223,0.14266169936426223
471,0.13773012545800978,0.13773012545800978
472,0.13757624693455234,0.13757624693455234
473,0.13948311536542832,0.13948311536542832
474,0.13867318389877195,0.13867318389877195
475,0.13705699121759785,0.13705699121759785
476,0.1393534293578517,0.1393534293578517
477,0.1506984029566088,0.1506984029566088
478,0.14220841036688897,0.14220841036688897
479,0.14248839261070376,0.14248839261070376
480,0.13866923196661857,0.13866923196661857
481,0.13898868041653786,0.13898868041653786
482,0.14023076742887497,0.14023076742887497
483,0.1384454045084215,0.1384454045084215
484,0.13821773351200164,0.13821773351200164
485,0.13804837316274643,0.13804837316274643
486,0.13454540314212923,0.13454540314212923
487,0.13430763853173103,0.13430763853173103
488,0.134561228896341,0.134561228896341
489,0.1348481771926726,0.1348481771926726
490,0.1344630485100131,0.1344630485100131
491,0.13280203001153085,0.13280203001153085
492,0.13131220134035235,0.13131220134035235
493,0.1321905361067864,0.1321905361067864
494,0.1411675587296486,0.1411675587296486
495,0.14295836826485972,0.14295836826485972
496,0.1328303862002588,0.1328303862002588
497,0.13584189669739816,0.13584189669739816
498,0.1329934979158063,0.1329934979158063
499,0.13140917377125833,0.13140917377125833
500,0.13849213671299718,0.13849213671299718
501,0.13431883555266164,0.13431883555266164
502,0.12913705600846198,0.12913705600846198
503,0.13134586354417185,0.13134586354417185
504,0.13289135454162473,0.13289135454162473
505,0.1316701940471126,0.1316701940471126
506,0.13212321145880607,0.13212321145880607
507,0.13179732354417925,0.13179732354417925
508,0.1306539877287803,0.1306539877287803
509,0.12898665233965842,0.12898665233965842
510,0.1294565198402251,0.1294565198402251
511,0.13259571934899977,0.13259571934899977
512,0.12859744674736454,0.12859744674736454
513,0.1298173754926651,0.1298173754926651
514,0.1279126249494091,0.1279126249494091
515,0.13082418134135584,0.13082418134135584
516,0.1294631566251478,0.1294631566251478
517,0.12818646527105762,0.12818646527105762
518,0.1278048895539776,0.1278048895539776
519,0.13287540885709948,0.13287540885709948
520,0.12888661243261829,0.12888661243261829
521,0.12822303824847744,0.12822303824847744
522,0.12801738996659556,0.12801738996659556
523,0.12564039662961038,0.12564039662961038
524,0.12481933760066186,0.12481933760066186
525,0.12720151101389238,0.12720151101389238
526,0.1252431744529355,0.1252431744529355
527,0.1265224513988341,0.1265224513988341
528,0.12566558728294988,0.12566558728294988
529,0.1297432681725871,0.1297432681725871
530,0.12517348556749283,0.12517348556749283
531,0.12635361234987935,0.12635361234987935
532,0.12634967796264157,0.12634967796264157
533,0.12833874216002802,0.12833874216002802
534,0.13434004927835158,0.13434004927835158
535,0.12838852285377442,0.12838852285377442
536,0.12678711188416328,0.12678711188416328
537,0.12473509628926555,0.12473509628926555
538,0.12646721880282125,0.12646721880282125
539,0.12504819852690544,0.12504819852690544
540,0.12440559604475575,0.12440559604475575
541,0.12488841241405856,0.12488841241405856
542,0.12686198204755783,0.12686198204755783
543,0.12699918881539377,0.12699918881539377
544,0.12379711602003343,0.12379711602003343
545,0.12642109394073486,0.12642109394073486
546,0.12684294485276745,0.12684294485276745
547,0.12500339049485423,0.12500339049485423
548,0.1248682114866472,0.1248682114866472
549,0.1261202022433281,0.1261202022433281
550,0.1261413325705836,0.1261413325705836
551,0.1256523918240301,0.1256523918240301
552,0.12316171440386003,0.12316171440386003
553,0.12243983750381777,0.12243983750381777
554,0.12196170610766258,0.12196170610766258
555,0.12345114927138051,0.12345114927138051
556,0.12179310211250859,0.12179310211250859
557,0.12439978050608788,0.12439978050608788
558,0.12226473660238328,0.12226473660238328
559,0.123037472607628,0.123037472607628
560,0.12324272913317527,0.12324272913317527
561,0.12086453408964219,0.12086453408964219
562,0.12119909640281432,0.12119909640281432
563,0.1197846784226356,0.1197846784226356
564,0.12098178940434609,0.12098178940434609
565,0.11958452169933627,0.11958452169933627
566,0.12279427436090284,0.12279427436090284
567,0.12112030338856482,0.12112030338856482
568,0.12145806416388481,0.12145806416388481
569,0.12267876776956743,0.12267876776956743
570,0.12324590596460527,0.12324590596460527
571,0.12021271788304852,0.12021271788304852
572,0.12060218112122628,0.12060218112122628
573,0.11914197187269887,0.11914197187269887
574,0.12370140345827225,0.12370140345827225
575,0.12253708608688847,0.12253708608688847
576,0.12508769477567366,0.12508769477567366
577,0.12256081618608967,0.12256081618608967
578,0.12327952274391728,0.12327952274391728
579,0.12236349597092598,0.12236349597092598
580,0.11727193070034828,0.11727193070034828
581,0.11710349975093719,0.11710349975093719
582,0.11742204740162819,0.11742204740162819
583,0.11761013370367789,0.11761013370367789
584,0.1187853695404145,0.1187853695404145
585,0.11805185243006676,0.11805185243006676
586,0.11830798824948649,0.11830798824948649
587,0.12013980674166833,0.12013980674166833
588,0.1289478408232812,0.1289478408232812
589,0.1251852779138473,0.1251852779138473
590,0.12977799052192318,0.12977799052192318
591,0.12312322182040061,0.12312322182040061
592,0.11825717649152202,0.11825717649152202
593,0.11836690744084696,0.11836690744084696
594,0.11916306927319496,0.11916306927319496
595,0.12074488377378832,0.12074488377378832
596,0.12057513887843778,0.12057513887843778
597,0.11690204590559006,0.11690204590559006
598,0.11703923705124086,0.11703923705124086
599,0.11734494639019813,0.11734494639019813
600,0.11670755931446629,0.11670755931446629
601,0.11741907654270049,0.11741907654270049
602,0.11473272836977436,0.11473272836977436
603,0.11421455418871294,0.11421455418871294
604,0.11572176698715456,0.11572176698715456
605,0.11980113074664146,0.11980113074664146
606,0.11907759933702407,0.11907759933702407
607,0.11853014821967771,0.11853014821967771
608,0.1159610157051394,0.1159610157051394
609,0.11585314427652667,0.11585314427652667
610,0.11798962542126255,0.11798962542126255
611,0.11520208226096246,0.11520208226096246
612,0.11576693432946358,0.11576693432946358
613,0.11637209115489837,0.11637209115489837
614,0.1165647626884522,0.1165647626884522
615,0.11580562423313817,0.11580562423313817
616,0.11710558086633682,0.11710558086633682
617,0.11559628767351951,0.11559628767351951
618,0.1139183001172158,0.1139183001172158
619,0.11424576106571382,0.11424576106571382
620,0.11519586463128367,0.11519586463128367
621,0.11578260794762642,0.11578260794762642
622,0.1167292794392955,0.1167292794392955
623,0.11563193629826268,0.11563193629826268
624,0.11438109052758064,0.11438109052758064
625,0.11475078184758464,0.11475078184758464
626,0.12582487636996853,0.12582487636996853
627,0.11926621390927222,0.11926621390927222
628,0.11495932696327087,0.11495932696327087
629,0.11363300873387244,0.11363300873387244
630,0.11691975641635156,0.11691975641635156
631,0.11304032345933299,0.11304032345933299
632,0.1147860714024113,0.1147860714024113
633,0.11299801449621877,0.11299801449621877
634,0.1128532083765153,0.1128532083765153
635,0.11786066981092576,0.11786066981092576
636,0.14014768744668654,0.14014768744668654
637,0.1263054936162887,0.1263054936162887
638,0.11935833505084438,0.11935833505084438
639,0.11682669842435468,0.11682669842435468
640,0.11607049405574799,0.11607049405574799
641,0.12573130164415605,0.12573130164415605
642,0.11892988652952256,0.11892988652952256
643,0.11641311669541944,0.11641311669541944
644,0.11483639983400222,0.11483639983400222
645,0.11370989079436948,0.11370989079436948
646,0.11295801040626341,0.11295801040626341
647,0.1159119269540233,0.1159119269540233
648,0.11482903313252234,0.11482903313252234
649,0.11390158197572155,0.11390158197572155
650,0.11265177688290996,0.11265177688290996
651,0.11461874361961119,0.11461874361961119
652,0.12369100244775895,0.12369100244775895
653,0.11647883201799085,0.11647883201799085
654,0.11401436093353456,0.11401436093353456
655,0.11175343250074694,0.11175343250074694
656,0.1131187028461887,0.1131187028461887
657,0.11128061360889865,0.11128061360889865
658,0.11143220432343022,0.11143220432343022
659,0.11082208637268312,0.11082208637268312
660,0.11604888617031035,0.11604888617031035
661,0.11524959028728547,0.11524959028728547
662,0.11196237441993528,0.11196237441993528
663,0.11127329858080033,0.11127329858080033
664,0.11707097340014673,0.11707097340014673
665,0.11395587315482478,0.11395587315482478
666,0.11382159975267225,0.11382159975267225
667,0.11222446181120412,0.11222446181120412
668,0.1111117166376883,0.1111117166376883
669,0.11100988378447871,0.11100988378447871
670,0.11048507858668605,0.11048507858668605
671,0.11175328469084155,0.11175328469084155
672,0.11217321455478668,0.11217321455478668
673,0.11219566892231664,0.11219566892231664
674,0.10948015989795808,0.10948015989795808
675,0.11263997083710085,0.11263997083710085
676,0.11258176089294496,0.11258176089294496
677,0.11127961763451176,0.11127961763451176
678,0.11081237105592605,0.11081237105592605
679,0.11157905622836083,0.11157905622836083
680,0.11264959410313637,0.11264959410313637
681,0.11051579949355894,0.11051579949355894
682,0.11096251227201955,0.11096251227201955
683,0.10916642508199138,0.10916642508199138
684,0.10838385431035873,0.10838385431035873
685,0.1111108937090443,0.1111108937090443
686,0.11107721155689608,0.11107721155689608
687,0.1095061037809618,0.1095061037809618
688,0.11134750107603689,0.11134750107603689
689,0.11038020878068862,0.11038020878068862
690,0.1146086041004427,0.1146086041004427
691,0.110718087082909,0.110718087082909
692,0.11313640879046533,0.11313640879046533
693,0.11332941247570899,0.11332941247570899
694,0.11026932491410163,0.11026932491410163
695,0.11165288138774133,0.11165288138774133
696,0.10996502012975755,0.10996502012975755
697,0.10867787993723346,0.10867787993723346
698,0.11055033509769747,0.11055033509769747
699,0.10862031675154163,0.10862031675154163
700,0.10606908269466893,0.10606908269466893
701,0.1075385227318733,0.1075385227318733
702,0.11069393758812258,0.11069393758812258
703,0.10821988601838389,0.10821988601838389
704,0.11103934890800907,0.11103934890800907
705,0.10905857408238996,0.10905857408238996
706,0.1083281506453791,0.1083281506453791
707,0.10676577182546738,0.10676577182546738
708,0.10971060106831212,0.10971060106831212
709,0.10851651093652172,0.10851651093652172
710,0.10936587880696019,0.10936587880696019
711,0.1085700479245955,0.1085700479245955
712,0.11018885551921782,0.11018885551921782
713,0.10760681619567256,0.10760681619567256
714,0.10604430254428618,0.10604430254428618
715,0.10706258228709621,0.10706258228709621
716,0.10746764367626559,0.10746764367626559
717,0.1066952044925382,0.1066952044925382
718,0.1046559942826148,0.1046559942826148
719,0.1068735572118913,0.1068735572118913
720,0.10614383941696535,0.10614383941696535
721,0.10736365063536552,0.10736365063536552
722,0.10772506652339812,0.10772506652339812
723,0.10802789224732307,0.10802789224732307
724,0.1065214910814839,0.1065214910814839
725,0.10861777321946237,0.10861777321946237
726,0.11057399862235592,0.11057399862235592
727,0.10801414544543912,0.10801414544543912
728,0.10782883220141934,0.10782883220141934
729,0.10910018461365853,0.10910018461365853
730,0.10812802901191096,0.10812802901191096
731,0.10724140030722465,0.10724140030722465
732,0.10672096355307487,0.10672096355307487
733,0.10872782646648345,0.10872782646648345
734,0.10574788624240507,0.10574788624240507
735,0.10558145036620478,0.10558145036620478
736,0.17786722654296505,0.17786722654296505
737,0.21574426995169732,0.21574426995169732
738,0.19290728626712675,0.19290728626712675
739,0.16605801591950078,0.16605801591950078
740,0.15080900153806132,0.15080900153806132
741,0.14081817841337574,0.14081817841337574
742,0.13402557805661233,0.13402557805661233
743,0.12733160055452777,0.12733160055452777
744,0.12298588574894014,0.12298588574894014
745,0.11965801831214659,0.11965801831214659
746,0.11996494257642377,0.11996494257642377
747,0.2224183979053651,0.2224183979053651
748,0.26799706105263005,0.26799706105263005
749,0.24225307664563578,0.24225307664563578
750,0.23670686108450736,0.23670686108450736
751,0.23113362875676924,0.23113362875676924
752,0.23102236322818265,0.23102236322818265
753,0.2319369311294248,0.2319369311294248
754,0.22338482593336412,0.22338482593336412
755,0.21708914974043447,0.21708914974043447
756,0.21448159313970996,0.21448159313970996
757,0.21016934033363097,0.21016934033363097
758,0.20868534907217948,0.20868534907217948
759,0.20309778663419908,0.20309778663419908
760,0.19879656645559496,0.19879656645559496
761,0.19497304433776486,0.19497304433776486
762,0.19045966094540012,0.19045966094540012
763,0.18574756864578493,0.18574756864578493
764,0.1851418912410736,0.1851418912410736
765,0.17649756179701898,0.17649756179701898
766,0.1728344468339797,0.1728344468339797
767,0.1735617504004509,0.1735617504004509
768,0.1681448475968453,0.1681448475968453
769,0.1637985038180505,0.1637985038180505
770,0.1613575167232944,0.1613575167232944
771,0.1594871941112703,0.1594871941112703
772,0.15941484897367417,0.15941484897367417
773,0.156215502850471,0.156215502850471
774,0.1524293283301015,0.1524293283301015
775,0.15048334819655265,0.15048334819655265
776,0.14716405012915212,0.14716405012915212
777,0.14810135864442395,0.14810135864442395
778,0.1473020964091824,0.1473020964091824
779,0.1441687758891813,0.1441687758891813
780,0.14221317753676446,0.14221317753676446
781,0.14275930918032123,0.14275930918032123
782,0.13880984581285907,0.13880984581285907
783,0.13975116995073134,0.13975116995073134
784,0.1379308186231121,0.1379308186231121
785,0.13630339575390663,0.13630339575390663
786,0.1351917720129413,0.1351917720129413
787,0.1320746507375471,0.1320746507375471
788,0.13254891432100727,0.13254891432100727
789,0.13153898163187888,0.13153898163187888
790,0.13172095893852173,0.13172095893852173
791,0.1287648629757666,0.1287648629757666
792,0.1304367811929795,0.1304367811929795
793,0.1294325811247672,0.1294325811247672
794,0.12995339136931203,0.12995339136931203
795,0.13019020062300465,0.13019020062300465
796,0.12766159277769826,0.12766159277769826
797,0.12685600283645815,0.12685600283645815
798,0.12406977482380406,0.12406977482380406
799,0.12608882953082362,0.12608882953082362
