,total_loss,feature_loss
0,0.22149906480312348,0.22149906480312348
1,0.2031817135810852,0.2031817135810852
2,0.195025732755661,0.195025732755661
3,0.19199059581756592,0.19199059581756592
4,0.18882627701759339,0.18882627701759339
5,0.1851411610841751,0.1851411610841751
6,0.18331993281841277,0.18331993281841277
7,0.1813206297159195,0.1813206297159195
8,0.17995906722545624,0.17995906722545624
9,0.17849407184123994,0.17849407184123994
10,0.17757079529762268,0.17757079529762268
11,0.17673764312267304,0.17673764312267304
12,0.17481438422203063,0.17481438422203063
13,0.1744845906496048,0.1744845906496048
14,0.1733035088777542,0.1733035088777542
15,0.1719881683588028,0.1719881683588028
16,0.17169250583648682,0.17169250583648682
17,0.17064031302928925,0.17064031302928925
18,0.17057196378707887,0.17057196378707887
19,0.16953018510341644,0.16953018510341644
20,0.16810853838920592,0.16810853838920592
21,0.16822268366813659,0.16822268366813659
22,0.16654723012447356,0.16654723012447356
23,0.16623878574371337,0.16623878574371337
24,0.16468142342567443,0.16468142342567443
25,0.16390621197223662,0.16390621197223662
26,0.1631794250011444,0.1631794250011444
27,0.16407835853099823,0.16407835853099823
28,0.16238472259044648,0.16238472259044648
29,0.16168282735347747,0.16168282735347747
30,0.16187712061405182,0.16187712061405182
31,0.16160979759693145,0.16160979759693145
32,0.16121940076351166,0.16121940076351166
33,0.1592521640062332,0.1592521640062332
34,0.15870522093772887,0.15870522093772887
35,0.158635633289814,0.158635633289814
36,0.1580752203464508,0.1580752203464508
37,0.15798713886737822,0.15798713886737822
38,0.15905573511123658,0.15905573511123658
39,0.15913645315170288,0.15913645315170288
40,0.15541055721044542,0.15541055721044542
41,0.1539406760931015,0.1539406760931015
42,0.15427583229541778,0.15427583229541778
43,0.1556651691198349,0.1556651691198349
44,0.15345677012205125,0.15345677012205125
45,0.15459476661682128,0.15459476661682128
46,0.15341985028982164,0.15341985028982164
47,0.15239571487903594,0.15239571487903594
48,0.1517175804376602,0.1517175804376602
49,0.151648182451725,0.151648182451725
50,0.1512584912776947,0.1512584912776947
51,0.15145980423688887,0.15145980423688887
52,0.14998732829093933,0.14998732829093933
53,0.1498617091178894,0.1498617091178894
54,0.15018754971027373,0.15018754971027373
55,0.14987305182218552,0.14987305182218552
56,0.14992573583126068,0.14992573583126068
57,0.14819637203216554,0.14819637203216554
58,0.1477433170080185,0.1477433170080185
59,0.14879376482963563,0.14879376482963563
60,0.14898175567388536,0.14898175567388536
61,0.14976270675659178,0.14976270675659178
62,0.14739157927036287,0.14739157927036287
63,0.1470604853630066,0.1470604853630066
64,0.14671535593271257,0.14671535593271257
65,0.1459733406305313,0.1459733406305313
66,0.14564559507369995,0.14564559507369995
67,0.14459607726335524,0.14459607726335524
68,0.14531050926446915,0.14531050926446915
69,0.1444069973230362,0.1444069973230362
70,0.14512851923704148,0.14512851923704148
71,0.14484783470630647,0.14484783470630647
72,0.14366464388370515,0.14366464388370515
73,0.14310092943906785,0.14310092943906785
74,0.1431394175887108,0.1431394175887108
75,0.14207484823465347,0.14207484823465347
76,0.14247516202926636,0.14247516202926636
77,0.14246575850248336,0.14246575850248336
78,0.14236508828401565,0.14236508828401565
79,0.14301905834674836,0.14301905834674836
80,0.1423982696533203,0.1423982696533203
81,0.1432566064596176,0.1432566064596176
82,0.14207339042425154,0.14207339042425154
83,0.14246351957321168,0.14246351957321168
84,0.14037878984212876,0.14037878984212876
85,0.14010065984725953,0.14010065984725953
86,0.13861544024944306,0.13861544024944306
87,0.1383577412366867,0.1383577412366867
88,0.13826715463399888,0.13826715463399888
89,0.1386813239455223,0.1386813239455223
90,0.1386972455382347,0.1386972455382347
91,0.13980579280853273,0.13980579280853273
92,0.13976837426424027,0.13976837426424027
93,0.1393189127445221,0.1393189127445221
94,0.13852146512269975,0.13852146512269975
95,0.13607882755994796,0.13607882755994796
96,0.13714628434181214,0.13714628434181214
97,0.1357278163433075,0.1357278163433075
98,0.1344662104845047,0.1344662104845047
99,0.13654363894462584,0.13654363894462584
100,0.13519971710443496,0.13519971710443496
101,0.13679939597845078,0.13679939597845078
102,0.13739619314670562,0.13739619314670562
103,0.13772644072771073,0.13772644072771073
104,0.13788010317087174,0.13788010317087174
105,0.13703433656692504,0.13703433656692504
106,0.1363597689270973,0.1363597689270973
107,0.13485417050123213,0.13485417050123213
