,total_loss,vq_loss,audio_loss
0,13.686073083496094,0.07653525963425636,13.609537818908692
1,5.311526122665406,0.04033290652036667,5.271193216323852
2,2.717738596725464,0.02868318386375904,2.689055415725708
3,2.119077976226807,0.026020423036813737,2.0930575534820557
4,1.9539224685668946,0.028503375762701035,1.9254190908432007
5,1.8360226217269897,0.03615491359531879,1.799867706489563
6,1.7779250171661376,0.04674200660586357,1.7311830108642579
7,1.7359435464859008,0.05743672478199005,1.6785068208694458
8,1.70922960357666,0.06959228260517121,1.639637322807312
9,1.6850509344100952,0.08267379714250564,1.602377137184143
10,1.669203050994873,0.09660858110189438,1.5725944692611695
11,1.6540051259994506,0.10622196530103684,1.5477831617355347
12,1.6450939371109008,0.11449978938102723,1.5305941463470458
13,1.6374048906326293,0.12140177172422409,1.5160031187057494
14,1.6264716663360597,0.12619910113811492,1.500272564315796
15,1.6223035785675048,0.13076783409118653,1.4915357446670532
16,1.6184500913619995,0.1337245080113411,1.484725583076477
17,1.6178031469345093,0.1370938131093979,1.4807093334197998
18,1.6139388891220092,0.139253098154068,1.474685789680481
19,1.6113697456359863,0.14138568518161773,1.4699840589523316
20,1.6087081295013428,0.14250599958896637,1.4662021295547485
21,1.6071798091888427,0.14472135701179503,1.4624584503173828
22,1.6054483575820924,0.1466774012327194,1.4587709558486939
23,1.6041030017852784,0.14841849887371064,1.4556845060348511
24,1.602240103149414,0.150585276389122,1.4516548292160034
25,1.6064907661437988,0.15108569967746735,1.4554050664901734
26,1.5972629539489747,0.15223516192436218,1.4450277910232543
27,1.6003451608657837,0.15407191660404204,1.4462732442855835
28,1.5988580152511596,0.15510177826881408,1.4437562393188477
29,1.5936855131149292,0.15508766374588012,1.438597850036621
30,1.5885037155151367,0.15577105283737183,1.4327326610565185
31,1.5927242107391357,0.15698409230709076,1.435740117073059
32,1.5875714471817017,0.1577068383693695,1.4298646087646485
33,1.5887844774246216,0.158226478433609,1.4305580013275145
34,1.5912365789413452,0.1593287887096405,1.431907789039612
35,1.587654541015625,0.1601281052350998,1.4275264348983765
36,1.5906946718215942,0.16033769283294677,1.4303569808959962
37,1.5899680164337158,0.16146345760822295,1.4285045581817626
38,1.585545206642151,0.1615766577720642,1.4239685485839844
39,1.58810541305542,0.1622911119222641,1.4258143013000488
40,1.5866899429321288,0.16315137741565705,1.4235385641098022
41,1.5853950622558595,0.16315085363388063,1.4222442077636719
42,1.584744292640686,0.16359232861995698,1.4211519630432128
43,1.5845994213104249,0.16374052271842957,1.4208589021682738
44,1.5770704248428344,0.16374498345851898,1.4133254434585572
45,1.5808349327087403,0.16482994134426118,1.4160049900054932
46,1.578173793411255,0.16379781932830811,1.414375973701477
47,1.5822632390975953,0.16545468447208406,1.4168085550308227
48,1.5781058485031128,0.16532676277160643,1.412779086112976
49,1.5742913761138917,0.16586694600582122,1.408424429321289
50,1.5778378000259399,0.16579478576183318,1.412043013381958
51,1.5752241605758668,0.1662525101661682,1.4089716526031495
52,1.5771266302108764,0.16719003953933717,1.4099365913391113
53,1.5743625898361207,0.16704127075672148,1.4073213195800782
54,1.5721100791931153,0.16710938858985902,1.4050006898880005
55,1.5741638004302978,0.1676294317007065,1.4065343700408937
56,1.5726906337738038,0.16790133752822875,1.4047892957687378
57,1.5762876556396483,0.16838963775634766,1.4078980173110962
58,1.576543843650818,0.16883476257324218,1.4077090812683106
59,1.5720542108535767,0.1690088984966278,1.4030453121185302
60,1.5737204061508179,0.16975786771774293,1.4039625385284424
61,1.57456755695343,0.1689421307325363,1.4056254278182982
62,1.569153759765625,0.1686547312259674,1.4004990283966063
63,1.5678579669952393,0.16866331560611725,1.3991946502685546
64,1.567075372505188,0.16903806903362273,1.3980373050689696
65,1.5678752656936645,0.16909050331115721,1.3987847606658936
66,1.567339005088806,0.1696219669342041,1.397717036628723
67,1.5670132251739501,0.168889124751091,1.39812410030365
68,1.5651751266479492,0.16942931497097016,1.3957458124160766
69,1.5666921014785766,0.16955313222408294,1.3971389682769775
70,1.5642208822250365,0.1694621809244156,1.3947587028503419
71,1.5659253843307495,0.169611333155632,1.39631404838562
72,1.5643569593429565,0.1697119550228119,1.3946450046539307
73,1.562663505744934,0.16986736562252044,1.3927961380004883
74,1.5642767505645752,0.1701631458759308,1.394113606262207
75,1.566150757598877,0.17078307683467864,1.395367679786682
76,1.5663287631988525,0.17067993011474608,1.3956488330841064
77,1.568271457672119,0.17041037607192994,1.3978610834121703
78,1.5666147119522096,0.17025621767044066,1.3963584936141968
79,1.5640669515609742,0.16991651992797852,1.3941504335403443
80,1.5659052328109742,0.17073184266090394,1.3951733909606934
81,1.5640150241851807,0.17087744290828705,1.3931375804901123
82,1.562178399658203,0.17112403454780578,1.3910543653488159
83,1.5646121198654175,0.17148012206554414,1.393131994819641
84,1.5641145149230957,0.17121280682086945,1.392901707839966
85,1.5639388164520263,0.1712107075214386,1.3927281080245972
86,1.5632688894271851,0.17108289024829865,1.3921860008239746
87,1.560345809173584,0.17098284747600556,1.3893629610061646
88,1.5623725128173829,0.17069300272464752,1.391679507446289
89,1.5610256433486938,0.17075429708957673,1.3902713464736938
90,1.5582973468780517,0.17041491990089416,1.387882427215576
91,1.559339298439026,0.16997971329689027,1.3893595848083495
92,1.5580381214141845,0.17052787632942198,1.3875102458953859
93,1.5597137784957886,0.1707300966978073,1.388983681678772
94,1.5590748737335205,0.17026184260845184,1.3888130331039428
95,1.5553869554519653,0.17048219697475434,1.3849047569274902
96,1.5531052242279053,0.17001072821617128,1.3830944942474366
97,1.562285667037964,0.17077069170475007,1.3915149753570557
98,1.5580202533721923,0.17047726213932038,1.3875429920196534
99,1.5553707582473755,0.17034487059116363,1.3850258863449096
100,1.5588824480056762,0.17060553455352784,1.3882769147872924
101,1.5566364194869995,0.17041972172260283,1.3862166959762574
102,1.556266653060913,0.17016480543613433,1.386101847076416
103,1.5591258295059205,0.17083826196193694,1.388287568283081
104,1.5554489065170287,0.16980961410999298,1.3856392915725708
105,1.5561066919326783,0.17018352015018462,1.3859231721878051
106,1.5539747745513917,0.1705886577129364,1.3833861152648925
107,1.554513856315613,0.17014858431816102,1.3843652723312379
108,1.5548700189590454,0.17043405809402465,1.3844359619140625
109,1.5541536922454835,0.17017488644123077,1.383978807258606
110,1.5504524192810059,0.17012344214916228,1.380328978538513
111,1.5524509017944337,0.17028185725212097,1.3821690450668336
112,1.5545242406845092,0.169829820394516,1.384694421005249
113,1.5534510513305664,0.17056526193618773,1.3828857908248902
114,1.5509930891036987,0.17116912980079652,1.3798239591598511
115,1.5534147930145263,0.17055252072811128,1.3828622735977172
116,1.5500899322509765,0.1706241841316223,1.379465748023987
117,1.5585428482055663,0.17174382667541505,1.386799022102356
118,1.5532470024108886,0.17085659394264222,1.3823904094696045
119,1.5539280759811402,0.17144524354934693,1.3824828346252442
120,1.550889598274231,0.17182806515693663,1.3790615341186523
121,1.5541674200057984,0.17145481107234956,1.382712607574463
122,1.5525395904541015,0.1712064961194992,1.381333093070984
123,1.5549261962890626,0.17162783045768737,1.3832983675003052
124,1.5535044424057007,0.17208508977890014,1.3814193548202514
125,1.5523424646377564,0.1716150937318802,1.3807273696899414
126,1.5495014530181885,0.1715595984697342,1.3779418563842774
127,1.551445548248291,0.17197140007019043,1.37947414894104
128,1.550722087097168,0.1719085408449173,1.3788135461807252
129,1.5507328899383546,0.1720976934194565,1.3786351947784423
130,1.5477704235076903,0.17153441936969757,1.3762360000610352
131,1.5501726886749267,0.17228683018684388,1.3778858562469483
132,1.552073797416687,0.17216935069561004,1.3799044473648072
133,1.5473120208740234,0.17215082170963286,1.3751612005233764
134,1.5526064052581787,0.17268868565559387,1.379917720222473
135,1.5533883848190309,0.17296619985103606,1.3804221826553345
136,1.5473551094055176,0.17276890325546265,1.3745862058639526
137,1.5524126688003541,0.17306873037815093,1.3793439392089843
138,1.554657495880127,0.17314906895160675,1.3815084270477296
139,1.5554118186950683,0.17407107126712798,1.3813407485961915
140,1.5495883340835572,0.17377595410346985,1.3758123783111573
141,1.5477087211608886,0.17303200070858002,1.3746767185211182
142,1.5476608604431152,0.17352178864479065,1.3741390705108643
143,1.5519597063064574,0.1738058479309082,1.3781538570404053
144,1.5510144773483276,0.17384308693408967,1.377171389389038
145,1.5493514554977417,0.17369676806926726,1.3756546857833862
146,1.5492897861480712,0.17337596747875214,1.3759138172149659
147,1.5510249864578247,0.1744957205057144,1.3765292673110963
148,1.5460901082992553,0.17361152198314667,1.3724785861968993
149,1.5508574178695678,0.174591695022583,1.3762657245635985
150,1.5525457639694213,0.17414369020462037,1.3784020738601686
151,1.5523915878295897,0.17462648305892944,1.377765103340149
152,1.5524066585540772,0.17468777108192443,1.3777188875198365
153,1.5465871858596802,0.174089128947258,1.3724980562210083
154,1.5505086973190307,0.17428314208984375,1.3762255550384521
155,1.552447145462036,0.17439856996536254,1.378048576927185
