,ctc_loss
0,6.466488925237504
1,3.814312984072973
2,3.7325743682800776
3,3.704298238905649
4,3.6955499157073004
5,3.6885508771926636
6,3.6823231341346863
7,3.672220790196979
8,3.6539166919768804
9,3.6398433200896734
10,3.6286763009570895
11,3.6157356633080378
12,3.6014750155191573
13,3.6051140701960005
14,3.589161751762269
15,3.5683483396257674
16,3.5004756639874173
17,3.4370989421057323
18,3.5938610046628923
19,3.496479866996644
20,3.6902843354240296
21,3.634886143699525
22,3.6118500838204035
23,3.5918582772451733
24,3.5692676286848766
25,3.548182714553106
26,3.5209905684940397
27,3.478080643547906
28,3.4134730649372886
29,3.3713688017830017
30,3.3397507478320407
31,3.3100201099637956
32,3.290205304584806
33,3.2668127370259117
34,3.255391624238756
35,3.2371775763375417
36,3.2224958624158586
37,3.211013154378013
38,3.202706431585645
39,3.1902925627572194
40,3.185577188219343
41,3.1692285651252385
42,3.1668875633724154
43,3.1528117770240423
44,3.146460911584279
45,3.1363859441545276
46,3.1305969745393782
47,3.114673542597937
48,3.1182383393484447
49,3.1063698700496127
50,3.0922271334935747
51,3.091092624361553
52,3.0825826970357744
53,3.0733285442231195
54,3.0639225566197954
55,3.06920039464557
56,3.050421756411356
57,3.0419091156550815
58,3.0417076330336315
59,3.0239965839991494
60,3.0189345261407277
61,3.0427026862189885
62,3.0090003884027876
63,2.9981185103219654
64,3.0020152122255355
65,3.019543583430941
66,2.987334277894762
67,2.994000124552893
68,2.972454718181065
69,2.969909463609968
70,2.9525368629939974
71,2.9389625768812877
72,2.9344245441376215
73,2.926063711681063
