,total_loss,feature_loss
0,5.680482291406201,5.680482291406201
1,1.3160404091881168,1.3160404091881168
2,0.936747710550985,0.936747710550985
3,0.8793498594914714,0.8793498594914714
4,0.8489651487719628,0.8489651487719628
5,0.8239732163567697,0.8239732163567697
6,0.8068326134835521,0.8068326134835521
7,0.7939032431571714,0.7939032431571714
8,0.7840470940836014,0.7840470940836014
9,0.7792679878973192,0.7792679878973192
10,0.7692142003966916,0.7692142003966916
11,0.7718096548511136,0.7718096548511136
12,0.7561075350930614,0.7561075350930614
13,0.7527674849956266,0.7527674849956266
14,0.7431580972286963,0.7431580972286963
15,0.7451595837070096,0.7451595837070096
16,0.7333210572119682,0.7333210572119682
17,0.7365417182445526,0.7365417182445526
18,0.7322108187983113,0.7322108187983113
19,0.7135724752180038,0.7135724752180038
20,0.7102417888179902,0.7102417888179902
21,0.7175777987126382,0.7175777987126382
22,0.7047293907211672,0.7047293907211672
23,0.7026137027048296,0.7026137027048296
24,0.6996880019864729,0.6996880019864729
25,0.6970157642518321,0.6970157642518321
26,0.6933927007259861,0.6933927007259861
27,0.694945421911055,0.694945421911055
28,0.6895873575441299,0.6895873575441299
29,0.6949387298476312,0.6949387298476312
30,0.6846994132764878,0.6846994132764878
31,0.6837271490404683,0.6837271490404683
32,0.6930865232021578,0.6930865232021578
33,0.6850460123631262,0.6850460123631262
34,0.693886685755945,0.693886685755945
35,0.6780869153238112,0.6780869153238112
36,0.686051401399797,0.686051401399797
37,0.6814916624176887,0.6814916624176887
38,0.6852063132870582,0.6852063132870582
39,0.6837093637835595,0.6837093637835595
40,0.680709239936644,0.680709239936644
41,0.6849219395268348,0.6849219395268348
42,0.6806542498450125,0.6806542498450125
43,0.6652228380403211,0.6652228380403211
44,0.6725551341810534,0.6725551341810534
45,0.6837737175726122,0.6837737175726122
46,0.6676484942436218,0.6676484942436218
47,0.674695239913079,0.674695239913079
48,0.6843117004440676,0.6843117004440676
49,0.6697974387676485,0.6697974387676485
50,0.6797822127419133,0.6797822127419133
51,0.6680086735756167,0.6680086735756167
52,0.6711755923686489,0.6711755923686489
53,0.6667239002643093,0.6667239002643093
54,0.6624385031961626,0.6624385031961626
55,0.6635792159265087,0.6635792159265087
56,0.6698523375295824,0.6698523375295824
57,0.6595201607673399,0.6595201607673399
58,0.6651254728917153,0.6651254728917153
59,0.6658735188745684,0.6658735188745684
60,0.6734462870705512,0.6734462870705512
61,0.6598457328734859,0.6598457328734859
62,0.6680417810716937,0.6680417810716937
63,0.6622596056230606,0.6622596056230606
64,0.6610543026078132,0.6610543026078132
65,0.6627145476879612,0.6627145476879612
66,0.665345613994906,0.665345613994906
67,0.6644994645349441,0.6644994645349441
68,0.667882384792451,0.667882384792451
69,0.6653322173703101,0.6653322173703101
70,0.6545762717723846,0.6545762717723846
71,0.6565546902918047,0.6565546902918047
72,0.6706934763539222,0.6706934763539222
73,0.6538856433283898,0.6538856433283898
74,0.6635519631447331,0.6635519631447331
75,0.6588462129715951,0.6588462129715951
76,0.6618847423984159,0.6618847423984159
77,0.6518281659772319,0.6518281659772319
78,0.6591399706179096,0.6591399706179096
79,0.6597301873468584,0.6597301873468584
80,0.674003210759932,0.674003210759932
81,0.6515009936786467,0.6515009936786467
82,0.657078089252595,0.657078089252595
83,0.6535609566396282,0.6535609566396282
84,0.6582930068815908,0.6582930068815908
85,0.6581665825459265,0.6581665825459265
86,0.6563782292988992,0.6563782292988992
87,0.6465112691925418,0.6465112691925418
88,0.6464347964332949,0.6464347964332949
89,0.6461109865096307,0.6461109865096307
90,0.655198065503951,0.655198065503951
91,0.6512569083321479,0.6512569083321479
92,0.6473229950474154,0.6473229950474154
93,0.6514242387587025,0.6514242387587025
94,0.6503921189615803,0.6503921189615803
95,0.6582722183196775,0.6582722183196775
96,0.6558646328987614,0.6558646328987614
97,0.6602038717077624,0.6602038717077624
98,0.6520340005236287,0.6520340005236287
99,0.6516846798120006,0.6516846798120006
100,0.6397685620092577,0.6397685620092577
101,0.6439367205865921,0.6439367205865921
102,0.6483871533024695,0.6483871533024695
103,0.6506550619679112,0.6506550619679112
104,0.6512017649027609,0.6512017649027609
105,0.6439964545349921,0.6439964545349921
106,0.651587922726908,0.651587922726908
107,0.6436535052714809,0.6436535052714809
108,0.6536738502402459,0.6536738502402459
109,0.6513179242610931,0.6513179242610931
110,0.6534750211623407,0.6534750211623407
111,0.6456971110836152,0.6456971110836152
112,0.64836176076243,0.64836176076243
113,0.636078413455717,0.636078413455717
114,0.6417027211958363,0.6417027211958363
115,0.6483049950292034,0.6483049950292034
116,0.6438890743640161,0.6438890743640161
117,0.6387864009987924,0.6387864009987924
118,0.647514671087265,0.647514671087265
119,0.6497142872502727,0.6497142872502727
120,0.6546028564053197,0.6546028564053197
121,0.6456797055659755,0.6456797055659755
122,0.6506892865703952,0.6506892865703952
123,0.646167304727339,0.646167304727339
124,0.6470539521786475,0.6470539521786475
125,0.645705456695249,0.645705456695249
126,0.6469352745240734,0.6469352745240734
127,0.6417793218166598,0.6417793218166598
128,0.6401121606749873,0.6401121606749873
129,0.6537265085404919,0.6537265085404919
130,0.6471650369705693,0.6471650369705693
131,0.6421256026914043,0.6421256026914043
132,0.6567121984497193,0.6567121984497193
133,0.6483091260156324,0.6483091260156324
134,0.6439337807316934,0.6439337807316934
135,0.6576201665786005,0.6576201665786005
136,0.63829735402138,0.63829735402138
137,0.6440764800194771,0.6440764800194771
138,0.6429562386005155,0.6429562386005155
139,0.6382193791289483,0.6382193791289483
140,0.6444578430344982,0.6444578430344982
141,0.6429058246074184,0.6429058246074184
142,0.6385167442983196,0.6385167442983196
143,0.6380665283049306,0.6380665283049306
144,0.6380167074741856,0.6380167074741856
145,0.6404785523491521,0.6404785523491521
146,0.6365559793287708,0.6365559793287708
147,0.6359152495861053,0.6359152495861053
148,0.6456482939181789,0.6456482939181789
149,0.6527005164853988,0.6527005164853988
150,0.645257031725299,0.645257031725299
151,0.6335911404701972,0.6335911404701972
152,0.6395780059599108,0.6395780059599108
153,0.6331814354465853,0.6331814354465853
154,0.6349431160957583,0.6349431160957583
155,0.6426524048851382,0.6426524048851382
156,0.6490212900023307,0.6490212900023307
157,0.6313629347470499,0.6313629347470499
158,0.6374718133480318,0.6374718133480318
159,0.6341205095091174,0.6341205095091174
160,0.6398773837474084,0.6398773837474084
161,0.6424577832221985,0.6424577832221985
162,0.6403953481105066,0.6403953481105066
163,0.6457451572341304,0.6457451572341304
164,0.6471837797472554,0.6471837797472554
165,0.6393610854302684,0.6393610854302684
166,0.6343996726697491,0.6343996726697491
167,0.629445618198764,0.629445618198764
168,0.6386688361244817,0.6386688361244817
169,0.6497232769766161,0.6497232769766161
170,0.6425681787152444,0.6425681787152444
171,0.638741470152332,0.638741470152332
172,0.6303036510944366,0.6303036510944366
173,0.6434550890999455,0.6434550890999455
174,0.6440567720320917,0.6440567720320917
175,0.6266542701951919,0.6266542701951919
176,0.6388331271948353,0.6388331271948353
177,0.6462322608117135,0.6462322608117135
178,0.6437792744367353,0.6437792744367353
179,0.6337981541310588,0.6337981541310588
180,0.6352415959681234,0.6352415959681234
181,0.6274928921653379,0.6274928921653379
182,0.6531982431488652,0.6531982431488652
183,0.6319292110781516,0.6319292110781516
184,0.6319257097859536,0.6319257097859536
185,0.632919680687689,0.632919680687689
186,0.6437266690115775,0.6437266690115775
187,0.6413228588719522,0.6413228588719522
188,0.6356597023625528,0.6356597023625528
189,0.6377323000661789,0.6377323000661789
190,0.642150713551429,0.642150713551429
191,0.6384449533877834,0.6384449533877834
192,0.636245975571294,0.636245975571294
193,0.6319808315846228,0.6319808315846228
194,0.6322307788556621,0.6322307788556621
195,0.6344662683625375,0.6344662683625375
196,0.6376325766886434,0.6376325766886434
197,0.6375960553846052,0.6375960553846052
198,0.6385270443654829,0.6385270443654829
199,0.6353593271586203,0.6353593271586203
200,0.6333470690634943,0.6333470690634943
201,0.6366537674780814,0.6366537674780814
202,0.635270298969361,0.635270298969361
203,0.6378678333374762,0.6378678333374762
204,0.629222483404221,0.629222483404221
205,0.6367303950171317,0.6367303950171317
206,0.6390779710585072,0.6390779710585072
207,0.6281685252343455,0.6281685252343455
208,0.633323690583629,0.633323690583629
209,0.6327217980738609,0.6327217980738609
210,0.6320583416569617,0.6320583416569617
211,0.6279974627879358,0.6279974627879358
212,0.6293527570462996,0.6293527570462996
213,0.6250890445324683,0.6250890445324683
214,0.6345216401161686,0.6345216401161686
215,0.6364544610823354,0.6364544610823354
216,0.6337169740469225,0.6337169740469225
217,0.6338079946656381,0.6338079946656381
218,0.6292096857101687,0.6292096857101687
219,0.6317753344774246,0.6317753344774246
220,0.6315705199395457,0.6315705199395457
221,0.6328988209847481,0.6328988209847481
222,0.6277132966826039,0.6277132966826039
223,0.6328939112924761,0.6328939112924761
224,0.6345189088775266,0.6345189088775266
225,0.6342061546541029,0.6342061546541029
226,0.6287027184040316,0.6287027184040316
227,0.6424420235618469,0.6424420235618469
228,0.6393621506229523,0.6393621506229523
229,0.6327922786435773,0.6327922786435773
230,0.641174893225393,0.641174893225393
231,0.6336305574063332,0.6336305574063332
232,0.62845179438591,0.62845179438591
233,0.637493817556289,0.637493817556289
234,0.6337216063853233,0.6337216063853233
235,0.6290830892901267,0.6290830892901267
236,0.6375625931447552,0.6375625931447552
237,0.6334834118043223,0.6334834118043223
238,0.6405718365023213,0.6405718365023213
239,0.6312104021349261,0.6312104021349261
240,0.6413727104663849,0.6413727104663849
241,0.6313360641079564,0.6313360641079564
242,0.643974470515405,0.643974470515405
243,0.6269919646363105,0.6269919646363105
244,0.6195212948706842,0.6195212948706842
245,0.6377599585440851,0.6377599585440851
246,0.6342384478738231,0.6342384478738231
247,0.6250824625453641,0.6250824625453641
248,0.6407477596113759,0.6407477596113759
249,0.6327094147282262,0.6327094147282262
250,0.6273434806254602,0.6273434806254602
251,0.6225246604411833,0.6225246604411833
252,0.6244429167239897,0.6244429167239897
253,0.6322380467768638,0.6322380467768638
254,0.6301085525943387,0.6301085525943387
255,0.6252065618191996,0.6252065618191996
256,0.6296723504220286,0.6296723504220286
257,0.6374431704321215,0.6374431704321215
258,0.6442609938883013,0.6442609938883013
259,0.6327525958899529,0.6327525958899529
260,0.6294692754745483,0.6294692754745483
261,0.6213434434706165,0.6213434434706165
262,0.6216229815636912,0.6216229815636912
263,0.6262598225185948,0.6262598225185948
264,0.6312020993040454,0.6312020993040454
265,0.621045537052616,0.621045537052616
266,0.6249360211433903,0.6249360211433903
267,0.6273986283809908,0.6273986283809908
268,0.6247116000421585,0.6247116000421585
269,0.6215755973131426,0.6215755973131426
270,0.627662937968008,0.627662937968008
271,0.6232341383734057,0.6232341383734057
272,0.6241204027206667,0.6241204027206667
273,0.6230255826827018,0.6230255826827018
274,0.6227906519366849,0.6227906519366849
275,0.6228569957517809,0.6228569957517809
276,0.6217127495235012,0.6217127495235012
277,0.629778137130122,0.629778137130122
278,0.6257290671910009,0.6257290671910009
279,0.6286533936377494,0.6286533936377494
280,0.6204696172668088,0.6204696172668088
281,0.6283031726075757,0.6283031726075757
282,0.6258956491947174,0.6258956491947174
283,0.6255628178196568,0.6255628178196568
284,0.6247411197231661,0.6247411197231661
285,0.6235422809277812,0.6235422809277812
286,0.6268231974494073,0.6268231974494073
287,0.6190365870152751,0.6190365870152751
288,0.6276853190314385,0.6276853190314385
289,0.6176499820524647,0.6176499820524647
290,0.6192767990212287,0.6192767990212287
291,0.6205221688555133,0.6205221688555133
292,0.6256891883188679,0.6256891883188679
293,0.6211936156595906,0.6211936156595906
294,0.6299208397826841,0.6299208397826841
295,0.6265533254031213,0.6265533254031213
296,0.619281830806886,0.619281830806886
297,0.6224825497596495,0.6224825497596495
298,0.6235028591848188,0.6235028591848188
299,0.6129537205542287,0.6129537205542287
300,0.6222949989380375,0.6222949989380375
301,0.6270391979525166,0.6270391979525166
302,0.6253708245292786,0.6253708245292786
303,0.6200224920626609,0.6200224920626609
304,0.6267723224816784,0.6267723224816784
305,0.6266941452218641,0.6266941452218641
306,0.6218026732244799,0.6218026732244799
307,0.6361884522822595,0.6361884522822595
308,0.612183605470965,0.612183605470965
309,0.6341474488858254,0.6341474488858254
310,0.6207663714885712,0.6207663714885712
311,0.6204773942309041,0.6204773942309041
312,0.6314525825362052,0.6314525825362052
313,0.6298971935625999,0.6298971935625999
314,0.6355580644261453,0.6355580644261453
315,0.6228448085246547,0.6228448085246547
316,0.6278590415754626,0.6278590415754626
317,0.6212206021431954,0.6212206021431954
318,0.6264382562329692,0.6264382562329692
319,0.6247508910394484,0.6247508910394484
320,0.6229495338855251,0.6229495338855251
321,0.6152312053788093,0.6152312053788093
322,0.6182438163988052,0.6182438163988052
323,0.622317563141546,0.622317563141546
324,0.6217995680147602,0.6217995680147602
325,0.616833595018233,0.616833595018233
326,0.622627116018726,0.622627116018726
327,0.6217893136124457,0.6217893136124457
328,0.6250661294306478,0.6250661294306478
329,0.6195641828160132,0.6195641828160132
330,0.6240856147581532,0.6240856147581532
331,0.6155792359382876,0.6155792359382876
332,0.6300879255417855,0.6300879255417855
333,0.6185531029778142,0.6185531029778142
334,0.6201583925754793,0.6201583925754793
335,0.6152826595690942,0.6152826595690942
336,0.6177844039855465,0.6177844039855465
337,0.6263499884836136,0.6263499884836136
338,0.6161685883998871,0.6161685883998871
339,0.6109919817216934,0.6109919817216934
340,0.6237333465007043,0.6237333465007043
341,0.6164593350502753,0.6164593350502753
342,0.6186411827802658,0.6186411827802658
343,0.6165908608705767,0.6165908608705767
344,0.6293134448989746,0.6293134448989746
345,0.6214761887827227,0.6214761887827227
346,0.6225640927591631,0.6225640927591631
347,0.6232173750477452,0.6232173750477452
348,0.6134629211118144,0.6134629211118144
349,0.6244360477693619,0.6244360477693619
350,0.620003076330308,0.620003076330308
351,0.6217037602778404,0.6217037602778404
352,0.6243242804081209,0.6243242804081209
353,0.618437010434366,0.618437010434366
354,0.616912031365979,0.616912031365979
355,0.6182943399875395,0.6182943399875395
356,0.6119032199344328,0.6119032199344328
357,0.6216825102606127,0.6216825102606127
358,0.6110655449090465,0.6110655449090465
359,0.619237756536853,0.619237756536853
360,0.6157866620248363,0.6157866620248363
361,0.6174419767433598,0.6174419767433598
362,0.6250598834406945,0.6250598834406945
363,0.616821022764329,0.616821022764329
364,0.6200479518982672,0.6200479518982672
365,0.6156057725029607,0.6156057725029607
366,0.6154918834086387,0.6154918834086387
367,0.6184080041223957,0.6184080041223957
368,0.622437056033842,0.622437056033842
369,0.6091207390831362,0.6091207390831362
370,0.623171737117152,0.623171737117152
371,0.6182221284797115,0.6182221284797115
372,0.616997488083378,0.616997488083378
373,0.6152633380505347,0.6152633380505347
374,0.6197180574940097,0.6197180574940097
375,0.6148734044644141,0.6148734044644141
376,0.6185323278750142,0.6185323278750142
377,0.6183289082780961,0.6183289082780961
378,0.6154773672742229,0.6154773672742229
379,0.6252524689320595,0.6252524689320595
380,0.6245365902300803,0.6245365902300803
381,0.6118886033373494,0.6118886033373494
382,0.6128798305026947,0.6128798305026947
383,0.6165947173872302,0.6165947173872302
384,0.6178379669304817,0.6178379669304817
385,0.6156444910072512,0.6156444910072512
386,0.617508890648042,0.617508890648042
387,0.6128638968352349,0.6128638968352349
388,0.617083542769955,0.617083542769955
389,0.6189464003809036,0.6189464003809036
390,0.6116399793855606,0.6116399793855606
391,0.6228354847238909,0.6228354847238909
392,0.6160360584335942,0.6160360584335942
393,0.6196852845530356,0.6196852845530356
394,0.6156449346773086,0.6156449346773086
395,0.6066810166643511,0.6066810166643511
396,0.6203997779277063,0.6203997779277063
397,0.6300889676617037,0.6300889676617037
398,0.6103071065679673,0.6103071065679673
399,0.6242690442069885,0.6242690442069885
400,0.6231108601054838,0.6231108601054838
401,0.6128870402612994,0.6128870402612994
402,0.6172368954266271,0.6172368954266271
403,0.6126334609523896,0.6126334609523896
404,0.6180711917338833,0.6180711917338833
405,0.6228845451147326,0.6228845451147326
406,0.6125951909249828,0.6125951909249828
407,0.619662917429401,0.619662917429401
408,0.6189218605718305,0.6189218605718305
409,0.6099272601066097,0.6099272601066097
410,0.6213357270725312,0.6213357270725312
411,0.6100557408025188,0.6100557408025188
412,0.6056731487474134,0.6056731487474134
413,0.6115198841979427,0.6115198841979427
414,0.6143047319304559,0.6143047319304559
415,0.6168797530474202,0.6168797530474202
416,0.6164930703178528,0.6164930703178528
417,0.6142100624499782,0.6142100624499782
418,0.6152771990145406,0.6152771990145406
419,0.6200194700110343,0.6200194700110343
420,0.6172015878462023,0.6172015878462023
421,0.6154517954395663,0.6154517954395663
422,0.6179210663803162,0.6179210663803162
423,0.6208717140459246,0.6208717140459246
424,0.6232866981337147,0.6232866981337147
425,0.6109189511306824,0.6109189511306824
426,0.6179896391207172,0.6179896391207172
427,0.6187133817903457,0.6187133817903457
428,0.6116954270870455,0.6116954270870455
429,0.6110345586653678,0.6110345586653678
430,0.612936734191833,0.612936734191833
431,0.6074816901837626,0.6074816901837626
432,0.6119188921105477,0.6119188921105477
433,0.61413423909295,0.61413423909295
434,0.6194538675969646,0.6194538675969646
435,0.6173742355838898,0.6173742355838898
436,0.6089753268226501,0.6089753268226501
437,0.6074988995828936,0.6074988995828936
438,0.6150006488446267,0.6150006488446267
439,0.6102252044985371,0.6102252044985371
440,0.6056610749613854,0.6056610749613854
441,0.6163187623023987,0.6163187623023987
442,0.6147401707787667,0.6147401707787667
443,0.6105791455315005,0.6105791455315005
444,0.6174849204478725,0.6174849204478725
445,0.6187812993603368,0.6187812993603368
446,0.6208513090687413,0.6208513090687413
447,0.6148093794622729,0.6148093794622729
448,0.6176738710172714,0.6176738710172714
449,0.6166882798556359,0.6166882798556359
450,0.611820698745789,0.611820698745789
451,0.6105084520193839,0.6105084520193839
452,0.6110273493874457,0.6110273493874457
453,0.6202323681885197,0.6202323681885197
454,0.6185011229207439,0.6185011229207439
455,0.6107105473356862,0.6107105473356862
456,0.6030766137184636,0.6030766137184636
457,0.6117229557806446,0.6117229557806446
458,0.6114969705381701,0.6114969705381701
459,0.6154915430853444,0.6154915430853444
460,0.6166795559467808,0.6166795559467808
461,0.6078051179647446,0.6078051179647446
462,0.6169196453786665,0.6169196453786665
463,0.6145993057758578,0.6145993057758578
464,0.6087779445994285,0.6087779445994285
465,0.6121894755671101,0.6121894755671101
466,0.6251269905797897,0.6251269905797897
467,0.6159876902257243,0.6159876902257243
468,0.6030492215387283,0.6030492215387283
469,0.6122816983730562,0.6122816983730562
470,0.6123502788043791,0.6123502788043791
471,0.6152402922030418,0.6152402922030418
472,0.6080097719546287,0.6080097719546287
473,0.6220431024989774,0.6220431024989774
474,0.6100779791032115,0.6100779791032115
475,0.608343344542288,0.608343344542288
476,0.6157821839855563,0.6157821839855563
477,0.6084360605286013,0.6084360605286013
478,0.6176197913385206,0.6176197913385206
479,0.616835153871967,0.616835153871967
480,0.6093528030380126,0.6093528030380126
481,0.6075637479943614,0.6075637479943614
482,0.6095339675103465,0.6095339675103465
483,0.618125619907533,0.618125619907533
484,0.6042264613413042,0.6042264613413042
485,0.604489321189542,0.604489321189542
486,0.6128330259553848,0.6128330259553848
487,0.6089726595147964,0.6089726595147964
488,0.6134533983084464,0.6134533983084464
489,0.6058241744195262,0.6058241744195262
490,0.609423735449391,0.609423735449391
491,0.6098820639233435,0.6098820639233435
492,0.6081406897114169,0.6081406897114169
493,0.6138163454109623,0.6138163454109623
494,0.6013137909673876,0.6013137909673876
495,0.610451441618704,0.610451441618704
496,0.609270243875442,0.609270243875442
497,0.609670082407613,0.609670082407613
498,0.6174200436761302,0.6174200436761302
499,0.6140571486565375,0.6140571486565375
500,0.6016131581798676,0.6016131581798676
501,0.6053934991359711,0.6053934991359711
502,0.6180284951002367,0.6180284951002367
503,0.606920396608691,0.606920396608691
504,0.6084544951877287,0.6084544951877287
505,0.610244934597323,0.610244934597323
506,0.6021331904395935,0.6021331904395935
507,0.6098741355442232,0.6098741355442232
508,0.6060605919168841,0.6060605919168841
509,0.6133616806999329,0.6133616806999329
510,0.5972808224539603,0.5972808224539603
511,0.6076474944430013,0.6076474944430013
512,0.6141753538000968,0.6141753538000968
513,0.6047794568923212,0.6047794568923212
514,0.5999391588472551,0.5999391588472551
515,0.6142420475521395,0.6142420475521395
516,0.6003435321392552,0.6003435321392552
517,0.6020016814431837,0.6020016814431837
518,0.6111577374319876,0.6111577374319876
519,0.6095635467959989,0.6095635467959989
520,0.6159786158992399,0.6159786158992399
521,0.6237241183557818,0.6237241183557818
522,0.609444220219889,0.609444220219889
523,0.606380949097295,0.606380949097295
524,0.6005554886594895,0.6005554886594895
525,0.6050527903341478,0.6050527903341478
526,0.6096778512001038,0.6096778512001038
527,0.6064788482842907,0.6064788482842907
528,0.6055273331942097,0.6055273331942097
529,0.6047057317149255,0.6047057317149255
530,0.6004868899622271,0.6004868899622271
531,0.5983973232007795,0.5983973232007795
532,0.6096696978615176,0.6096696978615176
533,0.6119052690844382,0.6119052690844382
534,0.6072320553564257,0.6072320553564257
535,0.6085706939620357,0.6085706939620357
536,0.6039682179689407,0.6039682179689407
537,0.6090151590685691,0.6090151590685691
538,0.606191935558473,0.606191935558473
539,0.6038123950842889,0.6038123950842889
540,0.6091324177480513,0.6091324177480513
541,0.6114327744130166,0.6114327744130166
542,0.6077934993851569,0.6077934993851569
543,0.6113103858886226,0.6113103858886226
544,0.6089453807761592,0.6089453807761592
545,0.6053064518397854,0.6053064518397854
546,0.606256194172367,0.606256194172367
547,0.6178614622162234,0.6178614622162234
548,0.6093322726026658,0.6093322726026658
549,0.5987662317291382,0.5987662317291382
550,0.6060683727264404,0.6060683727264404
551,0.6103468768058284,0.6103468768058284
552,0.6102044601594249,0.6102044601594249
553,0.5995913445949554,0.5995913445949554
554,0.6027515665177376,0.6027515665177376
555,0.605658489369577,0.605658489369577
556,0.6142790682854191,0.6142790682854191
557,0.6059443373833934,0.6059443373833934
558,0.6030471815216926,0.6030471815216926
559,0.6038373410701752,0.6038373410701752
560,0.6004806905984879,0.6004806905984879
561,0.5955519306082879,0.5955519306082879
562,0.6096257158825474,0.6096257158825474
563,0.6048055262334885,0.6048055262334885
564,0.6079159753937875,0.6079159753937875
565,0.6098438650369644,0.6098438650369644
566,0.6135712251547845,0.6135712251547845
567,0.6092158897269156,0.6092158897269156
568,0.6100176592026988,0.6100176592026988
569,0.6033869279969123,0.6033869279969123
570,0.610253486902483,0.610253486902483
571,0.6019350732526472,0.6019350732526472
572,0.6086636089509533,0.6086636089509533
573,0.6108183158982184,0.6108183158982184
574,0.6083517516812971,0.6083517516812971
575,0.6042327640518066,0.6042327640518066
576,0.6047992408275604,0.6047992408275604
577,0.6107043393196598,0.6107043393196598
578,0.6061023281466577,0.6061023281466577
579,0.6112775783384999,0.6112775783384999
580,0.6079939209645794,0.6079939209645794
581,0.5989105470718876,0.5989105470718876
582,0.6085058032504974,0.6085058032504974
583,0.6075228327705015,0.6075228327705015
584,0.6076240967358312,0.6076240967358312
585,0.6072274254214379,0.6072274254214379
586,0.6084338868817976,0.6084338868817976
587,0.607988077786661,0.607988077786661
588,0.5991373340929708,0.5991373340929708
589,0.6064626069799546,0.6064626069799546
590,0.60663373287647,0.60663373287647
591,0.6130423786178711,0.6130423786178711
592,0.6033064477866695,0.6033064477866695
593,0.610657503047297,0.610657503047297
594,0.5967238285849171,0.5967238285849171
595,0.602362203501886,0.602362203501886
596,0.6087938782668882,0.6087938782668882
597,0.5949140566010629,0.5949140566010629
598,0.6005588558412367,0.6005588558412367
599,0.6000796469949907,0.6000796469949907
600,0.6128648490675034,0.6128648490675034
601,0.6061827127010592,0.6061827127010592
602,0.6091169397677144,0.6091169397677144
603,0.6077740500050206,0.6077740500050206
604,0.6016270354870827,0.6016270354870827
605,0.5993222892284393,0.5993222892284393
606,0.6137387166100163,0.6137387166100163
607,0.6112439622802119,0.6112439622802119
608,0.608315787969097,0.608315787969097
609,0.6029661365093724,0.6029661365093724
610,0.6074975305987943,0.6074975305987943
611,0.6110897477596037,0.6110897477596037
612,0.6019198894500732,0.6019198894500732
613,0.6038823214269453,0.6038823214269453
614,0.6060205640331391,0.6060205640331391
615,0.6117188286396765,0.6117188286396765
616,0.6087508711122698,0.6087508711122698
617,0.6113142467314198,0.6113142467314198
618,0.600878135811898,0.600878135811898
619,0.6042084741976953,0.6042084741976953
620,0.6039325719879519,0.6039325719879519
621,0.598862428338297,0.598862428338297
622,0.5916607009787713,0.5916607009787713
623,0.6105854934261691,0.6105854934261691
624,0.5968198348437587,0.5968198348437587
625,0.5996644593054249,0.5996644593054249
626,0.6008026311474461,0.6008026311474461
627,0.6084378933714282,0.6084378933714282
628,0.6040191237003573,0.6040191237003573
629,0.6040670179551647,0.6040670179551647
630,0.6005146541903096,0.6005146541903096
631,0.6047061181837513,0.6047061181837513
632,0.6021167770508797,0.6021167770508797
633,0.6039435065561726,0.6039435065561726
634,0.5933242185461906,0.5933242185461906
635,0.6080325793835425,0.6080325793835425
636,0.6081428970060041,0.6081428970060041
637,0.5993976266153397,0.5993976266153397
638,0.6019074695725595,0.6019074695725595
639,0.6022368698350845,0.6022368698350845
640,0.5946999586397602,0.5946999586397602
641,0.6028638299434416,0.6028638299434416
642,0.603853520847136,0.603853520847136
643,0.5927815994908733,0.5927815994908733
644,0.5993470395764997,0.5993470395764997
645,0.5972847549184677,0.5972847549184677
646,0.598248878313649,0.598248878313649
647,0.5969564525350448,0.5969564525350448
648,0.6039525520416998,0.6039525520416998
649,0.5961580805240139,0.5961580805240139
650,0.6038064874948994,0.6038064874948994
651,0.5952131089664274,0.5952131089664274
652,0.6018311708204208,0.6018311708204208
653,0.6017418542215901,0.6017418542215901
654,0.5962488992560294,0.5962488992560294
655,0.5986066970133013,0.5986066970133013
656,0.5988191395036636,0.5988191395036636
657,0.6019453406333923,0.6019453406333923
658,0.5964640302042807,0.5964640302042807
659,0.6043246869117983,0.6043246869117983
660,0.6052940747430248,0.6052940747430248
661,0.6038095489625008,0.6038095489625008
662,0.6062276488350283,0.6062276488350283
663,0.607521987730457,0.607521987730457
664,0.597259089831383,0.597259089831383
665,0.6034482049365197,0.6034482049365197
666,0.6009313815063045,0.6009313815063045
667,0.6062412848395686,0.6062412848395686
668,0.6019672501471734,0.6019672501471734
669,0.6006477604950627,0.6006477604950627
670,0.5984501305126375,0.5984501305126375
671,0.5953993845370508,0.5953993845370508
672,0.60955710709095,0.60955710709095
673,0.5974961000104104,0.5974961000104104
674,0.6032916600665739,0.6032916600665739
675,0.6102255621264058,0.6102255621264058
676,0.6030011965382484,0.6030011965382484
677,0.6085622180854121,0.6085622180854121
678,0.5928235154959464,0.5928235154959464
679,0.6037231587594555,0.6037231587594555
680,0.5895537416781148,0.5895537416781148
681,0.6073938949454215,0.6073938949454215
682,0.5984957521000216,0.5984957521000216
683,0.5953749903748112,0.5953749903748112
684,0.5966310678951202,0.5966310678951202
685,0.605588155888742,0.605588155888742
686,0.5938727533625018,0.5938727533625018
687,0.604599142266858,0.604599142266858
688,0.6085074332452589,0.6085074332452589
689,0.6004463064093744,0.6004463064093744
690,0.6003085932423992,0.6003085932423992
691,0.6003709089371466,0.6003709089371466
692,0.5981517741757054,0.5981517741757054
693,0.5989868309228651,0.5989868309228651
694,0.5961131044933873,0.5961131044933873
695,0.5934177483281782,0.5934177483281782
696,0.5983329876776664,0.5983329876776664
697,0.6100149173890391,0.6100149173890391
698,0.5938212438937156,0.5938212438937156
699,0.5979929489474143,0.5979929489474143
700,0.612205290505963,0.612205290505963
701,0.5987908282587605,0.5987908282587605
702,0.6020236385445441,0.6020236385445441
703,0.5977125427415294,0.5977125427415294
704,0.5995251925722245,0.5995251925722245
705,0.6017061899746617,0.6017061899746617
706,0.5947878105986503,0.5947878105986503
707,0.5985032233499712,0.5985032233499712
708,0.6012288913611443,0.6012288913611443
709,0.6017996202553472,0.6017996202553472
710,0.6096659797814584,0.6096659797814584
711,0.6046211565694501,0.6046211565694501
712,0.5989501726242804,0.5989501726242804
713,0.6016031186426839,0.6016031186426839
714,0.6002273737422882,0.6002273737422882
715,0.5968124251211843,0.5968124251211843
716,0.599010294483554,0.599010294483554
717,0.605266131701008,0.605266131701008
718,0.5948173033614312,0.5948173033614312
719,0.5994354654704371,0.5994354654704371
720,0.6002239219604,0.6002239219604
721,0.5959773404944327,0.5959773404944327
722,0.6038826641536528,0.6038826641536528
723,0.607278295101658,0.607278295101658
724,0.5938430760175951,0.5938430760175951
725,0.6107131468672906,0.6107131468672906
726,0.5934600618577772,0.5934600618577772
727,0.601721994338497,0.601721994338497
728,0.6061358653729961,0.6061358653729961
729,0.6065836193100098,0.6065836193100098
730,0.593822237945372,0.593822237945372
731,0.6063353698099813,0.6063353698099813
732,0.5990563294579906,0.5990563294579906
733,0.5888380970685713,0.5888380970685713
734,0.5896542851001986,0.5896542851001986
735,0.6022518594418803,0.6022518594418803
736,0.5942342055420722,0.5942342055420722
737,0.5956896562730113,0.5956896562730113
738,0.5969899416931214,0.5969899416931214
739,0.5961387864043636,0.5961387864043636
740,0.6052813304047431,0.6052813304047431
741,0.5891148909445731,0.5891148909445731
742,0.5963842988975586,0.5963842988975586
743,0.5980619932374647,0.5980619932374647
744,0.5952689330424031,0.5952689330424031
745,0.612266912575691,0.612266912575691
746,0.6056207726078648,0.6056207726078648
747,0.5950217751726028,0.5950217751726028
748,0.6096868707287696,0.6096868707287696
749,0.5998755030093654,0.5998755030093654
750,0.5970742442915516,0.5970742442915516
751,0.6020555121283377,0.6020555121283377
752,0.6031569377068551,0.6031569377068551
753,0.5976548271794473,0.5976548271794473
754,0.5995455490004632,0.5995455490004632
755,0.6017883799729808,0.6017883799729808
756,0.602607358847895,0.602607358847895
757,0.6005327124749461,0.6005327124749461
758,0.592010558612885,0.592010558612885
759,0.5927493812576416,0.5927493812576416
760,0.5986472824888844,0.5986472824888844
761,0.5956536416084536,0.5956536416084536
762,0.5987386785207256,0.5987386785207256
763,0.5983048124659446,0.5983048124659446
764,0.6015469739514012,0.6015469739514012
765,0.5952166453484566,0.5952166453484566
766,0.5982072396624473,0.5982072396624473
767,0.5954535574682297,0.5954535574682297
768,0.5927389369856927,0.5927389369856927
769,0.5981426205365888,0.5981426205365888
770,0.5983983388831539,0.5983983388831539
771,0.5923127008061255,0.5923127008061255
772,0.5972727330461625,0.5972727330461625
773,0.5919361566343615,0.5919361566343615
774,0.601104112882768,0.601104112882768
775,0.5939926380111326,0.5939926380111326
776,0.5981804805417215,0.5981804805417215
777,0.5930253449947603,0.5930253449947603
778,0.6009890552489988,0.6009890552489988
779,0.5931506820263401,0.5931506820263401
780,0.5854372391777654,0.5854372391777654
781,0.6016549179630895,0.6016549179630895
782,0.6028802649628732,0.6028802649628732
783,0.5900575441698874,0.5900575441698874
784,0.5976051793944451,0.5976051793944451
785,0.5959384316398252,0.5959384316398252
786,0.5919494494315116,0.5919494494315116
787,0.5912912930211713,0.5912912930211713
788,0.6017619558880406,0.6017619558880406
789,0.5942335349898185,0.5942335349898185
790,0.5959924098945433,0.5959924098945433
791,0.5931550312426782,0.5931550312426782
792,0.6016717495456818,0.6016717495456818
793,0.5929118366010727,0.5929118366010727
794,0.5921590924263,0.5921590924263
795,0.601710966998531,0.601710966998531
796,0.5914673694679814,0.5914673694679814
797,0.5962196218390619,0.5962196218390619
798,0.5983818082078811,0.5983818082078811
799,0.6015383596381834,0.6015383596381834
800,0.5954374901710018,0.5954374901710018
801,0.5927379645647541,0.5927379645647541
802,0.5899424120303123,0.5899424120303123
803,0.5955301484754009,0.5955301484754009
804,0.5997832797227367,0.5997832797227367
805,0.5965003871148632,0.5965003871148632
806,0.5885360317845498,0.5885360317845498
807,0.5971348896141975,0.5971348896141975
808,0.5958416812842892,0.5958416812842892
809,0.5994168962201765,0.5994168962201765
810,0.5961359527803236,0.5961359527803236
811,0.5947296157959969,0.5947296157959969
812,0.5991388703546217,0.5991388703546217
813,0.5976193624158059,0.5976193624158059
814,0.5891784011356292,0.5891784011356292
815,0.5931854137489873,0.5931854137489873
816,0.6012713697648817,0.6012713697648817
817,0.6039677084453644,0.6039677084453644
818,0.5898577892972577,0.5898577892972577
819,0.5955507611074755,0.5955507611074755
820,0.5979316484543585,0.5979316484543585
821,0.5993187605373321,0.5993187605373321
822,0.588771901303722,0.588771901303722
823,0.5940218721666644,0.5940218721666644
824,0.5984263381650371,0.5984263381650371
825,0.5963827136062807,0.5963827136062807
826,0.5953817410815146,0.5953817410815146
827,0.5989014823590556,0.5989014823590556
828,0.5904221448206133,0.5904221448206133
829,0.5910089679302708,0.5910089679302708
830,0.6058812271202764,0.6058812271202764
831,0.5990347295038162,0.5990347295038162
832,0.5963632007760387,0.5963632007760387
833,0.5907466517340753,0.5907466517340753
834,0.6003990894363772,0.6003990894363772
835,0.5959048506713682,0.5959048506713682
836,0.5925397228810095,0.5925397228810095
837,0.5900509794873576,0.5900509794873576
838,0.5884898929826675,0.5884898929826675
839,0.5923670102511683,0.5923670102511683
840,0.5982711132495634,0.5982711132495634
841,0.5975968111907283,0.5975968111907283
842,0.5904333533779267,0.5904333533779267
843,0.594566396647884,0.594566396647884
844,0.595393035681017,0.595393035681017
845,0.5894559823697613,0.5894559823697613
846,0.6020333930369346,0.6020333930369346
847,0.5962291412776516,0.5962291412776516
848,0.5853041511389517,0.5853041511389517
849,0.5981680438403161,0.5981680438403161
850,0.5899884619059101,0.5899884619059101
851,0.5896032327605832,0.5896032327605832
852,0.5926225843929476,0.5926225843929476
853,0.5908086684442335,0.5908086684442335
854,0.5896172446589316,0.5896172446589316
855,0.5975514544594672,0.5975514544594672
856,0.5957189841616538,0.5957189841616538
857,0.5858052632501048,0.5858052632501048
858,0.5934765507136622,0.5934765507136622
859,0.6067669218586337,0.6067669218586337
860,0.597216754671066,0.597216754671066
861,0.5935015322700623,0.5935015322700623
862,0.6004023744213965,0.6004023744213965
863,0.5957021929564015,0.5957021929564015
864,0.5932577237967522,0.5932577237967522
865,0.5877775328774606,0.5877775328774606
866,0.5881966780270299,0.5881966780270299
867,0.5925268790414256,0.5925268790414256
868,0.595519888304895,0.595519888304895
869,0.5900062846560632,0.5900062846560632
870,0.5981476874120774,0.5981476874120774
871,0.5967123503646543,0.5967123503646543
872,0.5946561617235984,0.5946561617235984
873,0.5982638597488403,0.5982638597488403
874,0.5908265642581447,0.5908265642581447
875,0.5937364995479584,0.5937364995479584
876,0.5914289158198142,0.5914289158198142
877,0.5933455373010328,0.5933455373010328
878,0.5922338304019743,0.5922338304019743
879,0.5898216477324886,0.5898216477324886
880,0.5995584053377951,0.5995584053377951
881,0.5971189804615513,0.5971189804615513
882,0.5973589949069484,0.5973589949069484
883,0.5840607218204006,0.5840607218204006
884,0.591251143044041,0.591251143044041
885,0.5855964205918773,0.5855964205918773
886,0.5953605708576017,0.5953605708576017
887,0.5928515859188572,0.5928515859188572
888,0.6024392953803462,0.6024392953803462
889,0.589230994063039,0.589230994063039
890,0.5938523296386965,0.5938523296386965
891,0.5991424942208875,0.5991424942208875
892,0.6006356472930601,0.6006356472930601
893,0.5954738836134633,0.5954738836134633
894,0.5981673804983016,0.5981673804983016
895,0.5845623405710343,0.5845623405710343
896,0.5921704898918828,0.5921704898918828
897,0.5840709142146572,0.5840709142146572
898,0.603940055254967,0.603940055254967
899,0.6020699850013179,0.6020699850013179
900,0.5982153281088798,0.5982153281088798
901,0.5957202560478642,0.5957202560478642
902,0.5979301814110048,0.5979301814110048
903,0.589323791284715,0.589323791284715
904,0.584858313202858,0.584858313202858
905,0.5912849936754473,0.5912849936754473
906,0.5928152117037004,0.5928152117037004
907,0.5906938016414642,0.5906938016414642
908,0.5936522642450948,0.5936522642450948
909,0.5947738823390776,0.5947738823390776
910,0.5931153009014745,0.5931153009014745
911,0.5974096602970554,0.5974096602970554
912,0.5852930295851922,0.5852930295851922
913,0.5858725814088699,0.5858725814088699
914,0.5850224470899951,0.5850224470899951
915,0.5850946682114755,0.5850946682114755
916,0.592954414986795,0.592954414986795
917,0.6028523973880275,0.6028523973880275
918,0.5927826978506581,0.5927826978506581
919,0.5861450236651206,0.5861450236651206
920,0.5905433532691771,0.5905433532691771
921,0.5921394320264939,0.5921394320264939
922,0.5904731111180398,0.5904731111180398
923,0.590797629087202,0.590797629087202
924,0.5977334500320496,0.5977334500320496
925,0.5901433460174068,0.5901433460174068
926,0.5838618547685684,0.5838618547685684
927,0.5873261733401206,0.5873261733401206
928,0.5843160575436007,0.5843160575436007
929,0.5975416653579281,0.5975416653579281
930,0.5931716590158401,0.5931716590158401
931,0.5984389493542333,0.5984389493542333
932,0.5938911803307072,0.5938911803307072
933,0.5913784244368153,0.5913784244368153
934,0.5984598326106225,0.5984598326106225
935,0.5958498043398703,0.5958498043398703
936,0.5878332218816203,0.5878332218816203
937,0.5885562228579675,0.5885562228579675
938,0.5917524253168414,0.5917524253168414
939,0.6039598540913674,0.6039598540913674
940,0.5910561680793762,0.5910561680793762
941,0.5871570441992052,0.5871570441992052
942,0.5923572961361178,0.5923572961361178
943,0.5945744596181377,0.5945744596181377
944,0.5981873264235835,0.5981873264235835
945,0.5939847735628005,0.5939847735628005
946,0.591912264785459,0.591912264785459
947,0.5877845998733274,0.5877845998733274
948,0.5936186731823029,0.5936186731823029
949,0.6007901444550483,0.6007901444550483
950,0.5873324500937616,0.5873324500937616
951,0.586190661115031,0.586190661115031
952,0.5924326787071843,0.5924326787071843
953,0.5915533938715535,0.5915533938715535
954,0.5903830677270889,0.5903830677270889
955,0.5856935910640224,0.5856935910640224
956,0.5886027308241013,0.5886027308241013
957,0.5910771873689467,0.5910771873689467
958,0.5875246077775955,0.5875246077775955
959,0.5941825792674096,0.5941825792674096
960,0.5957274475405293,0.5957274475405293
961,0.5797314807291953,0.5797314807291953
962,0.5923399247469441,0.5923399247469441
963,0.5896450189813491,0.5896450189813491
964,0.5926006335404611,0.5926006335404611
965,0.5944319328954143,0.5944319328954143
966,0.59899035000032,0.59899035000032
967,0.5843793663286394,0.5843793663286394
968,0.5914965767052865,0.5914965767052865
969,0.5918791346972988,0.5918791346972988
970,0.5911066109134305,0.5911066109134305
971,0.5816534502852347,0.5816534502852347
972,0.586644897057164,0.586644897057164
973,0.5897806171448,0.5897806171448
974,0.5891424431916206,0.5891424431916206
975,0.5974175992511934,0.5974175992511934
976,0.5915962433622729,0.5915962433622729
977,0.5824986701050112,0.5824986701050112
978,0.5932701734765884,0.5932701734765884
979,0.5955421213180788,0.5955421213180788
980,0.5877680667946416,0.5877680667946416
981,0.594720131927921,0.594720131927921
982,0.5966437002343516,0.5966437002343516
983,0.5912811390815242,0.5912811390815242
984,0.5966086190554404,0.5966086190554404
985,0.5945589710627833,0.5945589710627833
986,0.5934292520246198,0.5934292520246198
987,0.5924574934667156,0.5924574934667156
988,0.5917486476321374,0.5917486476321374
989,0.5906412774516691,0.5906412774516691
990,0.5906187675652965,0.5906187675652965
991,0.5867878693726755,0.5867878693726755
992,0.5856190910262447,0.5856190910262447
993,0.579215839024513,0.579215839024513
994,0.6006633240369058,0.6006633240369058
995,0.5940442484232688,0.5940442484232688
996,0.5885811645177103,0.5885811645177103
997,0.5909600195384794,0.5909600195384794
998,0.5925206710253993,0.5925206710253993
999,0.5876753897436203,0.5876753897436203
1000,0.5987910565830046,0.5987910565830046
1001,0.5886937519234996,0.5886937519234996
1002,0.5868519900306579,0.5868519900306579
1003,0.5826194223857695,0.5826194223857695
1004,0.5945345379652516,0.5945345379652516
1005,0.5948707562300467,0.5948707562300467
1006,0.5900292747443722,0.5900292747443722
1007,0.580787340960195,0.580787340960195
1008,0.5849065780639648,0.5849065780639648
1009,0.5891045836671707,0.5891045836671707
1010,0.5801589022721013,0.5801589022721013
1011,0.5880288563428386,0.5880288563428386
1012,0.590414957173409,0.590414957173409
1013,0.5959742905632142,0.5959742905632142
1014,0.5847618296261756,0.5847618296261756
1015,0.5877859544369483,0.5877859544369483
1016,0.5897109119161483,0.5897109119161483
1017,0.5847760909988035,0.5847760909988035
1018,0.5888168763729834,0.5888168763729834
1019,0.5880415526128584,0.5880415526128584
1020,0.5964081397941036,0.5964081397941036
1021,0.5830953438435832,0.5830953438435832
1022,0.5869857702524431,0.5869857702524431
1023,0.5920978909538638,0.5920978909538638
1024,0.5830384564976538,0.5830384564976538
1025,0.5929285494550582,0.5929285494550582
1026,0.5785193135661464,0.5785193135661464
1027,0.5907655358314514,0.5907655358314514
1028,0.5850057202962137,0.5850057202962137
1029,0.5890871598835914,0.5890871598835914
1030,0.584205107823495,0.584205107823495
1031,0.5945590047105667,0.5945590047105667
1032,0.5976825212278674,0.5976825212278674
1033,0.5895142829225909,0.5895142829225909
1034,0.5922042227560474,0.5922042227560474
1035,0.5968288909043035,0.5968288909043035
1036,0.5795629101414834,0.5795629101414834
1037,0.5901281449102587,0.5901281449102587
1038,0.5860036866318795,0.5860036866318795
1039,0.5990304086477526,0.5990304086477526
1040,0.5900441662919137,0.5900441662919137
1041,0.5955923742824986,0.5955923742824986
1042,0.5863178857872563,0.5863178857872563
1043,0.5917538192964369,0.5917538192964369
1044,0.6001368011197736,0.6001368011197736
1045,0.5932988981085439,0.5932988981085439
1046,0.5861955789789077,0.5861955789789077
1047,0.5875007202548366,0.5875007202548366
1048,0.5799420360595949,0.5799420360595949
1049,0.5976485364860104,0.5976485364860104
1050,0.5890552829350194,0.5890552829350194
1051,0.5845637287824385,0.5845637287824385
1052,0.5932722058027021,0.5932722058027021
1053,0.583392237463305,0.583392237463305
1054,0.5790422827966751,0.5790422827966751
1055,0.5855657842851454,0.5855657842851454
1056,0.5812456184817899,0.5812456184817899
1057,0.5887829469096276,0.5887829469096276
1058,0.5951127010968423,0.5951127010968423
1059,0.5823261886835098,0.5823261886835098
1060,0.5813502525129626,0.5813502525129626
1061,0.592899247523277,0.592899247523277
1062,0.5835137328793926,0.5835137328793926
1063,0.5833398209464166,0.5833398209464166
1064,0.584959519966956,0.584959519966956
1065,0.5910171486677662,0.5910171486677662
1066,0.5926458181873444,0.5926458181873444
1067,0.5809746961439809,0.5809746961439809
1068,0.5878771447366283,0.5878771447366283
1069,0.5952609066040285,0.5952609066040285
1070,0.5840840041637421,0.5840840041637421
1071,0.5839197626036983,0.5839197626036983
1072,0.5873996307772975,0.5873996307772975
1073,0.5890616856275066,0.5890616856275066
1074,0.5818368436828736,0.5818368436828736
1075,0.5853255338245823,0.5853255338245823
1076,0.5945178688533844,0.5945178688533844
1077,0.5861651157179186,0.5861651157179186
1078,0.5908848244336343,0.5908848244336343
1079,0.5862459391355515,0.5862459391355515
1080,0.5855519079392956,0.5855519079392956
1081,0.5890534250966964,0.5890534250966964
1082,0.5826052167723256,0.5826052167723256
1083,0.5912243060527309,0.5912243060527309
1084,0.5837254312730604,0.5837254312730604
1085,0.5878499510788149,0.5878499510788149
1086,0.5959037768263971,0.5959037768263971
1087,0.586027001661639,0.586027001661639
1088,0.5813288246431658,0.5813288246431658
1089,0.5867743429637724,0.5867743429637724
1090,0.582510432408702,0.582510432408702
1091,0.5877144528973487,0.5877144528973487
1092,0.5819915638815972,0.5819915638815972
1093,0.5789615122541305,0.5789615122541305
1094,0.5809578265874616,0.5809578265874616
1095,0.5858662291880576,0.5858662291880576
1096,0.5785500503355457,0.5785500503355457
1097,0.5831140395133726,0.5831140395133726
1098,0.5779535823291347,0.5779535823291347
1099,0.5805369807827857,0.5805369807827857
1100,0.5826160907745361,0.5826160907745361
1101,0.5915065811526391,0.5915065811526391
1102,0.5765588658471261,0.5765588658471261
1103,0.5786133701762846,0.5786133701762846
1104,0.5896833976430278,0.5896833976430278
1105,0.5851506797536727,0.5851506797536727
1106,0.5812421383396271,0.5812421383396271
1107,0.5797239974621804,0.5797239974621804
1108,0.5820993055259028,0.5820993055259028
1109,0.5806413480351048,0.5806413480351048
1110,0.5875147302304545,0.5875147302304545
1111,0.5913950973941434,0.5913950973941434
1112,0.5869207978248596,0.5869207978248596
1113,0.5983945049585835,0.5983945049585835
1114,0.5893333212983224,0.5893333212983224
1115,0.5907967653005354,0.5907967653005354
1116,0.5802976527521687,0.5802976527521687
1117,0.5792656478381926,0.5792656478381926
1118,0.5885757005983784,0.5885757005983784
1119,0.5830446712432369,0.5830446712432369
1120,0.5857693629880105,0.5857693629880105
1121,0.5831298107101072,0.5831298107101072
1122,0.591048883334283,0.591048883334283
1123,0.5833576682113832,0.5833576682113832
1124,0.5783584295741974,0.5783584295741974
1125,0.5878412507234081,0.5878412507234081
1126,0.6061184709110568,0.6061184709110568
1127,0.5878388352932469,0.5878388352932469
1128,0.5863705320704368,0.5863705320704368
1129,0.5812957176277714,0.5812957176277714
1130,0.5772577000241126,0.5772577000241126
1131,0.5806055491970431,0.5806055491970431
1132,0.5892206714037926,0.5892206714037926
1133,0.5860972322763935,0.5860972322763935
1134,0.5820995328887817,0.5820995328887817
1135,0.5827299683324753,0.5827299683324753
1136,0.5817828601406466,0.5817828601406466
1137,0.5894797833696488,0.5894797833696488
1138,0.590463075426317,0.590463075426317
1139,0.5836463810936097,0.5836463810936097
1140,0.5909037032435017,0.5909037032435017
1141,0.5801004829906649,0.5801004829906649
1142,0.5739463029369232,0.5739463029369232
1143,0.5844921791745771,0.5844921791745771
1144,0.5866820639179599,0.5866820639179599
1145,0.585381378089228,0.585381378089228
1146,0.5872747657760498,0.5872747657760498
1147,0.5852638896434538,0.5852638896434538
1148,0.583404413634731,0.583404413634731
1149,0.5847521227213645,0.5847521227213645
1150,0.5797544035219377,0.5797544035219377
1151,0.5738149285316467,0.5738149285316467
1152,0.5868219906283964,0.5868219906283964
1153,0.5843103359783849,0.5843103359783849
1154,0.5764388639119363,0.5764388639119363
1155,0.5771195412643494,0.5771195412643494
1156,0.5771059196802878,0.5771059196802878
1157,0.5807871707985478,0.5807871707985478
1158,0.5878683424765064,0.5878683424765064
1159,0.5891300189879632,0.5891300189879632
1160,0.5839376228470956,0.5839376228470956
1161,0.5834095478057861,0.5834095478057861
1162,0.5806133016463249,0.5806133016463249
1163,0.5956293032053979,0.5956293032053979
1164,0.5882805893498082,0.5882805893498082
1165,0.5847706347703934,0.5847706347703934
1166,0.5809539575730601,0.5809539575730601
1167,0.5899351340147757,0.5899351340147757
1168,0.580827790402597,0.580827790402597
1169,0.5869854794394586,0.5869854794394586
1170,0.5825382100958978,0.5825382100958978
1171,0.5802137298930076,0.5802137298930076
1172,0.5851453816698443,0.5851453816698443
1173,0.5729968129627167,0.5729968129627167
1174,0.5843544804280804,0.5843544804280804
1175,0.5873168966462535,0.5873168966462535
1176,0.5854835385276426,0.5854835385276426
1177,0.5850821555622162,0.5850821555622162
1178,0.5800320746437195,0.5800320746437195
1179,0.5898577849711141,0.5898577849711141
1180,0.5820934142797224,0.5820934142797224
1181,0.5875761278213993,0.5875761278213993
1182,0.5789600889528951,0.5789600889528951
1183,0.5935921524801562,0.5935921524801562
1184,0.582730058220125,0.582730058220125
1185,0.5767428884583135,0.5767428884583135
1186,0.5891484224027203,0.5891484224027203
1187,0.578670714170702,0.578670714170702
1188,0.5848756461374222,0.5848756461374222
1189,0.5748897872624859,0.5748897872624859
1190,0.5801976928787846,0.5801976928787846
1191,0.5791638272423898,0.5791638272423898
1192,0.5778000619142286,0.5778000619142286
1193,0.5792611582625297,0.5792611582625297
1194,0.5816683326998064,0.5816683326998064
1195,0.5721268812494893,0.5721268812494893
1196,0.5815881173456868,0.5815881173456868
1197,0.5861904178896258,0.5861904178896258
1198,0.59100347853476,0.59100347853476
1199,0.5889758496515213,0.5889758496515213
1200,0.5867554651152703,0.5867554651152703
1201,0.5815310458983144,0.5815310458983144
1202,0.5835361927747726,0.5835361927747726
1203,0.5816084925205477,0.5816084925205477
1204,0.5820368634116265,0.5820368634116265
1205,0.5851538719669465,0.5851538719669465
1206,0.5827651754502328,0.5827651754502328
1207,0.589597529461307,0.589597529461307
1208,0.5754528646507571,0.5754528646507571
1209,0.576838507286964,0.576838507286964
1210,0.5808558877437345,0.5808558877437345
1211,0.5918741663617473,0.5918741663617473
1212,0.5781016671849836,0.5781016671849836
1213,0.5851533018773601,0.5851533018773601
1214,0.5861698927417878,0.5861698927417878
1215,0.5820064741757608,0.5820064741757608
1216,0.5824537512756163,0.5824537512756163
1217,0.5840951382152496,0.5840951382152496
1218,0.5830045390513635,0.5830045390513635
1219,0.5852449964131078,0.5852449964131078
1220,0.57762191372533,0.57762191372533
1221,0.5719763122258648,0.5719763122258648
1222,0.5755774181696677,0.5755774181696677
1223,0.5854980623529803,0.5854980623529803
1224,0.5809040958842924,0.5809040958842924
1225,0.5849681208210606,0.5849681208210606
1226,0.5874988902961055,0.5874988902961055
1227,0.5846833211760367,0.5846833211760367
1228,0.5806837826967239,0.5806837826967239
1229,0.5807354762669532,0.5807354762669532
1230,0.5820869962053914,0.5820869962053914
1231,0.5838321730975182,0.5838321730975182
1232,0.5836247037495336,0.5836247037495336
1233,0.5807717644399212,0.5807717644399212
1234,0.5893916583830311,0.5893916583830311
1235,0.5843911911210706,0.5843911911210706
1236,0.5804571403611091,0.5804571403611091
1237,0.5848760316448827,0.5848760316448827
1238,0.578333007712518,0.578333007712518
1239,0.5745798325346362,0.5745798325346362
1240,0.5847907518186877,0.5847907518186877
1241,0.5795742167580512,0.5795742167580512
1242,0.5787197356262515,0.5787197356262515
1243,0.5822000864052004,0.5822000864052004
1244,0.577824909360178,0.577824909360178
1245,0.5856839456865864,0.5856839456865864
1246,0.575299342793803,0.575299342793803
1247,0.5825520753860474,0.5825520753860474
1248,0.5835003554821014,0.5835003554821014
1249,0.5784618445942479,0.5784618445942479
1250,0.5940376616293385,0.5940376616293385
1251,0.5759375965402972,0.5759375965402972
1252,0.5938094998559644,0.5938094998559644
1253,0.5767101087877827,0.5767101087877827
1254,0.5778461132318743,0.5778461132318743
1255,0.5851389304284127,0.5851389304284127
1256,0.5885280966758728,0.5885280966758728
1257,0.5856235868507816,0.5856235868507816
1258,0.5810088409531501,0.5810088409531501
1259,0.5832722393735763,0.5832722393735763
1260,0.5802346347801147,0.5802346347801147
1261,0.5810337907844975,0.5810337907844975
1262,0.5864115203580549,0.5864115203580549
1263,0.5751911483464702,0.5751911483464702
1264,0.5822700766786453,0.5822700766786453
1265,0.5812445561732015,0.5812445561732015
1266,0.5837442264441521,0.5837442264441521
1267,0.582663728344825,0.582663728344825
1268,0.5752750476521831,0.5752750476521831
1269,0.5796224071133521,0.5796224071133521
1270,0.5813484557213322,0.5813484557213322
1271,0.5781690127426579,0.5781690127426579
1272,0.5820036121914464,0.5820036121914464
1273,0.5783335052190288,0.5783335052190288
1274,0.5754836043042522,0.5754836043042522
1275,0.5778283101897086,0.5778283101897086
1276,0.5790297975463252,0.5790297975463252
1277,0.5829143230953524,0.5829143230953524
1278,0.5774774734050997,0.5774774734050997
1279,0.5824995526383,0.5824995526383
1280,0.5861753595452155,0.5861753595452155
1281,0.5877129570130379,0.5877129570130379
1282,0.5759230703115463,0.5759230703115463
1283,0.5780865314506716,0.5780865314506716
1284,0.5822091838044505,0.5822091838044505
1285,0.5824576361525443,0.5824576361525443
1286,0.5715963244438171,0.5715963244438171
1287,0.5729188419157459,0.5729188419157459
1288,0.5795135060625691,0.5795135060625691
1289,0.579235327820624,0.579235327820624
1290,0.5812793205822667,0.5812793205822667
1291,0.5912796268540044,0.5912796268540044
1292,0.5805306891279836,0.5805306891279836
1293,0.5825034932744119,0.5825034932744119
1294,0.5735428660146652,0.5735428660146652
1295,0.5730657428503036,0.5730657428503036
1296,0.586457111662434,0.586457111662434
1297,0.5734225516357729,0.5734225516357729
1298,0.5788104841786046,0.5788104841786046
1299,0.5822984787725634,0.5822984787725634
1300,0.5866143213164422,0.5866143213164422
1301,0.583826046797537,0.583826046797537
1302,0.5764223813049255,0.5764223813049255
1303,0.5811148929980493,0.5811148929980493
1304,0.5728172563737438,0.5728172563737438
1305,0.5903181606723417,0.5903181606723417
1306,0.5892633550590084,0.5892633550590084
1307,0.5782578501009172,0.5782578501009172
1308,0.5823601570821577,0.5823601570821577
1309,0.5758883847344306,0.5758883847344306
1310,0.5816713311979848,0.5816713311979848
1311,0.5904375007075648,0.5904375007075648
1312,0.5768118390152531,0.5768118390152531
1313,0.5835084232591814,0.5835084232591814
1314,0.5752977897082606,0.5752977897082606
1315,0.5801304939293093,0.5801304939293093
1316,0.5828211442116769,0.5828211442116769
1317,0.5723804639231774,0.5723804639231774
1318,0.578826863919535,0.578826863919535
1319,0.5768246030615222,0.5768246030615222
1320,0.5802608425578764,0.5802608425578764
1321,0.5745465899667432,0.5745465899667432
1322,0.5848927247908807,0.5848927247908807
1323,0.5856604239633006,0.5856604239633006
1324,0.5872655318629357,0.5872655318629357
1325,0.5755825278259092,0.5755825278259092
1326,0.5788007311282619,0.5788007311282619
1327,0.5843145304149197,0.5843145304149197
1328,0.5801200852278741,0.5801200852278741
1329,0.5801325339463449,0.5801325339463449
1330,0.5847262187350181,0.5847262187350181
1331,0.5779494349994967,0.5779494349994967
1332,0.5810224452326375,0.5810224452326375
1333,0.5899188263762382,0.5899188263762382
1334,0.5819512841201597,0.5819512841201597
1335,0.5828137133390673,0.5828137133390673
1336,0.5749300689466538,0.5749300689466538
1337,0.5854973499813387,0.5854973499813387
1338,0.5780274286385505,0.5780274286385505
1339,0.5832804181883412,0.5832804181883412
1340,0.5737509040101882,0.5737509040101882
1341,0.5805375513530546,0.5805375513530546
1342,0.5759958932476659,0.5759958932476659
1343,0.5848469263122927,0.5848469263122927
1344,0.582186657574869,0.582186657574869
1345,0.5845007434968026,0.5845007434968026
1346,0.5827707802095721,0.5827707802095721
1347,0.5770524403741283,0.5770524403741283
1348,0.5759179433507304,0.5759179433507304
1349,0.5840849251516403,0.5840849251516403
1350,0.5825039047387338,0.5825039047387338
1351,0.5836023409520427,0.5836023409520427
1352,0.5773729369524987,0.5773729369524987
1353,0.5859522526302645,0.5859522526302645
1354,0.5844048997086864,0.5844048997086864
1355,0.579896584633858,0.579896584633858
1356,0.5849944088728197,0.5849944088728197
1357,0.5845351805610042,0.5845351805610042
1358,0.5804599513930659,0.5804599513930659
1359,0.5832688693077334,0.5832688693077334
1360,0.5761460897422606,0.5761460897422606
1361,0.5904810899688352,0.5904810899688352
1362,0.5792091147553536,0.5792091147553536
1363,0.5848922998674454,0.5848922998674454
1364,0.5846626748961787,0.5846626748961787
1365,0.5715066232988911,0.5715066232988911
1366,0.5841856574819934,0.5841856574819934
1367,0.5788559932862559,0.5788559932862559
1368,0.5803949409915555,0.5803949409915555
1369,0.574022154654226,0.574022154654226
1370,0.5818890414891704,0.5818890414891704
1371,0.5727129222885254,0.5727129222885254
1372,0.581446976911637,0.581446976911637
1373,0.5823403495934701,0.5823403495934701
1374,0.5789826646927865,0.5789826646927865
1375,0.578449044977465,0.578449044977465
1376,0.5805298344742867,0.5805298344742867
1377,0.5794313545188596,0.5794313545188596
1378,0.5773737132549286,0.5773737132549286
1379,0.5729079482055479,0.5729079482055479
1380,0.5847020178071914,0.5847020178071914
1381,0.5767620912482662,0.5767620912482662
1382,0.5820758760936798,0.5820758760936798
1383,0.5775600085335393,0.5775600085335393
1384,0.582699655525146,0.582699655525146
1385,0.5712341214379957,0.5712341214379957
1386,0.5761386886719735,0.5761386886719735
1387,0.5790683901117694,0.5790683901117694
1388,0.5745052474160348,0.5745052474160348
1389,0.5836286515958847,0.5836286515958847
1390,0.5829895561741244,0.5829895561741244
1391,0.5818044331765944,0.5818044331765944
1392,0.5781797569605612,0.5781797569605612
1393,0.5745958243646929,0.5745958243646929
1394,0.573415232281531,0.573415232281531
1395,0.588253247641748,0.588253247641748
1396,0.5847770730333943,0.5847770730333943
1397,0.5775518763449884,0.5775518763449884
1398,0.5725131145408077,0.5725131145408077
1399,0.5794750591439586,0.5794750591439586
1400,0.5749915073956212,0.5749915073956212
1401,0.5787493235641911,0.5787493235641911
1402,0.5751712774076769,0.5751712774076769
1403,0.5802997076703656,0.5802997076703656
1404,0.571185796972244,0.571185796972244
1405,0.5779092816575881,0.5779092816575881
1406,0.5742602285838896,0.5742602285838896
1407,0.5793054930625423,0.5793054930625423
1408,0.5713631904894306,0.5713631904894306
1409,0.5806334624367375,0.5806334624367375
1410,0.5739887774951996,0.5739887774951996
1411,0.5699310451745987,0.5699310451745987
1412,0.575930408893093,0.575930408893093
1413,0.5680343513527224,0.5680343513527224
1414,0.5785832361828896,0.5785832361828896
1415,0.5795841414120889,0.5795841414120889
1416,0.5772680606572859,0.5772680606572859
1417,0.5822269834818379,0.5822269834818379
1418,0.583330663461839,0.583330663461839
1419,0.579776928790154,0.579776928790154
1420,0.5777549037048894,0.5777549037048894
1421,0.5765111994358801,0.5765111994358801
1422,0.5763710669932827,0.5763710669932827
1423,0.5809768880567243,0.5809768880567243
1424,0.5757389957866361,0.5757389957866361
1425,0.5814568015836901,0.5814568015836901
1426,0.5703474768707829,0.5703474768707829
1427,0.5757276300461062,0.5757276300461062
1428,0.5790583496132204,0.5790583496132204
1429,0.5874714053446247,0.5874714053446247
1430,0.5846776587347831,0.5846776587347831
1431,0.5802241544569692,0.5802241544569692
1432,0.569737036862681,0.569737036862681
1433,0.5782095588022663,0.5782095588022663
1434,0.5726467669010162,0.5726467669010162
1435,0.5685768334134933,0.5685768334134933
1436,0.5799734741449356,0.5799734741449356
1437,0.5760051785938202,0.5760051785938202
1438,0.57202364263996,0.57202364263996
1439,0.5838314934122947,0.5838314934122947
1440,0.5693960531103995,0.5693960531103995
1441,0.5772863136183831,0.5772863136183831
1442,0.5753864674798904,0.5753864674798904
1443,0.5801613100113407,0.5801613100113407
1444,0.5721038099258177,0.5721038099258177
1445,0.5838905856493981,0.5838905856493981
1446,0.5777952935426466,0.5777952935426466
1447,0.5745007189050797,0.5745007189050797
1448,0.5901204910009138,0.5901204910009138
1449,0.5726963570041042,0.5726963570041042
1450,0.569494640634906,0.569494640634906
1451,0.5742510388935765,0.5742510388935765
1452,0.5827348256303418,0.5827348256303418
1453,0.5763463459668621,0.5763463459668621
1454,0.5795217723615708,0.5795217723615708
1455,0.5822500999896757,0.5822500999896757
1456,0.5725517455608614,0.5725517455608614
1457,0.5722938934641499,0.5722938934641499
1458,0.571591833906789,0.571591833906789
1459,0.5741991857367177,0.5741991857367177
1460,0.5717828129568407,0.5717828129568407
1461,0.5818402156714471,0.5818402156714471
1462,0.5724676429264007,0.5724676429264007
1463,0.5812707668350588,0.5812707668350588
1464,0.577483348308071,0.577483348308071
1465,0.5776516227952896,0.5776516227952896
1466,0.576892243277642,0.576892243277642
1467,0.5782595839231245,0.5782595839231245
1468,0.5740408676285897,0.5740408676285897
1469,0.5764171120620543,0.5764171120620543
1470,0.5763758743001569,0.5763758743001569
1471,0.5715559480651733,0.5715559480651733
1472,0.5723013474095252,0.5723013474095252
1473,0.5701334101538504,0.5701334101538504
1474,0.5698659867048264,0.5698659867048264
1475,0.5693949768620152,0.5693949768620152
1476,0.5715840064710186,0.5715840064710186
1477,0.5749115818931211,0.5749115818931211
1478,0.5772080214754227,0.5772080214754227
1479,0.5745901201040514,0.5745901201040514
1480,0.575077943744198,0.575077943744198
1481,0.5781160073895608,0.5781160073895608
1482,0.5726740917851848,0.5726740917851848
1483,0.5816089328258268,0.5816089328258268
1484,0.568743868220237,0.568743868220237
1485,0.5730958965516859,0.5730958965516859
1486,0.5728889256715775,0.5728889256715775
1487,0.5676835554261361,0.5676835554261361
1488,0.5806742267262551,0.5806742267262551
1489,0.581567945499574,0.581567945499574
1490,0.5736665927594707,0.5736665927594707
1491,0.5759267547438222,0.5759267547438222
1492,0.5857576333707378,0.5857576333707378
1493,0.578429120682901,0.578429120682901
1494,0.5730062348227347,0.5730062348227347
1495,0.576078083245985,0.576078083245985
1496,0.5810658965379961,0.5810658965379961
1497,0.5769513408022542,0.5769513408022542
1498,0.5737884049454043,0.5737884049454043
1499,0.5720889909613517,0.5720889909613517
1500,0.5860961757359966,0.5860961757359966
1501,0.5743282312347043,0.5743282312347043
1502,0.5699415379954923,0.5699415379954923
1503,0.5680069798423398,0.5680069798423398
1504,0.5801462814692528,0.5801462814692528
1505,0.5677245821683637,0.5677245821683637
1506,0.5690511969789382,0.5690511969789382
1507,0.5723352547614805,0.5723352547614805
1508,0.5753176404583838,0.5753176404583838
1509,0.5758408034040082,0.5758408034040082
1510,0.5717465170929509,0.5717465170929509
1511,0.5708949133273094,0.5708949133273094
1512,0.5754978070336003,0.5754978070336003
1513,0.5732719883803399,0.5732719883803399
1514,0.5845337601438645,0.5845337601438645
1515,0.579893704383604,0.579893704383604
1516,0.5767124602871556,0.5767124602871556
1517,0.5649128349557999,0.5649128349557999
1518,0.568358953441343,0.568358953441343
1519,0.5815172690537668,0.5815172690537668
1520,0.5773878328261837,0.5773878328261837
1521,0.5739697092963804,0.5739697092963804
1522,0.5719608030011577,0.5719608030011577
1523,0.5777499185454461,0.5777499185454461
1524,0.5674899109909611,0.5674899109909611
1525,0.5747574279385228,0.5747574279385228
1526,0.5736303305433642,0.5736303305433642
1527,0.56526452351001,0.56526452351001
1528,0.5741068889056483,0.5741068889056483
1529,0.5743993256361254,0.5743993256361254
1530,0.5774632442382074,0.5774632442382074
1531,0.5701957652645726,0.5701957652645726
1532,0.5755120934017243,0.5755120934017243
1533,0.5754330571620695,0.5754330571620695
1534,0.5875315228777547,0.5875315228777547
1535,0.587031178897427,0.587031178897427
1536,0.5679904448409234,0.5679904448409234
1537,0.5800968817164821,0.5800968817164821
1538,0.5777775957699745,0.5777775957699745
1539,0.5809699748792956,0.5809699748792956
1540,0.5716577359745579,0.5716577359745579
1541,0.570034341946725,0.570034341946725
1542,0.5813783734075485,0.5813783734075485
1543,0.5728536031899913,0.5728536031899913
1544,0.5663718086096549,0.5663718086096549
1545,0.5734616147895013,0.5734616147895013
1546,0.5720964040487043,0.5720964040487043
1547,0.5841022763521441,0.5841022763521441
1548,0.5759656309120117,0.5759656309120117
1549,0.5720659085819798,0.5720659085819798
1550,0.5686899380337808,0.5686899380337808
1551,0.5714919495005761,0.5714919495005761
1552,0.5698225748154425,0.5698225748154425
1553,0.5753131878952826,0.5753131878952826
1554,0.5782898693315445,0.5782898693315445
1555,0.5870053931590049,0.5870053931590049
1556,0.5714839148905969,0.5714839148905969
1557,0.5803663807530557,0.5803663807530557
1558,0.5757880383922208,0.5757880383922208
1559,0.5703034838361125,0.5703034838361125
1560,0.5787687498715616,0.5787687498715616
1561,0.5753637484965786,0.5753637484965786
1562,0.5751172376255835,0.5751172376255835
1563,0.578484718357363,0.578484718357363
1564,0.5727195206188387,0.5727195206188387
1565,0.5634715287916122,0.5634715287916122
1566,0.573928264360274,0.573928264360274
1567,0.5691786235378634,0.5691786235378634
1568,0.5745860530484107,0.5745860530484107
1569,0.5731720857081875,0.5731720857081875
1570,0.5698333002867237,0.5698333002867237
1571,0.5742998209691816,0.5742998209691816
1572,0.5782432046628767,0.5782432046628767
1573,0.5712622456973598,0.5712622456973598
1574,0.5652467199871617,0.5652467199871617
1575,0.5664561679286342,0.5664561679286342
1576,0.5738649623047921,0.5738649623047921
1577,0.573877158664888,0.573877158664888
1578,0.5752539485692978,0.5752539485692978
1579,0.5730142540508701,0.5730142540508701
1580,0.5801123606581842,0.5801123606581842
1581,0.5735650355777433,0.5735650355777433
1582,0.5638904552305898,0.5638904552305898
1583,0.5671157750391191,0.5671157750391191
1584,0.5769258333790687,0.5769258333790687
1585,0.5694906153986531,0.5694906153986531
1586,0.578463525541367,0.578463525541367
1587,0.5735823872589296,0.5735823872589296
1588,0.5674348867708637,0.5674348867708637
1589,0.5780802671947787,0.5780802671947787
1590,0.583646485401738,0.583646485401738
1591,0.5686523866268897,0.5686523866268897
1592,0.5665978414397086,0.5665978414397086
1593,0.5700568989399941,0.5700568989399941
1594,0.5676386668797462,0.5676386668797462
1595,0.5711625155902678,0.5711625155902678
1596,0.5743695031250676,0.5743695031250676
1597,0.5760237281360934,0.5760237281360934
1598,0.5686449884406982,0.5686449884406982
1599,0.5721368054228444,0.5721368054228444
1600,0.5732784574070284,0.5732784574070284
1601,0.5729542240019767,0.5729542240019767
1602,0.5750500377147428,0.5750500377147428
1603,0.566853963078991,0.566853963078991
1604,0.5666085621041637,0.5666085621041637
1605,0.5683103852695034,0.5683103852695034
1606,0.5839941107457683,0.5839941107457683
1607,0.5721297365042471,0.5721297365042471
1608,0.5665890776341961,0.5665890776341961
1609,0.5699651962326419,0.5699651962326419
1610,0.5693594481675855,0.5693594481675855
1611,0.5622495859861374,0.5622495859861374
1612,0.577202693589272,0.577202693589272
1613,0.5742205929371619,0.5742205929371619
1614,0.5720081415868574,0.5720081415868574
1615,0.5719895353240352,0.5719895353240352
1616,0.5675859566657774,0.5675859566657774
1617,0.5669757863206248,0.5669757863206248
1618,0.5728703756486216,0.5728703756486216
1619,0.5735092441881856,0.5735092441881856
1620,0.569417217566121,0.569417217566121
1621,0.5741861520274993,0.5741861520274993
1622,0.5661883358993838,0.5661883358993838
1623,0.5681229498117201,0.5681229498117201
1624,0.5689158156033485,0.5689158156033485
1625,0.5717642845646027,0.5717642845646027
1626,0.5776778026934593,0.5776778026934593
1627,0.57393573128408,0.57393573128408
1628,0.5714128724028987,0.5714128724028987
1629,0.5695166164828885,0.5695166164828885
1630,0.5723581631337443,0.5723581631337443
1631,0.5787783813092017,0.5787783813092017
1632,0.5778213378883177,0.5778213378883177
1633,0.5668827521224176,0.5668827521224176
1634,0.5814430559835126,0.5814430559835126
1635,0.5758383028930233,0.5758383028930233
1636,0.5764885862027446,0.5764885862027446
1637,0.5713642316479837,0.5713642316479837
1638,0.5754987991625263,0.5754987991625263
1639,0.5745168996434058,0.5745168996434058
1640,0.5676328198563668,0.5676328198563668
1641,0.5779557136758682,0.5779557136758682
1642,0.5770302462962366,0.5770302462962366
1643,0.5789650467134291,0.5789650467134291
1644,0.5751564387352236,0.5751564387352236
1645,0.572272029134535,0.572272029134535
1646,0.5714606964780439,0.5714606964780439
1647,0.5719969373556876,0.5719969373556876
1648,0.5756647485879159,0.5756647485879159
1649,0.5715253377153028,0.5715253377153028
1650,0.5729167716157052,0.5729167716157052
1651,0.5748145556257617,0.5748145556257617
1652,0.576903952225562,0.576903952225562
1653,0.5664331417891287,0.5664331417891287
1654,0.56442377740337,0.56442377740337
1655,0.577319293733566,0.577319293733566
1656,0.5780273781668755,0.5780273781668755
1657,0.5712347434413049,0.5712347434413049
1658,0.5702703374047433,0.5702703374047433
1659,0.5698717957542788,0.5698717957542788
1660,0.5712558430048728,0.5712558430048728
1661,0.5689449416052911,0.5689449416052911
1662,0.5722943145421243,0.5722943145421243
1663,0.5643431847133944,0.5643431847133944
1664,0.5761381594404098,0.5761381594404098
1665,0.5722373512483412,0.5722373512483412
1666,0.5699161757384578,0.5699161757384578
1667,0.573599953324564,0.573599953324564
1668,0.5663857282169403,0.5663857282169403
1669,0.5701999419158504,0.5701999419158504
1670,0.5702377302992728,0.5702377302992728
1671,0.5739528267614303,0.5739528267614303
1672,0.5628749295588462,0.5628749295588462
1673,0.5668789311762779,0.5668789311762779
1674,0.5713077807618726,0.5713077807618726
1675,0.5705555316901976,0.5705555316901976
1676,0.5683724115933141,0.5683724115933141
1677,0.5732598069214052,0.5732598069214052
1678,0.5733599480121366,0.5733599480121366
1679,0.5660614876016494,0.5660614876016494
1680,0.5706750087199672,0.5706750087199672
1681,0.5727789329905664,0.5727789329905664
1682,0.5623535451389128,0.5623535451389128
1683,0.5707226544618607,0.5707226544618607
1684,0.5729728850626177,0.5729728850626177
1685,0.5643535991830211,0.5643535991830211
1686,0.5658759018105846,0.5658759018105846
1687,0.5721630780927597,0.5721630780927597
1688,0.5738997142161092,0.5738997142161092
1689,0.564946626463244,0.564946626463244
1690,0.5765428836307218,0.5765428836307218
1691,0.5749376642127191,0.5749376642127191
1692,0.5627498136412713,0.5627498136412713
1693,0.5698858706220504,0.5698858706220504
1694,0.5829424262046814,0.5829424262046814
1695,0.5701108161480196,0.5701108161480196
1696,0.5689821594184444,0.5689821594184444
1697,0.5705626895350795,0.5705626895350795
1698,0.5675380302052344,0.5675380302052344
1699,0.5749536882485112,0.5749536882485112
1700,0.5669488733814608,0.5669488733814608
1701,0.5742137081200077,0.5742137081200077
1702,0.5628425416446501,0.5628425416446501
1703,0.5637172580726685,0.5637172580726685
1704,0.5757362188831452,0.5757362188831452
1705,0.577175225461683,0.577175225461683
1706,0.5767848131156736,0.5767848131156736
1707,0.5698292221753828,0.5698292221753828
1708,0.5615057060795445,0.5615057060795445
1709,0.5635151214176609,0.5635151214176609
1710,0.5713190570954354,0.5713190570954354
1711,0.5773106106827336,0.5773106106827336
1712,0.5645665934970302,0.5645665934970302
1713,0.575521886829407,0.575521886829407
1714,0.5692244614324262,0.5692244614324262
1715,0.565163325398199,0.565163325398199
1716,0.5746129852148795,0.5746129852148795
1717,0.5756415695913376,0.5756415695913376
1718,0.5706922046599849,0.5706922046599849
1719,0.5693974139228943,0.5693974139228943
1720,0.5737691699497162,0.5737691699497162
1721,0.5719102472066879,0.5719102472066879
1722,0.5733088807713601,0.5733088807713601
1723,0.5712916125212947,0.5712916125212947
1724,0.5711896073433661,0.5711896073433661
1725,0.5662685392364379,0.5662685392364379
1726,0.5661635211398525,0.5661635211398525
1727,0.5681784888429027,0.5681784888429027
1728,0.5677057778643023,0.5677057778643023
1729,0.5662135630846024,0.5662135630846024
1730,0.5661598496860073,0.5661598496860073
1731,0.571164422458218,0.571164422458218
1732,0.5695223668890614,0.5695223668890614
1733,0.5716379640563842,0.5716379640563842
1734,0.5714302817659993,0.5714302817659993
1735,0.5748315150699308,0.5748315150699308
1736,0.5693929801064153,0.5693929801064153
1737,0.5632044672966003,0.5632044672966003
1738,0.5694380306428478,0.5694380306428478
1739,0.5729704282937511,0.5729704282937511
1740,0.5702981309544656,0.5702981309544656
1741,0.5608895012447911,0.5608895012447911
1742,0.5657706784625207,0.5657706784625207
1743,0.5778725373168145,0.5778725373168145
1744,0.5644491377376741,0.5644491377376741
1745,0.5689370314921102,0.5689370314921102
1746,0.5657809184443566,0.5657809184443566
1747,0.5655787418926915,0.5655787418926915
1748,0.5634771056713597,0.5634771056713597
1749,0.5680353103145477,0.5680353103145477
1750,0.5712163400265479,0.5712163400265479
1751,0.5719480432810322,0.5719480432810322
1752,0.5774842890039567,0.5774842890039567
1753,0.5695359120445866,0.5695359120445866
1754,0.5697540664865125,0.5697540664865125
1755,0.5644424519231243,0.5644424519231243
1756,0.5751200890348803,0.5751200890348803
1757,0.5733478713420129,0.5733478713420129
1758,0.5653522913494418,0.5653522913494418
1759,0.5758643909808128,0.5758643909808128
1760,0.562562337806148,0.562562337806148
1761,0.5669211807750887,0.5669211807750887
1762,0.5711266076372515,0.5711266076372515
1763,0.5632843423274255,0.5632843423274255
1764,0.5661410900854296,0.5661410900854296
1765,0.5661527975913017,0.5661527975913017
1766,0.5656110202112505,0.5656110202112505
1767,0.5650924953722185,0.5650924953722185
1768,0.5686497842111895,0.5686497842111895
1769,0.5703385241570011,0.5703385241570011
1770,0.5722332212232775,0.5722332212232775
1771,0.5746885062225403,0.5746885062225403
1772,0.56434496227772,0.56434496227772
1773,0.5831750938969273,0.5831750938969273
1774,0.5690405580305284,0.5690405580305284
1775,0.5690036194939767,0.5690036194939767
1776,0.571399420019119,0.571399420019119
1777,0.569198586287037,0.569198586287037
1778,0.5739604201047651,0.5739604201047651
1779,0.5690015958201501,0.5690015958201501
1780,0.5723537499866178,0.5723537499866178
1781,0.5648738958181874,0.5648738958181874
1782,0.564730352932407,0.564730352932407
1783,0.573671339500335,0.573671339500335
1784,0.5796182434405049,0.5796182434405049
1785,0.5693564972569866,0.5693564972569866
1786,0.567082092165947,0.567082092165947
1787,0.5687840023348408,0.5687840023348408
1788,0.5656879688462904,0.5656879688462904
1789,0.5663589128563481,0.5663589128563481
1790,0.5756032635127345,0.5756032635127345
1791,0.5757988864375699,0.5757988864375699
1792,0.5728763442847037,0.5728763442847037
1793,0.5645743127792112,0.5645743127792112
1794,0.5666777260841862,0.5666777260841862
1795,0.5683299634725817,0.5683299634725817
1796,0.5722028839011346,0.5722028839011346
1797,0.5743399824826948,0.5743399824826948
1798,0.5668161814251254,0.5668161814251254
1799,0.5667838660940048,0.5667838660940048
1800,0.5693055968130788,0.5693055968130788
1801,0.5679115403083063,0.5679115403083063
1802,0.5726510834309363,0.5726510834309363
1803,0.5648282295273196,0.5648282295273196
1804,0.5705794658391706,0.5705794658391706
1805,0.5740439742803574,0.5740439742803574
1806,0.5687482741571241,0.5687482741571241
1807,0.5707291374283452,0.5707291374283452
1808,0.5678236479720762,0.5678236479720762
1809,0.5706357302204255,0.5706357302204255
1810,0.5710129497512695,0.5710129497512695
1811,0.5677501299688893,0.5677501299688893
1812,0.5632234220543215,0.5632234220543215
1813,0.5670497153074511,0.5670497153074511
1814,0.5635620754572653,0.5635620754572653
1815,0.5727861187150401,0.5727861187150401
1816,0.5655780785506771,0.5655780785506771
1817,0.5719375595931084,0.5719375595931084
1818,0.568401649594307,0.568401649594307
1819,0.5688878278578481,0.5688878278578481
1820,0.5646760732896866,0.5646760732896866
1821,0.5625462714702852,0.5625462714702852
1822,0.569750810823133,0.569750810823133
1823,0.5755222526288801,0.5755222526288801
1824,0.5723378533317197,0.5723378533317197
1825,0.5732128572079443,0.5732128572079443
1826,0.5646924136146423,0.5646924136146423
1827,0.5654110697007948,0.5654110697007948
1828,0.570493899045452,0.570493899045452
1829,0.5719257559507124,0.5719257559507124
1830,0.565170683687733,0.565170683687733
1831,0.5690541791339074,0.5690541791339074
1832,0.559756092486843,0.559756092486843
1833,0.5605226572482817,0.5605226572482817
1834,0.5691777097602044,0.5691777097602044
1835,0.5730279164929544,0.5730279164929544
1836,0.5616315819563404,0.5616315819563404
1837,0.5692248108886904,0.5692248108886904
1838,0.5678206970614772,0.5678206970614772
1839,0.5679845060071638,0.5679845060071638
1840,0.5713745879550134,0.5713745879550134
1841,0.5628424844434184,0.5628424844434184
1842,0.5610329254019645,0.5610329254019645
1843,0.5656880005713432,0.5656880005713432
1844,0.5651291089673196,0.5651291089673196
1845,0.5742186298293452,0.5742186298293452
1846,0.5758611410856247,0.5758611410856247
1847,0.5611289273346624,0.5611289273346624
1848,0.5761422683154384,0.5761422683154384
1849,0.5647651577188123,0.5647651577188123
1850,0.5630627322581506,0.5630627322581506
1851,0.5686123899875148,0.5686123899875148
1852,0.5679445367666983,0.5679445367666983
1853,0.5640930182510807,0.5640930182510807
1854,0.5713027335943714,0.5713027335943714
1855,0.5667266033349498,0.5667266033349498
1856,0.5574972557444726,0.5574972557444726
1857,0.5637066941107473,0.5637066941107473
1858,0.565710520071368,0.565710520071368
1859,0.56604971087748,0.56604971087748
1860,0.5683643865969873,0.5683643865969873
1861,0.5632769667333172,0.5632769667333172
1862,0.5678105210104296,0.5678105210104296
1863,0.5641058914123043,0.5641058914123043
1864,0.5680332472247462,0.5680332472247462
1865,0.5604835042069035,0.5604835042069035
1866,0.5649571135159461,0.5649571135159461
1867,0.5647021599354283,0.5647021599354283
1868,0.570463685739425,0.570463685739425
1869,0.5641784562218574,0.5641784562218574
1870,0.5670951883639058,0.5670951883639058
1871,0.5609595713115507,0.5609595713115507
1872,0.5672903652152708,0.5672903652152708
1873,0.5746370645300034,0.5746370645300034
1874,0.5658024434120424,0.5658024434120424
1875,0.5707001215027224,0.5707001215027224
1876,0.5638548457814802,0.5638548457814802
1877,0.5695875878295591,0.5695875878295591
1878,0.5604665990798704,0.5604665990798704
1879,0.559824219634456,0.559824219634456
1880,0.5681050088136427,0.5681050088136427
1881,0.5755290821675332,0.5755290821675332
1882,0.5794470709177756,0.5794470709177756
1883,0.5636390053456829,0.5636390053456829
1884,0.5663456916809082,0.5663456916809082
1885,0.5709493813976165,0.5709493813976165
1886,0.5641523157396624,0.5641523157396624
1887,0.5624299140707139,0.5624299140707139
1888,0.5700353797404997,0.5700353797404997
1889,0.5644088421137102,0.5644088421137102
1890,0.5651212334632874,0.5651212334632874
1891,0.5703627890156161,0.5703627890156161
1892,0.561640824041059,0.561640824041059
1893,0.5681562486194796,0.5681562486194796
1894,0.5643116480881168,0.5643116480881168
1895,0.5594142286046859,0.5594142286046859
1896,0.5698653574912779,0.5698653574912779
1897,0.5636155432270419,0.5636155432270419
1898,0.5744091700161656,0.5744091700161656
1899,0.5635900002333426,0.5635900002333426
1900,0.559735894203186,0.559735894203186
1901,0.5645434020027038,0.5645434020027038
1902,0.5743621808867301,0.5743621808867301
1903,0.5574152705169493,0.5574152705169493
1904,0.5714193183568216,0.5714193183568216
1905,0.5597966173964162,0.5597966173964162
1906,0.5611730530377357,0.5611730530377357
1907,0.5733424939455525,0.5733424939455525
1908,0.5671940143069913,0.5671940143069913
1909,0.5663367754990055,0.5663367754990055
1910,0.5641110097208331,0.5641110097208331
1911,0.5596904456615448,0.5596904456615448
1912,0.5669475543883539,0.5669475543883539
1913,0.5657076076153786,0.5657076076153786
1914,0.5682267719699491,0.5682267719699491
1915,0.5639518081180511,0.5639518081180511
1916,0.5610976800803216,0.5610976800803216
1917,0.565837519303445,0.565837519303445
1918,0.5696991667632134,0.5696991667632134
1919,0.5584825844533982,0.5584825844533982
1920,0.5705128374599642,0.5705128374599642
1921,0.5644017299336772,0.5644017299336772
1922,0.5657527893781662,0.5657527893781662
1923,0.5639037802334754,0.5639037802334754
1924,0.561650195429402,0.561650195429402
1925,0.5634271300608112,0.5634271300608112
1926,0.5613477797277512,0.5613477797277512
1927,0.5580244059524229,0.5580244059524229
1928,0.5617491569249861,0.5617491569249861
1929,0.5637246956748347,0.5637246956748347
1930,0.5624971831998518,0.5624971831998518
1931,0.5668156920902191,0.5668156920902191
1932,0.5602622522461799,0.5602622522461799
1933,0.5708800919594303,0.5708800919594303
1934,0.5693537458296745,0.5693537458296745
1935,0.5633987904556336,0.5633987904556336
1936,0.5626327015699879,0.5626327015699879
1937,0.5736075159042112,0.5736075159042112
1938,0.563197628144295,0.563197628144295
1939,0.5676582527737464,0.5676582527737464
1940,0.5683956545206809,0.5683956545206809
1941,0.5680688874375436,0.5680688874375436
1942,0.5720667372788152,0.5720667372788152
1943,0.5686919150813934,0.5686919150813934
1944,0.5668107530763072,0.5668107530763072
1945,0.5675416824317747,0.5675416824317747
1946,0.571083088074961,0.571083088074961
1947,0.5667207068012606,0.5667207068012606
1948,0.5622253369900488,0.5622253369900488
1949,0.5616205786505053,0.5616205786505053
1950,0.5711235019468492,0.5711235019468492
1951,0.5629437046666299,0.5629437046666299
1952,0.5646160571805893,0.5646160571805893
1953,0.5604550756754414,0.5604550756754414
1954,0.5540959123642214,0.5540959123642214
1955,0.5551430933898495,0.5551430933898495
1956,0.5683635079091595,0.5683635079091595
1957,0.5695675972007936,0.5695675972007936
1958,0.5645169260040406,0.5645169260040406
1959,0.5630594131446653,0.5630594131446653
1960,0.5656176291165813,0.5656176291165813
1961,0.5680780915483352,0.5680780915483352
1962,0.574700933790976,0.574700933790976
1963,0.5645859106894462,0.5645859106894462
1964,0.5638996117538021,0.5638996117538021
1965,0.5632418052804086,0.5632418052804086
1966,0.5711256126242299,0.5711256126242299
1967,0.5629625248332177,0.5629625248332177
1968,0.5652428187670246,0.5652428187670246
1969,0.5651719224068427,0.5651719224068427
1970,0.57299466815687,0.57299466815687
1971,0.5638752310506759,0.5638752310506759
1972,0.5627074597343322,0.5627074597343322
1973,0.566096993703996,0.566096993703996
1974,0.5670040792995884,0.5670040792995884
1975,0.5707943848063869,0.5707943848063869
1976,0.5671488815738309,0.5671488815738309
1977,0.5694346105860125,0.5694346105860125
1978,0.566519038331124,0.566519038331124
1979,0.5588436285334248,0.5588436285334248
1980,0.5698614976098461,0.5698614976098461
1981,0.5584676558932951,0.5584676558932951
1982,0.5594660111011998,0.5594660111011998
1983,0.5572621966561964,0.5572621966561964
1984,0.567550084283275,0.567550084283275
1985,0.5512507437698303,0.5512507437698303
1986,0.5559113511154729,0.5559113511154729
1987,0.5633160827621337,0.5633160827621337
1988,0.5652300258797984,0.5652300258797984
1989,0.564478031089229,0.564478031089229
1990,0.5666916255028017,0.5666916255028017
1991,0.5637226229713809,0.5637226229713809
1992,0.561529478238475,0.561529478238475
1993,0.5704078818521192,0.5704078818521192
1994,0.561414566732222,0.561414566732222
1995,0.5692025374981665,0.5692025374981665
1996,0.5639325572598365,0.5639325572598365
1997,0.5579277762482243,0.5579277762482243
1998,0.5615152418613434,0.5615152418613434
1999,0.5670679274105257,0.5670679274105257
2000,0.5562119272447401,0.5562119272447401
2001,0.5729177796071575,0.5729177796071575
2002,0.565741126095095,0.565741126095095
2003,0.5607888458236572,0.5607888458236572
2004,0.5584385159515566,0.5584385159515566
2005,0.5702090681560578,0.5702090681560578
2006,0.5649779487040735,0.5649779487040735
2007,0.5580388273923628,0.5580388273923628
2008,0.5589365363121033,0.5589365363121033
2009,0.5647711859595391,0.5647711859595391
2010,0.560458184730622,0.560458184730622
2011,0.5601504180700548,0.5601504180700548
2012,0.5742139994136749,0.5742139994136749
2013,0.56273916892467,0.56273916892467
2014,0.5643268145861164,0.5643268145861164
2015,0.5617267369262634,0.5617267369262634
2016,0.5631311223391564,0.5631311223391564
2017,0.5616372030588889,0.5616372030588889
2018,0.5591292991753547,0.5591292991753547
2019,0.5628674174508741,0.5628674174508741
2020,0.5658293438534583,0.5658293438534583
2021,0.5655986527281422,0.5655986527281422
2022,0.5716086097301976,0.5716086097301976
2023,0.5720295502293494,0.5720295502293494
2024,0.5636153163448456,0.5636153163448456
2025,0.5609019052597785,0.5609019052597785
2026,0.5600899707886481,0.5600899707886481
2027,0.5714503968915632,0.5714503968915632
2028,0.5669357670891669,0.5669357670891669
2029,0.5629597594661098,0.5629597594661098
2030,0.5690993834887782,0.5690993834887782
2031,0.5620146249571154,0.5620146249571154
2032,0.5617212186897954,0.5617212186897954
2033,0.5623214840888977,0.5623214840888977
2034,0.5720339830844633,0.5720339830844633
2035,0.5577299335310536,0.5577299335310536
2036,0.5666527123220505,0.5666527123220505
2037,0.5654668985835968,0.5654668985835968
2038,0.5638449499683995,0.5638449499683995
2039,0.5635495238727138,0.5635495238727138
2040,0.5629411604135267,0.5629411604135267
2041,0.5568880972362333,0.5568880972362333
2042,0.5617499476478945,0.5617499476478945
2043,0.5642532441885241,0.5642532441885241
2044,0.5582643651193188,0.5582643651193188
2045,0.5603263128188348,0.5603263128188348
2046,0.5673253036314442,0.5673253036314442
2047,0.5678791889259892,0.5678791889259892
2048,0.572388751852897,0.572388751852897
2049,0.5611275549857847,0.5611275549857847
2050,0.5628470398726002,0.5628470398726002
2051,0.5701449205798488,0.5701449205798488
2052,0.5607783164708845,0.5607783164708845
2053,0.56643500299223,0.56643500299223
2054,0.5567883709746022,0.5567883709746022
2055,0.5671709333696673,0.5671709333696673
2056,0.5670903358728655,0.5670903358728655
2057,0.5565631841459582,0.5565631841459582
2058,0.5599758149154724,0.5599758149154724
2059,0.5677562865518755,0.5677562865518755
2060,0.5580434126238669,0.5580434126238669
2061,0.5590815409537284,0.5590815409537284
2062,0.5593807187772566,0.5593807187772566
2063,0.5559443850671092,0.5559443850671092
2064,0.5577884326058049,0.5577884326058049
2065,0.5603288109264066,0.5603288109264066
2066,0.5709435161082975,0.5709435161082975
2067,0.5579512643237268,0.5579512643237268
2068,0.5629897295467315,0.5629897295467315
2069,0.561443972491449,0.561443972491449
2070,0.5647375795149034,0.5647375795149034
2071,0.5598314130498517,0.5598314130498517
2072,0.5577035820291888,0.5577035820291888
2073,0.568721360256595,0.568721360256595
2074,0.5702474059597138,0.5702474059597138
2075,0.5620029698456487,0.5620029698456487
2076,0.5643732379521093,0.5643732379521093
2077,0.5554708482757691,0.5554708482757691
2078,0.5545439369255497,0.5545439369255497
2079,0.5678084334058147,0.5678084334058147
2080,0.5644144632162587,0.5644144632162587
2081,0.5562358806210179,0.5562358806210179
2082,0.557985492290989,0.557985492290989
2083,0.5645180262865559,0.5645180262865559
2084,0.5606182150302395,0.5606182150302395
2085,0.5495866541900942,0.5495866541900942
2086,0.558200161783926,0.558200161783926
2087,0.5601470912656477,0.5601470912656477
2088,0.5616954882298747,0.5616954882298747
2089,0.5625539811388138,0.5625539811388138
2090,0.5673622450520915,0.5673622450520915
2091,0.5637862043034646,0.5637862043034646
2092,0.5627893276752964,0.5627893276752964
2093,0.562580322065661,0.562580322065661
2094,0.5601273313645394,0.5601273313645394
2095,0.5645145096125141,0.5645145096125141
2096,0.5648833421930191,0.5648833421930191
2097,0.5532810130426961,0.5532810130426961
2098,0.5613507594793073,0.5613507594793073
2099,0.5576532920522075,0.5576532920522075
2100,0.5578712753711208,0.5578712753711208
2101,0.5550691403688923,0.5550691403688923
2102,0.564027966510865,0.564027966510865
2103,0.5627234419507365,0.5627234419507365
2104,0.5628695622567208,0.5628695622567208
2105,0.5635791771834896,0.5635791771834896
2106,0.5660695943140215,0.5660695943140215
2107,0.5660703158186328,0.5660703158186328
2108,0.5590357722774628,0.5590357722774628
2109,0.5636664090618011,0.5636664090618011
2110,0.5676622376326592,0.5676622376326592
2111,0.5605152537745814,0.5605152537745814
2112,0.5728650592988537,0.5728650592988537
2113,0.56748808103223,0.56748808103223
2114,0.5623774672708204,0.5623774672708204
2115,0.5514898973126565,0.5514898973126565
2116,0.562012842105281,0.562012842105281
2117,0.560705388745954,0.560705388745954
2118,0.5667301445238052,0.5667301445238052
2119,0.5642058878175674,0.5642058878175674
2120,0.557054893624398,0.557054893624398
2121,0.5601890880254007,0.5601890880254007
2122,0.5663224828820075,0.5663224828820075
2123,0.5616249821839794,0.5616249821839794
2124,0.567435997147714,0.567435997147714
2125,0.5597004318429578,0.5597004318429578
2126,0.5590289095717091,0.5590289095717091
2127,0.5551030280128602,0.5551030280128602
2128,0.5715362016231783,0.5715362016231783
2129,0.5587563091708768,0.5587563091708768
2130,0.5614190918783988,0.5614190918783988
2131,0.564934883386858,0.564934883386858
2132,0.5580928599642169,0.5580928599642169
2133,0.5640804993529474,0.5640804993529474
2134,0.574062229164185,0.574062229164185
2135,0.5591296789146238,0.5591296789146238
2136,0.5625220215128314,0.5625220215128314
2137,0.5664940577360892,0.5664940577360892
2138,0.5539744688618568,0.5539744688618568
2139,0.5543821338684328,0.5543821338684328
2140,0.5641362974720616,0.5641362974720616
2141,0.5627109547776561,0.5627109547776561
2142,0.5535322538306636,0.5535322538306636
2143,0.569359936060444,0.569359936060444
2144,0.5629273850110269,0.5629273850110269
2145,0.5596153832251026,0.5596153832251026
2146,0.5506134331226349,0.5506134331226349
2147,0.5631265496054003,0.5631265496054003
2148,0.5600620642785104,0.5600620642785104
2149,0.5652301032697001,0.5652301032697001
2150,0.5586011477055088,0.5586011477055088
2151,0.5592079609632492,0.5592079609632492
2152,0.5558208645351471,0.5558208645351471
2153,0.5593908083054328,0.5593908083054328
2154,0.557422463932345,0.557422463932345
2155,0.565908313278229,0.565908313278229
2156,0.5647156233749082,0.5647156233749082
2157,0.5616772362301427,0.5616772362301427
2158,0.5626984637591147,0.5626984637591147
2159,0.5599363691383793,0.5599363691383793
2160,0.5620231537088272,0.5620231537088272
2161,0.5685445887427176,0.5685445887427176
2162,0.5581540821060058,0.5581540821060058
2163,0.5618006836983466,0.5618006836983466
2164,0.560807989008965,0.560807989008965
2165,0.5656529126628753,0.5656529126628753
2166,0.552558048598228,0.552558048598228
2167,0.5647573706603819,0.5647573706603819
2168,0.5700902511035243,0.5700902511035243
2169,0.5687338584853757,0.5687338584853757
2170,0.5612628349373417,0.5612628349373417
2171,0.5600368024841431,0.5600368024841431
2172,0.5600372951838278,0.5600372951838278
2173,0.5626816677470361,0.5626816677470361
2174,0.5565027493622995,0.5565027493622995
2175,0.5653611709994655,0.5653611709994655
2176,0.5668990996576124,0.5668990996576124
2177,0.5550976361959211,0.5550976361959211
2178,0.5623323532842821,0.5623323532842821
2179,0.5614382360250719,0.5614382360250719
2180,0.5575279896297762,0.5575279896297762
2181,0.5568667097437766,0.5568667097437766
2182,0.5642295186558077,0.5642295186558077
2183,0.5604061445882244,0.5604061445882244
2184,0.5735061774330754,0.5735061774330754
2185,0.5605423070730702,0.5605423070730702
2186,0.5615281044475494,0.5615281044475494
2187,0.5539644019257638,0.5539644019257638
2188,0.5569378233725025,0.5569378233725025
2189,0.5679129813947985,0.5679129813947985
2190,0.5607205720678452,0.5607205720678452
2191,0.5698771366188603,0.5698771366188603
2192,0.560125601387793,0.560125601387793
2193,0.5618744569440042,0.5618744569440042
2194,0.5632092693159657,0.5632092693159657
2195,0.5638163517559728,0.5638163517559728
2196,0.5544562959863294,0.5544562959863294
2197,0.5592657342072456,0.5592657342072456
2198,0.555860627562769,0.555860627562769
2199,0.5549167711888591,0.5549167711888591
2200,0.5577550222796779,0.5577550222796779
2201,0.5604225363462202,0.5604225363462202
2202,0.5590946323448612,0.5590946323448612
2203,0.5702808148437931,0.5702808148437931
2204,0.5716709143692448,0.5716709143692448
2205,0.5592061833989236,0.5592061833989236
2206,0.5615964483830237,0.5615964483830237
2207,0.5569773047201095,0.5569773047201095
2208,0.55829987939327,0.55829987939327
2209,0.5648879519393367,0.5648879519393367
2210,0.5614429952636841,0.5614429952636841
2211,0.5666233156957934,0.5666233156957934
2212,0.5636519818536697,0.5636519818536697
2213,0.560511187680306,0.560511187680306
2214,0.5573355867978065,0.5573355867978065
2215,0.564742963160238,0.564742963160238
2216,0.5665804200595425,0.5665804200595425
2217,0.5655991334107614,0.5655991334107614
2218,0.5684519496656233,0.5684519496656233
2219,0.5546834454421075,0.5546834454421075
2220,0.5502324320616261,0.5502324320616261
2221,0.5569740827045133,0.5569740827045133
2222,0.5603050454970329,0.5603050454970329
2223,0.5661330703766115,0.5661330703766115
2224,0.5549978368705318,0.5549978368705318
2225,0.557123655753751,0.557123655753751
2226,0.5583182948250924,0.5583182948250924
2227,0.5640003008227195,0.5640003008227195
2228,0.5600950910199073,0.5600950910199073
2229,0.5631624897641521,0.5631624897641521
2230,0.5577852725982666,0.5577852725982666
2231,0.5606342294523793,0.5606342294523793
2232,0.5559926826146341,0.5559926826146341
2233,0.5531557663794486,0.5531557663794486
2234,0.5600954722012242,0.5600954722012242
2235,0.5522995783436683,0.5522995783436683
2236,0.5562826885331061,0.5562826885331061
2237,0.5643466571646352,0.5643466571646352
2238,0.5700343558865208,0.5700343558865208
2239,0.5601116428452153,0.5601116428452153
2240,0.5637957631580292,0.5637957631580292
2241,0.5618768291127297,0.5618768291127297
2242,0.5671115781991712,0.5671115781991712
2243,0.5558097809553146,0.5558097809553146
2244,0.5626274727044567,0.5626274727044567
2245,0.5697030785583681,0.5697030785583681
2246,0.558127454211635,0.558127454211635
2247,0.5598395586975159,0.5598395586975159
2248,0.5601797406711886,0.5601797406711886
2249,0.5562897324562073,0.5562897324562073
2250,0.5585875963011095,0.5585875963011095
2251,0.5601284869255558,0.5601284869255558
2252,0.5555051723795552,0.5555051723795552
2253,0.5617463670430645,0.5617463670430645
2254,0.5567843106485182,0.5567843106485182
2255,0.5553345257236112,0.5553345257236112
2256,0.5654684882010182,0.5654684882010182
2257,0.5669626934874442,0.5669626934874442
2258,0.5587806466125673,0.5587806466125673
2259,0.5517906440842536,0.5517906440842536
2260,0.5552352580331987,0.5552352580331987
2261,0.55724590391882,0.55724590391882
2262,0.5597719752019451,0.5597719752019451
