,total_loss,feature_loss
0,1.5389697186470033,1.5389697186470033
1,1.5089992782592774,1.5089992782592774
2,1.5048610071182251,1.5048610071182251
3,1.5016889642715454,1.5016889642715454
4,1.498268387413025,1.498268387413025
5,1.4989276746749878,1.4989276746749878
6,1.5052711570739745,1.5052711570739745
7,1.490337486076355,1.490337486076355
8,1.4889377116203308,1.4889377116203308
9,1.4855833745956422,1.4855833745956422
10,1.4832124362945556,1.4832124362945556
11,1.4813075508117677,1.4813075508117677
12,1.495580562210083,1.495580562210083
13,1.4892437618255616,1.4892437618255616
14,1.4751649890899659,1.4751649890899659
15,1.5003524515151978,1.5003524515151978
16,1.4819876832008363,1.4819876832008363
17,1.4775928861618042,1.4775928861618042
18,1.4754399579048156,1.4754399579048156
19,1.4755667239189147,1.4755667239189147
20,1.4691600574493409,1.4691600574493409
21,1.4746834705352783,1.4746834705352783
22,1.4711317239761352,1.4711317239761352
23,1.4711261615753173,1.4711261615753173
24,1.4677723571777344,1.4677723571777344
25,1.4692686150550842,1.4692686150550842
26,1.4649057280063629,1.4649057280063629
27,1.4656893876075745,1.4656893876075745
28,1.4639504349708556,1.4639504349708556
29,1.4794892830848694,1.4794892830848694
30,1.47230797662735,1.47230797662735
31,1.465698018169403,1.465698018169403
32,1.4614544275283814,1.4614544275283814
33,1.4618327706336975,1.4618327706336975
34,1.459782098197937,1.459782098197937
35,1.4643042201042176,1.4643042201042176
36,1.4625619039535522,1.4625619039535522
37,1.4593963521003723,1.4593963521003723
38,1.4595253684043885,1.4595253684043885
39,1.4599935722351074,1.4599935722351074
40,1.4620765927314758,1.4620765927314758
41,1.4576229157447815,1.4576229157447815
42,1.458699035358429,1.458699035358429
43,1.454069826221466,1.454069826221466
44,1.4604193850517273,1.4604193850517273
45,1.4548432706832886,1.4548432706832886
46,1.4592668459892273,1.4592668459892273
47,1.4714680785179137,1.4714680785179137
48,1.4575052684783936,1.4575052684783936
49,1.456292911529541,1.456292911529541
50,1.4880370629310609,1.4880370629310609
51,1.4602697263717652,1.4602697263717652
52,1.46172822599411,1.46172822599411
53,1.463764883518219,1.463764883518219
54,1.467082522201538,1.467082522201538
55,1.4524721979141235,1.4524721979141235
56,1.455145258808136,1.455145258808136
57,1.4542156450271606,1.4542156450271606
58,1.45416620054245,1.45416620054245
59,1.4517233790397643,1.4517233790397643
60,1.4529388757705688,1.4529388757705688
61,1.4483638078689576,1.4483638078689576
62,1.4566778848648072,1.4566778848648072
63,1.4503141017913819,1.4503141017913819
64,1.4496114381790162,1.4496114381790162
65,1.4540924342155457,1.4540924342155457
66,1.452541376209259,1.452541376209259
67,1.4450011852741242,1.4450011852741242
68,1.4553126967430114,1.4553126967430114
69,1.4545132698059082,1.4545132698059082
70,1.4508304505348206,1.4508304505348206
71,1.449108101081848,1.449108101081848
72,1.44822391166687,1.44822391166687
73,1.443098859500885,1.443098859500885
74,1.4470197011947632,1.4470197011947632
75,1.4472418170928956,1.4472418170928956
76,1.451251490020752,1.451251490020752
77,1.451876812839508,1.451876812839508
78,1.447539372062683,1.447539372062683
79,1.444438817501068,1.444438817501068
80,1.448261768913269,1.448261768913269
81,1.4437434189796448,1.4437434189796448
82,1.4475006341934205,1.4475006341934205
83,1.4419473307609558,1.4419473307609558
84,1.4477142352104186,1.4477142352104186
85,1.4424174235343934,1.4424174235343934
86,1.4444596183776854,1.4444596183776854
87,1.441972796535492,1.441972796535492
88,1.4444810598373412,1.4444810598373412
89,1.4376098240852355,1.4376098240852355
90,1.4492542194366456,1.4492542194366456
91,1.4441166640281677,1.4441166640281677
92,1.4419012088775636,1.4419012088775636
93,1.4426368211746217,1.4426368211746217
94,1.438972444820404,1.438972444820404
95,1.4440061645507813,1.4440061645507813
96,1.4451466559886932,1.4451466559886932
97,1.4469605704307555,1.4469605704307555
98,1.4410305720329284,1.4410305720329284
99,1.4436245750427246,1.4436245750427246
100,1.4428186240196228,1.4428186240196228
101,1.44037206325531,1.44037206325531
102,1.4400441602706908,1.4400441602706908
103,1.442546320438385,1.442546320438385
104,1.4389443121910095,1.4389443121910095
105,1.43856669549942,1.43856669549942
106,1.43940365190506,1.43940365190506
107,1.4421418898582459,1.4421418898582459
108,1.4417056630134581,1.4417056630134581
109,1.444088897228241,1.444088897228241
110,1.4424920252799989,1.4424920252799989
111,1.4414583429336547,1.4414583429336547
112,1.440886375427246,1.440886375427246
113,1.4400324584007262,1.4400324584007262
114,1.4368175463676454,1.4368175463676454
115,1.4396745354652405,1.4396745354652405
