,total_loss,feature_loss
0,0.1317050982117653,0.1317050982117653
1,0.12315145754814148,0.12315145754814148
2,0.12002298188209534,0.12002298188209534
3,0.1184249911904335,0.1184249911904335
4,0.11693532401323319,0.11693532401323319
5,0.11604142493009567,0.11604142493009567
6,0.11531605434417724,0.11531605434417724
7,0.1145666338801384,0.1145666338801384
8,0.11378852999210358,0.11378852999210358
9,0.11277054607868195,0.11277054607868195
10,0.11233637219667435,0.11233637219667435
11,0.11123942655324937,0.11123942655324937
12,0.11163872474431992,0.11163872474431992
13,0.11100167649984359,0.11100167649984359
14,0.11105155009031296,0.11105155009031296
15,0.11136958318948746,0.11136958318948746
16,0.11044383710622788,0.11044383710622788
17,0.1093619344830513,0.1093619344830513
18,0.10877653753757477,0.10877653753757477
19,0.10893797874450684,0.10893797874450684
20,0.10887062072753906,0.10887062072753906
21,0.10925873583555222,0.10925873583555222
22,0.10967122286558151,0.10967122286558151
23,0.1078361712694168,0.1078361712694168
24,0.10796734410524368,0.10796734410524368
25,0.10761196595430374,0.10761196595430374
26,0.10821164876222611,0.10821164876222611
27,0.1067272971868515,0.1067272971868515
28,0.10669823575019836,0.10669823575019836
29,0.10638580584526063,0.10638580584526063
30,0.10642540115118027,0.10642540115118027
31,0.10571927577257156,0.10571927577257156
32,0.10637953174114227,0.10637953174114227
33,0.10625559037923812,0.10625559037923812
34,0.1052583315372467,0.1052583315372467
35,0.10612652069330215,0.10612652069330215
36,0.10545232278108597,0.10545232278108597
37,0.10585849058628083,0.10585849058628083
38,0.10540663242340088,0.10540663242340088
39,0.10488837903738021,0.10488837903738021
40,0.10496290040016175,0.10496290040016175
41,0.1039681739807129,0.1039681739807129
42,0.10462162685394287,0.10462162685394287
43,0.10495033645629882,0.10495033645629882
44,0.10450637358427048,0.10450637358427048
45,0.10387075448036194,0.10387075448036194
46,0.10369842088222504,0.10369842088222504
47,0.10401492249965667,0.10401492249965667
48,0.10375180184841155,0.10375180184841155
49,0.10349791294336319,0.10349791294336319
50,0.10371579605340958,0.10371579605340958
51,0.10266008895635605,0.10266008895635605
52,0.10305140489339829,0.10305140489339829
53,0.10340005213022233,0.10340005213022233
54,0.10330203640460968,0.10330203640460968
55,0.10308363437652587,0.10308363437652587
56,0.1024874746799469,0.1024874746799469
57,0.10363674348592758,0.10363674348592758
58,0.10276840722560883,0.10276840722560883
59,0.10235518157482147,0.10235518157482147
60,0.10266814637184143,0.10266814637184143
61,0.10260369455814361,0.10260369455814361
62,0.10234531927108764,0.10234531927108764
63,0.10236990749835968,0.10236990749835968
64,0.10198501944541931,0.10198501944541931
65,0.10175966137647628,0.10175966137647628
66,0.10142965430021286,0.10142965430021286
67,0.10168936133384704,0.10168936133384704
68,0.10150301092863083,0.10150301092863083
69,0.1017288967370987,0.1017288967370987
70,0.10159471356868743,0.10159471356868743
71,0.10102330213785171,0.10102330213785171
72,0.101260094165802,0.101260094165802
73,0.1012567993402481,0.1012567993402481
74,0.10129434549808503,0.10129434549808503
75,0.10184755712747574,0.10184755712747574
76,0.10287600141763688,0.10287600141763688
77,0.10040681225061417,0.10040681225061417
78,0.10091444706916809,0.10091444706916809
79,0.10039151567220687,0.10039151567220687
80,0.10057976669073104,0.10057976669073104
81,0.1006027991771698,0.1006027991771698
82,0.10073969781398773,0.10073969781398773
83,0.10082771748304367,0.10082771748304367
84,0.10010617184638977,0.10010617184638977
85,0.10136254751682282,0.10136254751682282
86,0.10065735840797424,0.10065735840797424
87,0.09979826223850251,0.09979826223850251
88,0.099542948782444,0.099542948782444
89,0.09984875172376632,0.09984875172376632
90,0.10046689468622208,0.10046689468622208
91,0.10063958644866944,0.10063958644866944
92,0.09946295911073685,0.09946295911073685
93,0.10025526702404022,0.10025526702404022
94,0.09976150906085968,0.09976150906085968
95,0.10023244851827622,0.10023244851827622
96,0.09923695755004883,0.09923695755004883
97,0.10025569182634354,0.10025569182634354
98,0.0989643247127533,0.0989643247127533
99,0.0992310431599617,0.0992310431599617
100,0.09996847766637802,0.09996847766637802
101,0.09934310507774353,0.09934310507774353
102,0.09983391273021698,0.09983391273021698
103,0.09921301591396332,0.09921301591396332
104,0.09975346410274506,0.09975346410274506
105,0.09920710760354996,0.09920710760354996
106,0.09938608604669572,0.09938608604669572
107,0.09831821078062057,0.09831821078062057
108,0.09857587039470672,0.09857587039470672
109,0.09899928086996078,0.09899928086996078
110,0.09898233157396316,0.09898233157396316
111,0.09837289279699325,0.09837289279699325
112,0.09842642086744309,0.09842642086744309
113,0.09961272120475768,0.09961272120475768
114,0.09816660076379775,0.09816660076379775
115,0.09894084578752518,0.09894084578752518
116,0.09890039265155792,0.09890039265155792
117,0.09898696005344391,0.09898696005344391
118,0.09881394147872925,0.09881394147872925
119,0.09833344519138336,0.09833344519138336
120,0.09877899199724198,0.09877899199724198
121,0.09746663731336594,0.09746663731336594
122,0.0982158294916153,0.0982158294916153
123,0.09834854769706726,0.09834854769706726
124,0.09808552360534668,0.09808552360534668
125,0.09835793727636337,0.09835793727636337
126,0.09903327983617782,0.09903327983617782
127,0.09827437418699264,0.09827437418699264
128,0.09736483150720596,0.09736483150720596
129,0.09813485592603684,0.09813485592603684
130,0.09736647057533264,0.09736647057533264
131,0.09705100482702256,0.09705100482702256
132,0.09789099586009979,0.09789099586009979
133,0.09749122941493989,0.09749122941493989
134,0.0979948753118515,0.0979948753118515
135,0.09799916017055511,0.09799916017055511
136,0.09756858950853348,0.09756858950853348
137,0.09811789476871491,0.09811789476871491
138,0.09811367350816727,0.09811367350816727
139,0.09846552646160125,0.09846552646160125
140,0.09786128091812134,0.09786128091812134
141,0.09749434536695481,0.09749434536695481
142,0.09728902393579483,0.09728902393579483
143,0.09724035233259201,0.09724035233259201
144,0.09755416905879974,0.09755416905879974
145,0.09709398686885834,0.09709398686885834
146,0.09722469639778138,0.09722469639778138
147,0.0973853160738945,0.0973853160738945
148,0.09790734988451004,0.09790734988451004
149,0.09721573573350907,0.09721573573350907
150,0.09775304925441743,0.09775304925441743
151,0.0968041884303093,0.0968041884303093
152,0.09692897856235504,0.09692897856235504
153,0.09742751681804657,0.09742751681804657
154,0.09689265257120132,0.09689265257120132
155,0.09705658566951751,0.09705658566951751
156,0.09661173450946808,0.09661173450946808
157,0.09620981973409652,0.09620981973409652
158,0.09674456018209457,0.09674456018209457
159,0.09654702192544937,0.09654702192544937
160,0.09677514737844467,0.09677514737844467
161,0.09728270953893661,0.09728270953893661
162,0.09665706771612168,0.09665706771612168
163,0.09665979379415512,0.09665979379415512
164,0.09720203298330307,0.09720203298330307
165,0.09613370901346206,0.09613370901346206
166,0.09658152556419372,0.09658152556419372
167,0.09691308629512786,0.09691308629512786
168,0.09680896472930908,0.09680896472930908
169,0.09607601445913315,0.09607601445913315
170,0.09678065317869186,0.09678065317869186
171,0.09723562341928482,0.09723562341928482
172,0.09696411818265915,0.09696411818265915
173,0.09669684505462646,0.09669684505462646
174,0.09616831129789352,0.09616831129789352
175,0.09517968815565109,0.09517968815565109
176,0.0956431655883789,0.0956431655883789
177,0.09676711881160736,0.09676711881160736
178,0.09586485189199448,0.09586485189199448
179,0.0966507312655449,0.0966507312655449
180,0.09616301655769348,0.09616301655769348
181,0.09589251428842545,0.09589251428842545
182,0.09684603905677795,0.09684603905677795
183,0.09612073916196823,0.09612073916196823
184,0.09560550397634507,0.09560550397634507
185,0.09714820522069931,0.09714820522069931
186,0.0969524399638176,0.0969524399638176
187,0.09602294325828552,0.09602294325828552
188,0.09592220276594161,0.09592220276594161
189,0.09575214296579361,0.09575214296579361
190,0.09583824980258941,0.09583824980258941
191,0.09593682092428207,0.09593682092428207
192,0.09552987951040268,0.09552987951040268
193,0.09620523190498352,0.09620523190498352
194,0.09572165769338607,0.09572165769338607
195,0.09568042933940887,0.09568042933940887
196,0.09682690858840942,0.09682690858840942
197,0.09639344948530197,0.09639344948530197
198,0.09563576465845108,0.09563576465845108
199,0.09636427456140519,0.09636427456140519
200,0.09563806921243667,0.09563806921243667
201,0.09598133730888367,0.09598133730888367
202,0.09482095122337342,0.09482095122337342
203,0.09589363813400269,0.09589363813400269
204,0.09577626633644104,0.09577626633644104
205,0.09523607087135315,0.09523607087135315
206,0.0956262852549553,0.0956262852549553
207,0.09588504904508591,0.09588504904508591
208,0.09624517476558685,0.09624517476558685
209,0.0956395520567894,0.0956395520567894
210,0.095318703353405,0.095318703353405
211,0.09547167664766312,0.09547167664766312
212,0.09615989446640015,0.09615989446640015
213,0.095140520632267,0.095140520632267
214,0.09598009210824966,0.09598009210824966
215,0.09543167144060134,0.09543167144060134
216,0.09490620130300521,0.09490620130300521
217,0.09468138444423675,0.09468138444423675
218,0.0947860694527626,0.0947860694527626
219,0.09549955064058303,0.09549955064058303
220,0.09564536917209625,0.09564536917209625
221,0.09543974697589874,0.09543974697589874
222,0.09460842806100846,0.09460842806100846
223,0.0949578150510788,0.0949578150510788
224,0.0950024985074997,0.0950024985074997
225,0.09472444701194763,0.09472444701194763
226,0.09554498142004013,0.09554498142004013
227,0.09461795479059219,0.09461795479059219
228,0.09531299602985382,0.09531299602985382
229,0.0950723882317543,0.0950723882317543
230,0.09504222482442856,0.09504222482442856
231,0.09474080777168274,0.09474080777168274
232,0.09498590928316117,0.09498590928316117
233,0.09450647121667861,0.09450647121667861
234,0.09412006199359894,0.09412006199359894
235,0.09500197184085846,0.09500197184085846
236,0.09403309398889542,0.09403309398889542
237,0.09491628277301788,0.09491628277301788
238,0.09460083794593811,0.09460083794593811
239,0.09488778346776962,0.09488778346776962
240,0.0948245924115181,0.0948245924115181
241,0.09502316164970398,0.09502316164970398
242,0.09566422009468079,0.09566422009468079
243,0.09453503459692002,0.09453503459692002
244,0.09479351669549942,0.09479351669549942
245,0.09497702008485794,0.09497702008485794
246,0.09463341701030731,0.09463341701030731
247,0.0949543896317482,0.0949543896317482
248,0.09451494723558426,0.09451494723558426
249,0.0942570953965187,0.0942570953965187
250,0.09410650080442429,0.09410650080442429
251,0.09618237859010696,0.09618237859010696
252,0.09520703881978988,0.09520703881978988
253,0.09435706800222397,0.09435706800222397
254,0.09388458174467086,0.09388458174467086
255,0.09384855258464814,0.09384855258464814
256,0.09385686194896697,0.09385686194896697
257,0.09492028200626373,0.09492028200626373
258,0.0949125349521637,0.0949125349521637
259,0.09504147070646286,0.09504147070646286
260,0.09418495917320252,0.09418495917320252
261,0.09363290625810623,0.09363290625810623
262,0.09407870626449585,0.09407870626449585
263,0.09492248249053956,0.09492248249053956
264,0.09442818582057953,0.09442818582057953
265,0.09437246614694596,0.09437246614694596
266,0.09355739629268646,0.09355739629268646
267,0.0938150594830513,0.0938150594830513
268,0.09503515154123306,0.09503515154123306
269,0.09425779122114182,0.09425779122114182
270,0.09458405804634094,0.09458405804634094
271,0.09402411496639251,0.09402411496639251
272,0.09530034929513931,0.09530034929513931
273,0.09352347540855407,0.09352347540855407
274,0.09386851370334626,0.09386851370334626
275,0.09348005378246307,0.09348005378246307
276,0.09426960581541062,0.09426960581541062
277,0.0944179965853691,0.0944179965853691
278,0.09427492648363113,0.09427492648363113
279,0.09321322280168533,0.09321322280168533
280,0.09420781683921814,0.09420781683921814
281,0.09431735968589783,0.09431735968589783
282,0.09378139525651932,0.09378139525651932
283,0.09394527512788772,0.09394527512788772
284,0.09340027010440827,0.09340027010440827
285,0.09379684370756149,0.09379684370756149
286,0.0942157364487648,0.0942157364487648
287,0.09431325435638428,0.09431325435638428
288,0.09393965768814087,0.09393965768814087
289,0.09379204159975052,0.09379204159975052
290,0.09355822342634201,0.09355822342634201
291,0.09331854504346848,0.09331854504346848
292,0.09369808769226075,0.09369808769226075
293,0.09347707688808442,0.09347707688808442
294,0.09393185275793076,0.09393185275793076
295,0.09363718384504319,0.09363718384504319
296,0.09363805907964706,0.09363805907964706
297,0.0937359647154808,0.0937359647154808
298,0.09364341509342193,0.09364341509342193
299,0.09504469150304794,0.09504469150304794
300,0.0939417924284935,0.0939417924284935
301,0.09384987443685532,0.09384987443685532
302,0.0934847913980484,0.0934847913980484
303,0.09343994325399399,0.09343994325399399
304,0.09454332703351974,0.09454332703351974
305,0.09332389849424362,0.09332389849424362
306,0.09407042276859283,0.09407042276859283
307,0.09296059620380402,0.09296059620380402
308,0.09297450518608093,0.09297450518608093
309,0.09305931168794632,0.09305931168794632
310,0.09355631297826766,0.09355631297826766
311,0.09375572377443314,0.09375572377443314
312,0.0940706524848938,0.0940706524848938
313,0.09346243953704834,0.09346243953704834
314,0.09294931578636169,0.09294931578636169
315,0.09437111639976502,0.09437111639976502
316,0.09265518516302108,0.09265518516302108
317,0.09313845443725587,0.09313845443725587
318,0.0932617090344429,0.0932617090344429
319,0.09334673148393631,0.09334673148393631
320,0.0943905616402626,0.0943905616402626
321,0.09339794778823853,0.09339794778823853
322,0.09258994495868683,0.09258994495868683
323,0.09352049076557159,0.09352049076557159
324,0.09322350263595582,0.09322350263595582
325,0.09369387823343277,0.09369387823343277
326,0.09308083194494247,0.09308083194494247
327,0.09438126772642136,0.09438126772642136
328,0.09299475610256196,0.09299475610256196
329,0.09326620697975159,0.09326620697975159
330,0.09388789743185043,0.09388789743185043
331,0.09256655108928681,0.09256655108928681
332,0.09344733864068985,0.09344733864068985
333,0.09302606683969497,0.09302606683969497
334,0.09345231127738952,0.09345231127738952
335,0.09345401728153228,0.09345401728153228
336,0.0932041249871254,0.0932041249871254
337,0.09337653785943985,0.09337653785943985
338,0.09320863515138626,0.09320863515138626
339,0.09300772905349732,0.09300772905349732
340,0.09278815239667892,0.09278815239667892
341,0.09297721493244171,0.09297721493244171
342,0.0931098398566246,0.0931098398566246
343,0.09272546809911728,0.09272546809911728
344,0.09371301192045212,0.09371301192045212
345,0.09201631397008896,0.09201631397008896
346,0.09248090720176697,0.09248090720176697
347,0.09309024542570114,0.09309024542570114
348,0.09316395032405854,0.09316395032405854
349,0.09285482347011566,0.09285482347011566
350,0.09283671981096267,0.09283671981096267
351,0.09311846005916595,0.09311846005916595
352,0.09291076213121414,0.09291076213121414
353,0.09405095785856248,0.09405095785856248
354,0.09334584349393844,0.09334584349393844
355,0.09289914226531983,0.09289914226531983
356,0.09293209302425384,0.09293209302425384
357,0.09198590642213822,0.09198590642213822
358,0.0928603693842888,0.0928603693842888
359,0.09287693572044373,0.09287693572044373
360,0.09263188219070434,0.09263188219070434
361,0.09237872463464737,0.09237872463464737
362,0.09250597357749939,0.09250597357749939
363,0.092479327917099,0.092479327917099
364,0.09270230442285537,0.09270230442285537
365,0.09401864391565323,0.09401864391565323
366,0.09274158328771591,0.09274158328771591
367,0.09284055006504059,0.09284055006504059
368,0.09306458669900894,0.09306458669900894
369,0.09253156715631485,0.09253156715631485
370,0.09225618940591812,0.09225618940591812
371,0.09328944861888885,0.09328944861888885
372,0.09240170705318451,0.09240170705318451
373,0.09237085443735123,0.09237085443735123
374,0.09295076310634613,0.09295076310634613
375,0.0935877993106842,0.0935877993106842
376,0.09222529870271683,0.09222529870271683
377,0.09222568249702454,0.09222568249702454
378,0.09263813787698746,0.09263813787698746
379,0.09235373085737228,0.09235373085737228
380,0.09374020504951477,0.09374020504951477
381,0.09269170188903808,0.09269170188903808
382,0.09250025570392609,0.09250025570392609
383,0.09265324878692627,0.09265324878692627
384,0.09183141177892686,0.09183141177892686
385,0.09278290140628814,0.09278290140628814
386,0.0930817242860794,0.0930817242860794
387,0.09269121199846268,0.09269121199846268
388,0.09249358850717544,0.09249358850717544
389,0.09358726519346237,0.09358726519346237
390,0.09298272848129273,0.09298272848129273
391,0.09254083359241486,0.09254083359241486
392,0.09153325951099396,0.09153325951099396
393,0.09204704219102859,0.09204704219102859
394,0.0924629384279251,0.0924629384279251
395,0.09259255665540696,0.09259255665540696
396,0.09274444299936295,0.09274444299936295
397,0.09212030720710754,0.09212030720710754
398,0.09191324752569198,0.09191324752569198
399,0.09260898643732071,0.09260898643732071
400,0.0917712607383728,0.0917712607383728
401,0.09211284399032593,0.09211284399032593
402,0.0926326551437378,0.0926326551437378
403,0.09200663775205613,0.09200663775205613
404,0.09251882863044739,0.09251882863044739
405,0.09146750837564468,0.09146750837564468
406,0.09299253505468369,0.09299253505468369
407,0.09296974837779999,0.09296974837779999
408,0.09250158345699311,0.09250158345699311
409,0.09223614943027496,0.09223614943027496
410,0.0916201736330986,0.0916201736330986
411,0.09161251550912856,0.09161251550912856
412,0.09228630310297012,0.09228630310297012
413,0.09218873393535613,0.09218873393535613
414,0.09172858107089997,0.09172858107089997
415,0.09200821572542191,0.09200821572542191
416,0.09602441221475601,0.09602441221475601
417,0.09252350676059723,0.09252350676059723
418,0.09046217256784439,0.09046217256784439
419,0.09127634054422379,0.09127634054422379
420,0.09157699328660965,0.09157699328660965
421,0.09124607735872269,0.09124607735872269
422,0.09182559704780578,0.09182559704780578
423,0.0920699605345726,0.0920699605345726
424,0.09340600907802582,0.09340600907802582
425,0.09243198484182358,0.09243198484182358
426,0.09145545136928558,0.09145545136928558
427,0.09160526639223099,0.09160526639223099
428,0.09275186562538147,0.09275186562538147
429,0.09223991286754608,0.09223991286754608
430,0.09271143120527267,0.09271143120527267
431,0.09158686012029647,0.09158686012029647
432,0.09137251746654511,0.09137251746654511
433,0.09158918398618698,0.09158918398618698
434,0.0915212322473526,0.0915212322473526
435,0.09226119846105575,0.09226119846105575
436,0.09241297096014023,0.09241297096014023
437,0.09232447266578675,0.09232447266578675
438,0.09175936961174011,0.09175936961174011
439,0.09113945466279984,0.09113945466279984
440,0.0922317305803299,0.0922317305803299
441,0.09141230028867721,0.09141230028867721
442,0.09121060240268707,0.09121060240268707
443,0.09140391647815704,0.09140391647815704
444,0.09150876456499099,0.09150876456499099
445,0.09170640379190445,0.09170640379190445
446,0.09210010915994644,0.09210010915994644
447,0.09171966856718064,0.09171966856718064
448,0.09218267464637757,0.09218267464637757
449,0.091962677359581,0.091962677359581
450,0.09132168507575988,0.09132168507575988
451,0.09192508095502853,0.09192508095502853
452,0.09223659831285477,0.09223659831285477
453,0.09097901380062104,0.09097901380062104
454,0.09152622312307358,0.09152622312307358
455,0.0913474428653717,0.0913474428653717
456,0.09195591855049133,0.09195591855049133
457,0.09210038858652114,0.09210038858652114
458,0.09280621892213821,0.09280621892213821
459,0.09190610456466675,0.09190610456466675
460,0.09139719903469086,0.09139719903469086
461,0.09201296865940094,0.09201296865940094
462,0.0921755649447441,0.0921755649447441
463,0.09301566237211227,0.09301566237211227
464,0.09223465400934219,0.09223465400934219
465,0.09038639694452286,0.09038639694452286
466,0.0914068021774292,0.0914068021774292
467,0.09139334732294083,0.09139334732294083
468,0.09257854521274567,0.09257854521274567
469,0.09240779334306717,0.09240779334306717
470,0.09112115359306336,0.09112115359306336
471,0.09042859864234924,0.09042859864234924
472,0.09123554235696793,0.09123554235696793
473,0.09171078354120255,0.09171078354120255
474,0.09213340520858765,0.09213340520858765
475,0.09132216721773148,0.09132216721773148
476,0.09052287524938583,0.09052287524938583
477,0.09150596380233765,0.09150596380233765
478,0.09120732617378235,0.09120732617378235
479,0.09192829710245133,0.09192829710245133
480,0.09192420828342437,0.09192420828342437
481,0.09097556269168854,0.09097556269168854
482,0.09126776611804963,0.09126776611804963
483,0.09167844539880753,0.09167844539880753
484,0.09175717097520829,0.09175717097520829
485,0.09196285009384156,0.09196285009384156
486,0.09206958913803101,0.09206958913803101
487,0.09150750559568405,0.09150750559568405
488,0.09131993633508682,0.09131993633508682
489,0.09114874732494355,0.09114874732494355
490,0.09155535835027695,0.09155535835027695
491,0.09233918303251266,0.09233918303251266
492,0.09182886469364167,0.09182886469364167
493,0.09059092754125594,0.09059092754125594
494,0.09253187668323516,0.09253187668323516
495,0.09075465559959411,0.09075465559959411
496,0.09175701922178268,0.09175701922178268
497,0.09085349535942078,0.09085349535942078
498,0.09101096099615097,0.09101096099615097
499,0.09060438185930252,0.09060438185930252
500,0.09148312026262283,0.09148312026262283
501,0.0913618174791336,0.0913618174791336
502,0.09190492421388625,0.09190492421388625
503,0.09122542679309845,0.09122542679309845
504,0.09289427971839904,0.09289427971839904
505,0.09049719768762589,0.09049719768762589
506,0.0899486398100853,0.0899486398100853
507,0.09114179813861847,0.09114179813861847
508,0.09100831806659698,0.09100831806659698
509,0.0921135926246643,0.0921135926246643
510,0.09224869495630264,0.09224869495630264
511,0.09136957204341889,0.09136957204341889
512,0.09148406630754471,0.09148406630754471
513,0.09086722415685654,0.09086722415685654
514,0.09176435273885727,0.09176435273885727
515,0.09136062580347061,0.09136062580347061
516,0.0911986563205719,0.0911986563205719
517,0.09071779507398606,0.09071779507398606
518,0.09082050400972366,0.09082050400972366
519,0.09157320880889892,0.09157320880889892
520,0.0907913179397583,0.0907913179397583
521,0.092435112118721,0.092435112118721
522,0.0910304913520813,0.0910304913520813
523,0.09064579749107361,0.09064579749107361
524,0.09219319874048233,0.09219319874048233
525,0.0911131916642189,0.0911131916642189
526,0.09170340168476104,0.09170340168476104
527,0.09147745144367218,0.09147745144367218
528,0.0915221146941185,0.0915221146941185
529,0.09135207325220109,0.09135207325220109
530,0.09106863790750504,0.09106863790750504
531,0.09084891951084137,0.09084891951084137
532,0.09060897290706635,0.09060897290706635
533,0.09103427761793137,0.09103427761793137
534,0.09132558089494705,0.09132558089494705
535,0.09061440688371658,0.09061440688371658
536,0.0909993599653244,0.0909993599653244
537,0.09093501424789428,0.09093501424789428
538,0.09147914290428162,0.09147914290428162
539,0.09201111114025116,0.09201111114025116
540,0.09151362282037735,0.09151362282037735
541,0.09054376435279846,0.09054376435279846
542,0.09043343359231949,0.09043343359231949
543,0.09190917563438415,0.09190917563438415
544,0.09082801020145416,0.09082801020145416
545,0.09044291085004806,0.09044291085004806
546,0.091007204413414,0.091007204413414
547,0.09121310418844222,0.09121310418844222
548,0.09125820034742356,0.09125820034742356
549,0.09207023537158966,0.09207023537158966
550,0.09089132761955261,0.09089132761955261
551,0.09090699166059495,0.09090699166059495
552,0.09031173717975617,0.09031173717975617
553,0.09068609875440597,0.09068609875440597
554,0.09095936191082,0.09095936191082
555,0.09043390464782715,0.09043390464782715
556,0.09178279787302017,0.09178279787302017
557,0.09201949501037597,0.09201949501037597
558,0.09043567419052125,0.09043567419052125
559,0.09117483937740326,0.09117483937740326
560,0.09074775141477585,0.09074775141477585
561,0.09136428838968277,0.09136428838968277
562,0.09167545062303543,0.09167545062303543
563,0.09097482019662857,0.09097482019662857
564,0.09057153189182282,0.09057153189182282
565,0.0903884881734848,0.0903884881734848
566,0.09057541382312774,0.09057541382312774
567,0.09076348531246185,0.09076348531246185
568,0.09158483374118805,0.09158483374118805
569,0.08993815952539444,0.08993815952539444
570,0.09020478713512421,0.09020478713512421
571,0.0908353392481804,0.0908353392481804
572,0.09138704210519791,0.09138704210519791
573,0.091375190615654,0.091375190615654
574,0.09110165232419967,0.09110165232419967
575,0.09019830679893494,0.09019830679893494
576,0.09019252979755402,0.09019252979755402
577,0.08901908212900161,0.08901908212900161
578,0.09200535643100738,0.09200535643100738
579,0.09063785696029664,0.09063785696029664
580,0.09005482029914856,0.09005482029914856
581,0.09161479842662812,0.09161479842662812
582,0.09143906033039093,0.09143906033039093
583,0.09023031288385391,0.09023031288385391
584,0.08997606277465821,0.08997606277465821
585,0.09083320814371108,0.09083320814371108
586,0.0902007947564125,0.0902007947564125
587,0.09012308895587921,0.09012308895587921
588,0.0911110137104988,0.0911110137104988
589,0.09080520117282867,0.09080520117282867
590,0.09171254950761795,0.09171254950761795
591,0.09186644077301026,0.09186644077301026
592,0.09021234196424484,0.09021234196424484
593,0.0897395390868187,0.0897395390868187
594,0.08988866019248963,0.08988866019248963
595,0.09058025068044663,0.09058025068044663
596,0.09078068768978119,0.09078068768978119
597,0.09152231127023697,0.09152231127023697
598,0.09011856752634048,0.09011856752634048
599,0.08965443468093873,0.08965443468093873
600,0.09083314752578735,0.09083314752578735
601,0.09166247963905334,0.09166247963905334
602,0.09079516369104386,0.09079516369104386
603,0.09023475682735443,0.09023475682735443
604,0.08984131640195847,0.08984131640195847
605,0.08988817185163497,0.08988817185163497
606,0.09005898141860962,0.09005898141860962
607,0.09189681541919709,0.09189681541919709
608,0.09099817723035812,0.09099817723035812
609,0.08956745606660843,0.08956745606660843
610,0.09069523012638092,0.09069523012638092
611,0.09039144426584243,0.09039144426584243
612,0.09030610907077789,0.09030610907077789
613,0.09055062037706375,0.09055062037706375
614,0.09060030394792556,0.09060030394792556
615,0.09025635719299316,0.09025635719299316
616,0.08972907948493958,0.08972907948493958
617,0.08970301562547683,0.08970301562547683
618,0.0908243368268013,0.0908243368268013
619,0.09042716711759567,0.09042716711759567
620,0.09022977459430695,0.09022977459430695
621,0.09028241324424743,0.09028241324424743
622,0.08944521725177765,0.08944521725177765
623,0.09030942672491074,0.09030942672491074
624,0.09070066434144974,0.09070066434144974
625,0.09131958240270614,0.09131958240270614
626,0.09045306801795959,0.09045306801795959
627,0.09017204904556274,0.09017204904556274
628,0.09119501930475235,0.09119501930475235
629,0.09062847650051117,0.09062847650051117
630,0.09192502284049987,0.09192502284049987
631,0.0903474025130272,0.0903474025130272
632,0.08986372810602188,0.08986372810602188
633,0.08956135535240173,0.08956135535240173
634,0.08969702243804932,0.08969702243804932
635,0.09022685873508453,0.09022685873508453
636,0.08968032258749008,0.08968032258749008
637,0.09045358592271804,0.09045358592271804
638,0.09075885319709778,0.09075885319709778
639,0.09084575498104096,0.09084575498104096
640,0.09069716364145279,0.09069716364145279
641,0.09041375887393951,0.09041375887393951
642,0.09013008296489716,0.09013008296489716
643,0.09031047040224076,0.09031047040224076
644,0.09051798737049102,0.09051798737049102
645,0.09083955401182174,0.09083955401182174
646,0.09111690521240234,0.09111690521240234
647,0.09021016550064087,0.09021016550064087
648,0.0900344803929329,0.0900344803929329
649,0.08922592777013778,0.08922592777013778
650,0.0900268040895462,0.0900268040895462
651,0.09160974180698395,0.09160974180698395
652,0.08953560733795166,0.08953560733795166
653,0.08917777907848358,0.08917777907848358
654,0.08972877055406571,0.08972877055406571
655,0.09238486450910569,0.09238486450910569
656,0.0899280675649643,0.0899280675649643
657,0.08980541867017745,0.08980541867017745
658,0.08990548968315125,0.08990548968315125
659,0.09072324585914612,0.09072324585914612
660,0.09067603754997254,0.09067603754997254
661,0.09000762450695038,0.09000762450695038
662,0.09064298373460769,0.09064298373460769
663,0.08942205500602722,0.08942205500602722
664,0.08916776210069656,0.08916776210069656
665,0.08899384325742722,0.08899384325742722
666,0.08959998887777329,0.08959998887777329
667,0.09036785554885864,0.09036785554885864
668,0.09023079180717468,0.09023079180717468
669,0.0901076425909996,0.0901076425909996
670,0.09003052967786788,0.09003052967786788
671,0.09099933177232743,0.09099933177232743
672,0.089014419734478,0.089014419734478
673,0.08978566056489945,0.08978566056489945
674,0.08957946169376373,0.08957946169376373
675,0.0907363503575325,0.0907363503575325
676,0.0902743222117424,0.0902743222117424
677,0.09023393374681472,0.09023393374681472
678,0.08921964734792709,0.08921964734792709
679,0.09077517104148865,0.09077517104148865
680,0.09002523195743561,0.09002523195743561
681,0.08907293337583543,0.08907293337583543
682,0.0902195086479187,0.0902195086479187
683,0.09057543933391571,0.09057543933391571
684,0.0897410854101181,0.0897410854101181
685,0.09075589227676392,0.09075589227676392
686,0.09209990298748016,0.09209990298748016
687,0.08916895943880081,0.08916895943880081
688,0.08892238354682923,0.08892238354682923
689,0.08982745951414109,0.08982745951414109
690,0.09111645656824112,0.09111645656824112
691,0.09178526359796524,0.09178526359796524
692,0.08912237852811813,0.08912237852811813
693,0.0891129069328308,0.0891129069328308
694,0.08973492312431336,0.08973492312431336
695,0.08928453201055526,0.08928453201055526
696,0.08962535637617111,0.08962535637617111
697,0.08933649230003357,0.08933649230003357
698,0.0894651101231575,0.0894651101231575
699,0.08934631150960923,0.08934631150960923
700,0.0902366470694542,0.0902366470694542
701,0.09000227749347686,0.09000227749347686
702,0.09214578485488892,0.09214578485488892
703,0.09115144056081771,0.09115144056081771
704,0.08982336765527725,0.08982336765527725
705,0.0910854453444481,0.0910854453444481
706,0.08916471403837203,0.08916471403837203
707,0.08907639068365097,0.08907639068365097
708,0.0899922382235527,0.0899922382235527
709,0.08925215876102448,0.08925215876102448
710,0.08920205926895142,0.08920205926895142
711,0.08922750383615494,0.08922750383615494
712,0.0898303388953209,0.0898303388953209
713,0.09094746708869934,0.09094746708869934
714,0.0893364895582199,0.0893364895582199
715,0.08903983652591706,0.08903983652591706
716,0.09059508579969407,0.09059508579969407
717,0.09036992448568344,0.09036992448568344
718,0.09035999983549119,0.09035999983549119
719,0.08975442600250244,0.08975442600250244
720,0.08894738692045212,0.08894738692045212
721,0.08935927540063858,0.08935927540063858
722,0.08978205996751785,0.08978205996751785
723,0.08956487894058228,0.08956487894058228
724,0.09045987945795059,0.09045987945795059
725,0.08908260774612427,0.08908260774612427
726,0.08878045970201492,0.08878045970201492
727,0.0892450868487358,0.0892450868487358
728,0.08957290905714035,0.08957290905714035
729,0.08952145725488662,0.08952145725488662
730,0.08960705333948135,0.08960705333948135
731,0.09112607777118682,0.09112607777118682
732,0.08950389963388443,0.08950389963388443
733,0.08992903530597687,0.08992903530597687
734,0.08899069875478745,0.08899069875478745
735,0.0892152128815651,0.0892152128815651
736,0.09097518652677536,0.09097518652677536
737,0.09016501307487487,0.09016501307487487
738,0.08879561418294907,0.08879561418294907
739,0.08957969564199447,0.08957969564199447
740,0.08911898303031922,0.08911898303031922
741,0.08944967997074127,0.08944967997074127
742,0.08915780383348465,0.08915780383348465
743,0.09083170402050018,0.09083170402050018
744,0.08838775360584258,0.08838775360584258
745,0.0896448764204979,0.0896448764204979
746,0.08908523046970368,0.08908523046970368
747,0.08938381022214889,0.08938381022214889
748,0.08923692566156387,0.08923692566156387
749,0.08963179981708527,0.08963179981708527
750,0.09009465020895004,0.09009465020895004
751,0.089123499751091,0.089123499751091
752,0.09159161740541458,0.09159161740541458
753,0.08989537692070007,0.08989537692070007
754,0.08975290817022323,0.08975290817022323
755,0.0895216658115387,0.0895216658115387
756,0.08849387848377228,0.08849387848377228
757,0.08953530830144882,0.08953530830144882
758,0.08868932616710663,0.08868932616710663
759,0.08910361653566361,0.08910361653566361
760,0.09073341023921967,0.09073341023921967
761,0.08963925331830978,0.08963925331830978
762,0.08966851735115051,0.08966851735115051
763,0.08937161713838578,0.08937161713838578
764,0.08917798268795013,0.08917798268795013
765,0.08904979383945465,0.08904979383945465
766,0.0887731478214264,0.0887731478214264
767,0.08965836888551712,0.08965836888551712
768,0.08962269276380538,0.08962269276380538
769,0.09016223698854446,0.09016223698854446
770,0.08990459418296814,0.08990459418296814
771,0.08976366239786147,0.08976366239786147
772,0.0895407240986824,0.0895407240986824
773,0.0891162604689598,0.0891162604689598
774,0.08994346165657044,0.08994346165657044
775,0.08973685175180435,0.08973685175180435
776,0.08976859855651856,0.08976859855651856
777,0.08935305225849152,0.08935305225849152
778,0.0895392889380455,0.0895392889380455
779,0.08986109179258346,0.08986109179258346
780,0.08955725508928299,0.08955725508928299
781,0.08975722813606263,0.08975722813606263
782,0.09061799675226212,0.09061799675226212
783,0.08896079963445663,0.08896079963445663
784,0.08892733162641525,0.08892733162641525
785,0.09078426986932754,0.09078426986932754
786,0.09042796224355698,0.09042796224355698
787,0.0892583720088005,0.0892583720088005
788,0.08812644636631012,0.08812644636631012
789,0.08978217899799347,0.08978217899799347
790,0.09221872770786285,0.09221872770786285
791,0.08909147185087204,0.08909147185087204
792,0.0891272639632225,0.0891272639632225
793,0.08847202897071839,0.08847202897071839
794,0.08805738681554795,0.08805738681554795
795,0.08825457906723022,0.08825457906723022
796,0.08948315328359605,0.08948315328359605
797,0.08980086988210678,0.08980086988210678
798,0.09039891135692596,0.09039891135692596
799,0.08993476241827011,0.08993476241827011
800,0.08906541734933854,0.08906541734933854
801,0.08903441202640533,0.08903441202640533
802,0.08968736028671265,0.08968736028671265
803,0.08886417543888092,0.08886417543888092
804,0.08913038116693496,0.08913038116693496
805,0.09007502359151841,0.09007502359151841
806,0.08899725997447967,0.08899725997447967
807,0.0890384150147438,0.0890384150147438
808,0.09045263999700547,0.09045263999700547
809,0.0889862956404686,0.0889862956404686
810,0.08922573846578598,0.08922573846578598
811,0.08854904103279114,0.08854904103279114
812,0.08961731296777725,0.08961731296777725
813,0.08903661262989045,0.08903661262989045
814,0.0887094693183899,0.0887094693183899
815,0.08901393926143646,0.08901393926143646
816,0.08949848002195358,0.08949848002195358
817,0.08933546203374863,0.08933546203374863
818,0.08974578821659088,0.08974578821659088
819,0.08996544122695922,0.08996544122695922
820,0.08887337923049926,0.08887337923049926
821,0.09061144244670868,0.09061144244670868
822,0.08944906038045883,0.08944906038045883
823,0.08877413779497147,0.08877413779497147
824,0.08883722323179245,0.08883722323179245
825,0.08818816763162612,0.08818816763162612
826,0.0884232674241066,0.0884232674241066
827,0.08893366676568985,0.08893366676568985
828,0.0894360504746437,0.0894360504746437
829,0.09070414298772812,0.09070414298772812
830,0.09018489289283753,0.09018489289283753
831,0.08858548629283905,0.08858548629283905
832,0.08986118912696839,0.08986118912696839
833,0.08837661212682724,0.08837661212682724
834,0.0896750516295433,0.0896750516295433
835,0.08934538745880127,0.08934538745880127
836,0.08842348235845565,0.08842348235845565
837,0.08881284725666046,0.08881284725666046
838,0.0886772997379303,0.0886772997379303
839,0.08904322600364685,0.08904322600364685
840,0.08916476804018021,0.08916476804018021
841,0.08928083169460296,0.08928083169460296
842,0.08976534688472748,0.08976534688472748
843,0.08920621275901794,0.08920621275901794
844,0.08978303354978562,0.08978303354978562
845,0.08893648827075959,0.08893648827075959
846,0.08791551786661148,0.08791551786661148
847,0.08861743885278701,0.08861743885278701
848,0.08893438792228699,0.08893438792228699
849,0.0893994140625,0.0893994140625
850,0.08896640408039093,0.08896640408039093
851,0.08948328322172165,0.08948328322172165
852,0.08933499681949615,0.08933499681949615
853,0.08901881551742553,0.08901881551742553
854,0.090604212641716,0.090604212641716
855,0.08803287708759308,0.08803287708759308
856,0.08826810306310653,0.08826810306310653
857,0.08788605320453644,0.08788605320453644
858,0.08892765939235688,0.08892765939235688
859,0.08902312475442886,0.08902312475442886
860,0.08947276705503464,0.08947276705503464
861,0.08960395562648774,0.08960395562648774
862,0.08933701461553574,0.08933701461553574
863,0.08929421073198318,0.08929421073198318
864,0.0894541198015213,0.0894541198015213
865,0.08874884366989136,0.08874884366989136
866,0.08957914286851883,0.08957914286851883
867,0.08864961010217666,0.08864961010217666
868,0.0889699342250824,0.0889699342250824
869,0.08884900486469269,0.08884900486469269
870,0.08920363062620162,0.08920363062620162
871,0.08802420592308044,0.08802420592308044
872,0.08781324583292008,0.08781324583292008
873,0.0886372526884079,0.0886372526884079
874,0.08961013478040696,0.08961013478040696
875,0.08915342479944229,0.08915342479944229
876,0.08973697608709336,0.08973697608709336
877,0.08804782855510712,0.08804782855510712
878,0.09053197354078293,0.09053197354078293
879,0.08857248258590698,0.08857248258590698
880,0.08777955174446106,0.08777955174446106
881,0.08880926448106766,0.08880926448106766
882,0.0876546967625618,0.0876546967625618
883,0.08865894377231598,0.08865894377231598
884,0.08926579093933106,0.08926579093933106
885,0.08939119398593903,0.08939119398593903
886,0.08949614590406418,0.08949614590406418
887,0.09008746469020844,0.09008746469020844
888,0.0893770700097084,0.0893770700097084
889,0.0891872148513794,0.0891872148513794
890,0.08811992758512496,0.08811992758512496
891,0.08821903222799302,0.08821903222799302
892,0.08939325755834579,0.08939325755834579
893,0.0901395378112793,0.0901395378112793
894,0.08927626889944076,0.08927626889944076
895,0.08897535544633865,0.08897535544633865
896,0.08838256776332855,0.08838256776332855
897,0.08852395802736282,0.08852395802736282
898,0.08848494881391525,0.08848494881391525
899,0.08924842196702958,0.08924842196702958
900,0.08852077203989028,0.08852077203989028
901,0.08883968394994736,0.08883968394994736
902,0.08916043376922607,0.08916043376922607
903,0.08848929566144943,0.08848929566144943
904,0.08884961462020874,0.08884961462020874
905,0.08771809118986129,0.08771809118986129
906,0.08874005645513534,0.08874005645513534
907,0.08907331705093384,0.08907331705093384
908,0.08999271494150161,0.08999271494150161
909,0.08881981092691421,0.08881981092691421
910,0.08781282728910446,0.08781282728910446
911,0.0884581549167633,0.0884581549167633
912,0.08880394351482392,0.08880394351482392
913,0.08851833117008209,0.08851833117008209
914,0.08848442846536636,0.08848442846536636
915,0.08890937054157257,0.08890937054157257
916,0.08853108894824982,0.08853108894824982
917,0.08900371736288071,0.08900371736288071
918,0.08912434703111649,0.08912434703111649
919,0.08896520787477494,0.08896520787477494
920,0.08954216492176056,0.08954216492176056
921,0.08906708592176438,0.08906708592176438
922,0.08807055532932281,0.08807055532932281
923,0.08797535866498947,0.08797535866498947
924,0.08779082268476486,0.08779082268476486
925,0.08912937635183335,0.08912937635183335
926,0.08910746473073959,0.08910746473073959
927,0.08773730289936066,0.08773730289936066
928,0.08767385172843933,0.08767385172843933
929,0.09127465158700943,0.09127465158700943
930,0.08972641414403916,0.08972641414403916
931,0.08742227351665496,0.08742227351665496
932,0.08818697685003281,0.08818697685003281
933,0.08767795950174331,0.08767795950174331
934,0.08916033875942231,0.08916033875942231
935,0.08844625270366668,0.08844625270366668
936,0.08891301327943801,0.08891301327943801
937,0.08903595662117005,0.08903595662117005
938,0.087779505610466,0.087779505610466
939,0.08849936830997467,0.08849936830997467
940,0.08915975332260132,0.08915975332260132
941,0.09025701069831848,0.09025701069831848
942,0.08877660569548607,0.08877660569548607
943,0.08841695022583008,0.08841695022583008
944,0.08867229241132736,0.08867229241132736
945,0.08907294780015945,0.08907294780015945
946,0.0886504635810852,0.0886504635810852
947,0.08847224169969559,0.08847224169969559
948,0.0885036364197731,0.0885036364197731
949,0.08833184671401978,0.08833184671401978
950,0.08993103450536728,0.08993103450536728
951,0.08828697538375854,0.08828697538375854
952,0.0876572597026825,0.0876572597026825
953,0.08760392868518829,0.08760392868518829
954,0.09028635323047637,0.09028635323047637
955,0.08879493278265,0.08879493278265
956,0.08802287340164185,0.08802287340164185
957,0.08947952085733414,0.08947952085733414
958,0.0882379311323166,0.0882379311323166
959,0.08930150026082992,0.08930150026082992
960,0.0882315822839737,0.0882315822839737
961,0.0880804688334465,0.0880804688334465
962,0.08795720219612121,0.08795720219612121
963,0.08897813427448273,0.08897813427448273
964,0.08859484297037125,0.08859484297037125
965,0.0899165591597557,0.0899165591597557
966,0.08878326898813248,0.08878326898813248
967,0.08790602302551269,0.08790602302551269
968,0.08835033971071243,0.08835033971071243
969,0.0880980305671692,0.0880980305671692
970,0.08732195520401001,0.08732195520401001
971,0.09012042981386184,0.09012042981386184
972,0.0888605399131775,0.0888605399131775
973,0.08942014765739441,0.08942014765739441
974,0.08820073854923248,0.08820073854923248
975,0.08800083434581757,0.08800083434581757
976,0.08809792929887772,0.08809792929887772
977,0.08933008408546447,0.08933008408546447
978,0.08813906019926071,0.08813906019926071
979,0.08809481221437454,0.08809481221437454
980,0.08776530820131302,0.08776530820131302
981,0.08847756576538086,0.08847756576538086
982,0.0883210831284523,0.0883210831284523
983,0.08927040010690689,0.08927040010690689
984,0.08986417263746262,0.08986417263746262
985,0.08811250984668732,0.08811250984668732
986,0.08749271202087402,0.08749271202087402
987,0.08831862074136734,0.08831862074136734
988,0.09032596832513809,0.09032596832513809
989,0.08709645485877991,0.08709645485877991
990,0.0887621455192566,0.0887621455192566
991,0.0883818815946579,0.0883818815946579
992,0.08761263936758042,0.08761263936758042
993,0.08979712307453155,0.08979712307453155
994,0.08890464007854462,0.08890464007854462
995,0.08843315929174424,0.08843315929174424
996,0.0876435529589653,0.0876435529589653
997,0.08853407657146453,0.08853407657146453
998,0.08784593337774277,0.08784593337774277
999,0.0881372110247612,0.0881372110247612
1000,0.09006583404541016,0.09006583404541016
1001,0.08821748143434524,0.08821748143434524
1002,0.08804415422677994,0.08804415422677994
1003,0.08788197815418243,0.08788197815418243
1004,0.0879564717411995,0.0879564717411995
1005,0.08861669743061065,0.08861669743061065
1006,0.08845070642232895,0.08845070642232895
1007,0.08940256363153458,0.08940256363153458
1008,0.08811205267906189,0.08811205267906189
1009,0.08749558609724045,0.08749558609724045
1010,0.08824906170368195,0.08824906170368195
1011,0.08875645059347152,0.08875645059347152
1012,0.08812455785274506,0.08812455785274506
1013,0.08913467389345169,0.08913467389345169
1014,0.08810182017087936,0.08810182017087936
1015,0.08788832759857178,0.08788832759857178
1016,0.08870481079816818,0.08870481079816818
1017,0.08894714206457138,0.08894714206457138
1018,0.08850130277872086,0.08850130277872086
1019,0.0894193314909935,0.0894193314909935
1020,0.08805529946088791,0.08805529946088791
1021,0.08823003053665161,0.08823003053665161
1022,0.08760868430137635,0.08760868430137635
1023,0.08718835252523423,0.08718835252523423
1024,0.08825292944908142,0.08825292944908142
1025,0.08821170282363891,0.08821170282363891
1026,0.08786560970544816,0.08786560970544816
1027,0.08883410143852234,0.08883410143852234
1028,0.08893064725399018,0.08893064725399018
1029,0.08821622788906097,0.08821622788906097
1030,0.08847721254825593,0.08847721254825593
1031,0.08819721519947052,0.08819721519947052
1032,0.08842162072658538,0.08842162072658538
1033,0.08823359048366547,0.08823359048366547
1034,0.08852216476202011,0.08852216476202011
1035,0.0883240824341774,0.0883240824341774
1036,0.08764355915784836,0.08764355915784836
1037,0.08835314792394638,0.08835314792394638
1038,0.08855706202983857,0.08855706202983857
1039,0.08998264801502227,0.08998264801502227
1040,0.08897508174180985,0.08897508174180985
1041,0.08792134058475494,0.08792134058475494
1042,0.08880108803510665,0.08880108803510665
1043,0.08769049692153931,0.08769049692153931
1044,0.08789880031347275,0.08789880031347275
1045,0.08941430371999741,0.08941430371999741
1046,0.08808777385950088,0.08808777385950088
1047,0.08776430523395538,0.08776430523395538
1048,0.08709158265590668,0.08709158265590668
1049,0.08785357838869094,0.08785357838869094
1050,0.08709882026910781,0.08709882026910781
1051,0.08805467128753662,0.08805467128753662
1052,0.08767052137851715,0.08767052137851715
1053,0.08841936081647873,0.08841936081647873
1054,0.08915545558929443,0.08915545558929443
1055,0.08792977643013,0.08792977643013
1056,0.08785999923944474,0.08785999923944474
1057,0.08878178143501282,0.08878178143501282
1058,0.08863231629133224,0.08863231629133224
1059,0.0882804925441742,0.0882804925441742
1060,0.08813006168603897,0.08813006168603897
1061,0.08753882610797882,0.08753882610797882
1062,0.08744675070047378,0.08744675070047378
1063,0.08738288444280624,0.08738288444280624
1064,0.08785278713703155,0.08785278713703155
1065,0.08789778578281403,0.08789778578281403
1066,0.08912656116485596,0.08912656116485596
1067,0.08799016284942628,0.08799016284942628
1068,0.08804845696687698,0.08804845696687698
1069,0.08917602968215943,0.08917602968215943
1070,0.08806655359268188,0.08806655359268188
1071,0.08852019292116166,0.08852019292116166
1072,0.08791080003976821,0.08791080003976821
1073,0.08801902687549591,0.08801902687549591
1074,0.08800381076335907,0.08800381076335907
1075,0.0876434108018875,0.0876434108018875
1076,0.0896219418644905,0.0896219418644905
1077,0.09004968565702438,0.09004968565702438
1078,0.08753446692228317,0.08753446692228317
1079,0.08767528945207596,0.08767528945207596
1080,0.08797799468040467,0.08797799468040467
1081,0.08821556168794632,0.08821556168794632
1082,0.08879870688915252,0.08879870688915252
1083,0.08812810695171357,0.08812810695171357
1084,0.0878010134100914,0.0878010134100914
1085,0.08848283100128174,0.08848283100128174
1086,0.0882797778248787,0.0882797778248787
1087,0.08883267939090729,0.08883267939090729
1088,0.08768541997671127,0.08768541997671127
1089,0.0875429077744484,0.0875429077744484
1090,0.08845821189880371,0.08845821189880371
1091,0.08841181868314743,0.08841181868314743
1092,0.0875129840373993,0.0875129840373993
1093,0.08752760916948318,0.08752760916948318
1094,0.08829753398895264,0.08829753398895264
1095,0.08799621623754501,0.08799621623754501
1096,0.0882840959429741,0.0882840959429741
1097,0.08792950749397278,0.08792950749397278
1098,0.08958730745315552,0.08958730745315552
1099,0.08764354556798935,0.08764354556798935
1100,0.08843222153186799,0.08843222153186799
1101,0.08759984850883484,0.08759984850883484
1102,0.08767940366268158,0.08767940366268158
1103,0.08749629485607147,0.08749629485607147
1104,0.0876011712551117,0.0876011712551117
1105,0.08708537876605987,0.08708537876605987
1106,0.08807509183883667,0.08807509183883667
1107,0.08901802462339402,0.08901802462339402
1108,0.08736744010448456,0.08736744010448456
1109,0.08746891659498214,0.08746891659498214
1110,0.08842779630422593,0.08842779630422593
1111,0.08873907268047333,0.08873907268047333
1112,0.08901890838146209,0.08901890838146209
1113,0.08821623462438584,0.08821623462438584
1114,0.08815249621868133,0.08815249621868133
1115,0.08781752502918243,0.08781752502918243
1116,0.0878016603589058,0.0878016603589058
1117,0.08892255759239197,0.08892255759239197
1118,0.08836546522378921,0.08836546522378921
1119,0.08747794783115387,0.08747794783115387
1120,0.08731351065635681,0.08731351065635681
1121,0.08775774669647217,0.08775774669647217
1122,0.08788144427537918,0.08788144427537918
1123,0.08821754008531571,0.08821754008531571
1124,0.08898829191923141,0.08898829191923141
1125,0.0876994246840477,0.0876994246840477
1126,0.08798845636844635,0.08798845636844635
1127,0.08791079610586167,0.08791079610586167
1128,0.08716500264406205,0.08716500264406205
1129,0.08815276664495468,0.08815276664495468
1130,0.0880649213194847,0.0880649213194847
1131,0.08815082597732544,0.08815082597732544
1132,0.08873341262340545,0.08873341262340545
1133,0.08830450981855392,0.08830450981855392
1134,0.09046249204874039,0.09046249204874039
1135,0.08724345201253891,0.08724345201253891
1136,0.08703111511468888,0.08703111511468888
1137,0.08744844877719879,0.08744844877719879
1138,0.0880478618144989,0.0880478618144989
1139,0.08774372625350953,0.08774372625350953
1140,0.08720962238311768,0.08720962238311768
1141,0.087722158908844,0.087722158908844
1142,0.08805183327198028,0.08805183327198028
1143,0.0889416019320488,0.0889416019320488
1144,0.08833384060859681,0.08833384060859681
1145,0.08755887281894684,0.08755887281894684
1146,0.08793224650621415,0.08793224650621415
1147,0.0877529238462448,0.0877529238462448
1148,0.08757052552700043,0.08757052552700043
1149,0.08859788823127747,0.08859788823127747
1150,0.08718948793411255,0.08718948793411255
1151,0.08760673832893372,0.08760673832893372
1152,0.08829403686523438,0.08829403686523438
1153,0.08799694800376892,0.08799694800376892
1154,0.08744797211885452,0.08744797211885452
1155,0.08737981003522872,0.08737981003522872
1156,0.08772535681724548,0.08772535681724548
1157,0.08729239875078201,0.08729239875078201
1158,0.08866816228628159,0.08866816228628159
1159,0.08717800319194793,0.08717800319194793
1160,0.08756055372953415,0.08756055372953415
1161,0.08985256415605546,0.08985256415605546
1162,0.08722493422031402,0.08722493422031402
1163,0.08663528257608413,0.08663528257608413
1164,0.08734948480129243,0.08734948480129243
1165,0.0876907611489296,0.0876907611489296
1166,0.08751375848054886,0.08751375848054886
1167,0.08760146784782409,0.08760146784782409
1168,0.08841115510463715,0.08841115510463715
1169,0.08716360628604888,0.08716360628604888
1170,0.08802749675512314,0.08802749675512314
1171,0.08809364098310471,0.08809364098310471
1172,0.08777589553594589,0.08777589553594589
1173,0.08730065256357193,0.08730065256357193
1174,0.08737612944841384,0.08737612944841384
1175,0.0869383779168129,0.0869383779168129
1176,0.08827053940296173,0.08827053940296173
1177,0.08799334847927094,0.08799334847927094
1178,0.08893050229549408,0.08893050229549408
1179,0.08766607451438904,0.08766607451438904
1180,0.08728557413816453,0.08728557413816453
1181,0.08754952728748322,0.08754952728748322
1182,0.0881919339299202,0.0881919339299202
1183,0.08745214599370957,0.08745214599370957
1184,0.08745305329561233,0.08745305329561233
1185,0.08828463381528855,0.08828463381528855
1186,0.0878168244957924,0.0878168244957924
1187,0.08858769357204438,0.08858769357204438
1188,0.08726097726821899,0.08726097726821899
1189,0.08699967914819717,0.08699967914819717
1190,0.08722469705343247,0.08722469705343247
1191,0.08733087980747223,0.08733087980747223
1192,0.08764290004968643,0.08764290004968643
1193,0.08835509085655212,0.08835509085655212
1194,0.08828621989488601,0.08828621989488601
1195,0.08728934174776078,0.08728934174776078
1196,0.08735239970684051,0.08735239970684051
1197,0.08737281388044357,0.08737281388044357
1198,0.08677454388141632,0.08677454388141632
1199,0.08869037419557571,0.08869037419557571
