,total_loss,spectral_loss,vq_loss
0,43.84943962097168,43.50244159083213,0.34699818876481825
1,26.003010226834206,25.646249586536037,0.35676064895045373
2,24.173886268369614,23.687407278245495,0.48647919874037465
3,23.60806538981776,23.049316467777377,0.5587487739901389
4,23.49135374253796,22.90781501031691,0.5835387841347726
5,22.90444047989384,22.36438246696226,0.540058099454449
6,22.813831206290953,22.21869751714891,0.5951336564556244
7,22.16511111105642,21.642507860737464,0.522603178216565
8,22.251491362048732,21.89110811295048,0.36038326832555956
9,21.996106117002427,21.443213678175404,0.552892311926811
10,21.5954224371141,20.95893084618353,0.6364915044076981
11,21.54883513912078,20.88799335110572,0.6608417687877532
12,20.70490068004977,20.015492285451582,0.6894084368982623
13,20.481765562488185,19.76341979734359,0.7183456863126447
14,19.522362493699596,18.778887041153446,0.7434754717734552
15,18.824933575045677,18.05990462149343,0.7650288862566794
16,16.4125305298836,15.63791976436492,0.7746107789777941
17,13.970721121757261,13.176333827357139,0.7943871732681028
18,12.969468485924505,12.173220326823573,0.7962482129373858
19,12.36671555426813,11.555589399030131,0.8111262340699473
20,11.60087077848373,10.771130930992864,0.8297398917136654
21,10.95835821090206,10.116458923585954,0.8418992988524898
22,10.428075605823148,9.57458916018086,0.8534864283377125
23,10.30678601418772,9.449028353537283,0.8577576606504379
24,10.539257726361674,9.673541038267073,0.8657166842491396
25,10.693826460069225,9.819788163708102,0.874038330970272
26,11.013110007009198,10.144902752291772,0.8682072489492355
27,10.936619943188083,10.059921941449565,0.8766979094474546
28,10.94929688976657,10.063072266117219,0.8862245717356282
29,10.931982317278463,10.043554029157084,0.8884282573576896
30,11.481865606000346,10.589169932949927,0.8926956749731495
31,12.206340912849672,11.301899479281518,0.9044414720227641
32,12.451256413613596,11.54554868513538,0.905707722710025
33,12.524631684826266,11.621054464770902,0.9035772315917476
34,12.639501294782084,11.719718071722216,0.9197831423051895
35,12.866791417521815,11.927731483213362,0.9390599573812177
36,12.347709532706968,11.410836650479224,0.9368729168368924
37,12.25468958577802,11.316456425574518,0.9382332217308783
38,12.024015303580992,11.091547227674916,0.9324680239923538
39,12.428601418772052,11.479739373730075,0.9488620911875079
40,12.612597004059822,11.658450834212765,0.9541461506197529
41,12.201671877214986,11.25538263013286,0.9462892547730477
42,12.486568820091986,11.522578454786732,0.9639903480006803
43,12.176068705897178,11.215040360727619,0.9610282932558367
44,12.361311451081306,11.391442452707599,0.9698689849145951
45,12.465899282886136,11.503117992031958,0.96278126201322
46,12.782735886112336,11.800744487393287,0.9819914371736588
47,12.803196937807146,11.823713271848616,0.9794837832450867
48,12.770809911912487,11.779644104742236,0.9911658071702526
49,12.549289303441201,11.549996775965537,0.9992925255529342
50,12.722268381426412,11.71455607875701,1.0077123488149335
51,12.497581051241967,11.490869368276288,1.0067117021929832
52,12.476697306479178,11.469456426558956,1.0072408645383772
53,12.582707312799268,11.568269545032132,1.0144378312172428
54,12.614205514231037,11.604437089735463,1.009768505250254
55,12.593725296758837,11.594593817187894,0.9991315026437083
56,12.49020807204708,11.487314224243164,1.002893832422072
57,12.489459683818202,11.490056191721271,0.9994035805425336
58,12.399010565973096,11.416041866425545,0.9829686880111694
59,12.527788931323636,11.53642359087544,0.9913652962253939
60,12.575630249515656,11.564980414605909,1.0106498464461295
61,12.572158536603373,11.546613139490928,1.0255454297988646
62,12.648971834490377,11.626108661774666,1.0228631631020577
63,12.707264407988518,11.678897088573825,1.028367317491962
64,12.895842367602933,11.892519766284574,1.0033225455591757
65,12.977795477836363,11.991789756282683,0.9860056830990699
66,15.27761496267011,14.27017621071108,1.0074387558044926
67,12.152672921457599,11.121207575644217,1.0314653419679212
68,12.530386247942525,11.535088169959284,0.9952981068241981
69,12.022784202329573,10.991545554130308,1.0312385597536642
70,11.824201214698054,10.787621067416284,1.0365802395728327
71,11.802420462331463,10.770472711132419,1.0319477435081237
72,12.762945267461962,11.719541334336803,1.0434038831341652
73,12.541277823909637,11.502846748598161,1.0384310753114763
74,12.481003361363564,11.44383353571738,1.0371697987279584
75,12.712927110733524,11.669455712841403,1.043471424810348
76,12.617419704314202,11.616725583230295,1.0006940922429484
77,11.858366104864306,10.88386292611399,0.9745031172229398
78,12.851356106419717,11.831283107880623,1.0200730254573207
79,12.774134512870543,11.763803851219915,1.0103307116416194
80,12.773636233422064,11.74615038594892,1.027485841704953
81,12.731301738369849,11.702382426108084,1.0289193699436803
82,12.658720847099058,11.622889026518791,1.0358317244437434
83,12.635627654290968,11.594502449035645,1.0411252014098629
84,12.60048004888719,11.564428514049899,1.0360515252236397
85,12.253426674873598,11.240166971760411,1.0132597511814487
86,12.350034406108241,11.3391143122027,1.0109200727555059
87,12.787755566258584,11.754698691829558,1.0330568398198774
88,12.888175256790653,11.862703969401698,1.0254712873889553
89,13.234315410737068,12.215070109213553,1.0192453745872743
90,13.350302726991716,12.30902539530108,1.0412774316726192
91,13.486454440701392,12.45582063736454,1.03063371873671
92,13.527249889989053,12.511306178185247,1.0159436906537702
93,13.434259014744912,12.393100584706952,1.0411584011970028
94,13.532214872298702,12.499776532573085,1.032438341648348
95,13.429948991344821,12.374020299603862,1.055928760959256
96,13.050909073122087,12.004132486158802,1.0467765946542062
97,12.600923322862194,11.577576698795442,1.0233465471575338
98,12.185481163763232,11.185857065262333,0.9996241869464997
99,12.528159479941092,11.487946510314941,1.0402129292488098
100,12.99474722339261,11.934576157600649,1.0601711004011092
101,12.850312632899131,11.811345100402832,1.0389675401872205
102,12.767972423184302,11.738918273679671,1.0290541495046308
103,12.741759577105123,11.694998618095152,1.04676099746458
104,12.679710326656219,11.617130248777327,1.0625800701879686
105,12.614926030558925,11.549375380239178,1.0655505907151006
106,12.54463718783471,11.471898263500583,1.0727389820160405
107,12.537355453737321,11.457476985070013,1.0798785109673776
108,12.322060708076723,11.246508659855012,1.0755520174580235
109,12.471520669998661,11.385238770515688,1.0862818994829733
110,12.59548153415803,11.50351373610958,1.091967805739372
111,12.357260580985777,11.26672092560799,1.090539651532327
112,11.281627378156108,10.215213960216891,1.0664134410119825
113,11.254148667858493,10.196087129654423,1.0580615689677577
114,11.701123053027738,10.63785159203314,1.0632714533036756
115,11.703407872107721,10.624482647065193,1.0789251788969962
116,11.67150217486966,10.59513670398343,1.076365501649918
117,11.89882496864565,10.820043010096397,1.0787819739310973
118,12.235338272586946,11.151688083525627,1.0836502736614597
119,12.376241376323085,11.296592712402344,1.0796486485388972
120,12.353563339479509,11.276745550094113,1.0768177432398642
121,12.892267750155542,11.79938014861076,1.092887605390241
122,12.597567958216514,11.512632739159368,1.0849352267480665
123,12.483875551531392,11.410392392066218,1.0734831863834011
124,12.438446014158187,11.351338140426144,1.0871078814229658
125,12.35530650231146,11.286164499098255,1.0691419801404398
126,11.857516750212639,10.793516159057617,1.0640005873095604
127,11.372881243305821,10.306411250945061,1.0664698808423934
128,11.61051417935279,10.532812826095089,1.0777013647940852
129,11.73860546850389,10.656293869018555,1.0823115264215777
130,11.962879673127205,10.871042220823226,1.0918374138493692
131,12.392997618644468,11.311587272151824,1.0814103811017928
132,12.074685404377599,11.008557688805364,1.0661277617177656
133,11.34817781756001,10.272237100908834,1.0759406781965686
134,11.70381219925419,10.619787431532338,1.0840248061764626
135,12.363279158069242,11.269108956859958,1.0941702242820495
136,12.151763977543,11.058959776355374,1.092804270405923
137,12.262632339231429,11.16826912664598,1.0943631933581444
138,11.93744634812878,10.843249320983887,1.0941969386992916
139,11.847870272974815,10.751300996349704,1.0965691958704302
140,11.442028814746488,10.337679093883883,1.1043497208626039
141,11.483757049806657,10.381763612070392,1.1019934992636404
142,11.368700950376448,10.266902123728107,1.1017988497211086
143,11.302964302801318,10.200634556431924,1.1023298309695335
144,11.433170287839827,10.331415484028478,1.1017547961204284
145,11.528033625695013,10.420328171022478,1.1077054123724661
146,11.35793504407329,10.257248601605815,1.100686461694779
147,11.128628084736485,10.028703320410944,1.099924748943698
148,11.106685023153982,9.99626741101665,1.110417696737474
149,10.77416032360446,9.664676789314516,1.1094835419808664
150,10.819370608175955,9.710221505934193,1.109149113778145
151,10.565574799814533,9.456135872871645,1.109438919251965
152,10.884948269013435,9.776757578695975,1.1081906326355473
153,10.529190924859815,9.422083593183949,1.1071073432122507
154,10.72667472593246,9.62345766252087,1.1032171441662697
155,10.83667004492975,9.728435793230611,1.10823425169914
156,10.318493658496488,9.213481318566107,1.1050123245485368
157,10.580427692782495,9.47763043065225,1.1027972505938621
158,10.332975664446431,9.22322928520941,1.1097463869279431
159,10.709968905295096,9.600166505382907,1.1098024652850242
160,10.737044334411621,9.62236395189839,1.1146804094314575
161,10.897435311348207,9.782226193335749,1.1152090872487714
162,10.572510319371377,9.456284061554939,1.1162262578164377
163,10.918872556378764,9.805751492900233,1.1131210596330705
164,11.038266366527926,9.920898006808374,1.1173682712739514
165,10.973104815329275,9.851850202006679,1.1212546133225965
166,10.895066261291504,9.770465266320013,1.124600964207803
167,10.763238814569288,9.644101512047552,1.1191373063671974
168,10.605894611727807,9.481768223547167,1.12412634588057
169,10.782788768891365,9.668225872901179,1.1145628613810385
170,10.795837033179499,9.679809754894626,1.1160272859757947
171,10.77931139546056,9.658076963117045,1.1212344669526624
172,11.634895724634971,10.504490021736391,1.130405637525743
173,11.5552155586981,10.425782357492755,1.1294332588872602
174,11.383529755377001,10.251738886679373,1.1317908725430887
175,11.276106403719995,10.146559592216246,1.129546803812827
176,11.419359176389632,10.28539429941485,1.1339647731473368
177,11.070482930829447,9.938693692607265,1.1317892612949494
178,11.384292048792686,10.24819383313579,1.1360982156568957
179,10.900987163666755,9.780442607018255,1.1205445643394225
180,10.830978578136813,9.71346559832173,1.1175129298240907
181,11.557415992982927,10.42909400693832,1.1283219975809897
182,11.112218979866274,9.981837026534542,1.13038202639549
183,10.687341074789725,9.564917472101026,1.1224235873068533
184,10.98677973593435,9.870221261055239,1.1165584979518768
185,11.083478189283802,9.967524928431358,1.1159531993250693
186,10.546526047491259,9.428287383048765,1.1182386913607198
187,10.602377276266775,9.481168408547678,1.1212088907918623
188,11.237468842537172,10.109692758129489,1.1277761420895975
189,11.564183604332708,10.432542093338505,1.1316414686941332
190,11.418089097545993,10.280360037280667,1.137729110256318
191,11.593741416931152,10.472345598282352,1.1213958109578779
192,11.722475451807822,10.589130278556578,1.1333451924785491
193,12.474022834531722,11.35875145081551,1.115271383716214
194,13.68134557047198,12.55946780789283,1.1218776933608516
195,13.56638499229185,12.44786988535235,1.1185150992485784
196,12.216455367303663,11.113132538334016,1.1033228789606402
197,11.534751522925593,10.416135264981177,1.1186163040899462
198,11.406550099772792,10.285663666263703,1.1208863412180254
199,11.097457639632687,9.984337991283786,1.1131196675762054
200,11.077352739149525,9.982218496261105,1.0951342698066466