,total_loss,vq_loss,feature_loss
0,16.934386499466434,9.28643020506828,7.647956309779998
1,12.722539778678648,9.132227174697384,3.5903125770630373
2,12.027671644764562,9.079806904638968,2.9478647324346725
3,11.737163082245857,8.976244357324415,2.760918694157754
4,11.515611310159006,8.842364272763652,2.6732470181680497
5,11.301011362383443,8.782055131850704,2.518956261296426
6,11.120389830681585,8.76956307503485,2.3508267441103534
7,10.976222822743077,8.725891190190469,2.250331611402573
8,10.756908908967048,8.608688462165095,2.14822046795199
9,10.645558541820895,8.583296714290496,2.0622618044576337
10,10.442648272360525,8.463398048954625,1.9792502003331338
11,10.423274224804294,8.475822810203798,1.947451368454964
12,10.33167903654037,8.42645828185543,1.9052208008304719
13,10.176896479821973,8.350443517008136,1.8264530224184836
14,9.953368402296498,8.201646012644614,1.7517224204155706
15,9.864528640624016,8.160584172894877,1.703944444656372
16,9.756137832518547,8.10068441206409,1.655453387768038
17,9.677736220821258,8.054080909298312,1.6236553442093633
18,9.608736945736792,7.989622615998791,1.6191143105106969
19,9.560181940755536,7.957483937663417,1.602697951178397
20,9.481176345579085,7.905655491736628,1.5755208653788413
21,9.386609277417582,7.807572726280458,1.5790365607507768
22,9.389342369571809,7.791333975330476,1.5980083461730712
23,9.28826948904222,7.689735620252548,1.598533853407829
24,9.18612644749303,7.594932025478732,1.591194433550681
25,9.201313518708751,7.596487806689355,1.604825702405745
26,9.154710723507788,7.532487315516318,1.622223384918705
27,9.120803148515764,7.496300989581693,1.6245021089430778
28,9.050584716181602,7.413552407295473,1.637032264663327
29,8.989988142444242,7.37240150667006,1.617586649233295
30,8.960991205707673,7.366701049189413,1.5942901699773726
31,8.904174435523249,7.316820544581259,1.5873539044011025
32,8.810796083942536,7.243668002467001,1.5671280526345777
33,8.800573364380867,7.235279636998331,1.565293785064451
34,8.674604923494401,7.15145960930855,1.5231452718857796
35,8.577999114990234,7.0891737091925835,1.488825423102225
36,8.532038811714418,7.066867920660203,1.4651709198951721
37,8.48929637478244,7.032966167696061,1.456330184013613
38,8.423137503285561,6.96572599872466,1.4574115007154402
39,8.358185614309003,6.897902004180416,1.4602836447377359
40,8.347122376964938,6.881059800424883,1.4660625303945234
41,8.304795011397331,6.843709184277442,1.4610858021243927
42,8.279812697441347,6.82440911569903,1.455403616351466
43,8.271719540319134,6.815938888057586,1.455780679179776
44,8.136270553834978,6.716308632204609,1.4199619120167148
45,8.119574316086307,6.700597217006068,1.4189770817756653
46,8.111503116546139,6.685497891518377,1.4260052384868744
47,8.026052474975586,6.611388483355122,1.414663957011315
48,8.01761818701221,6.613866221520208,1.4037519943329595
49,7.924957336918,6.542810839991415,1.3821464892356627
50,7.911732465990128,6.518047432745656,1.3936850409353934
51,7.866743380023587,6.478823215730729,1.3879201489110147
52,7.851010599443989,6.472720361525012,1.3782902513780901
53,7.800698641807802,6.428936650676112,1.3717619757498465
54,7.66844041116776,6.3363993014058755,1.332041065539083
55,7.628272425743841,6.324896220237978,1.3033762093513244
56,7.611751687142156,6.311109450555617,1.3006422519683838
57,7.580706611756356,6.312518804304061,1.2681877863022588
58,7.5083083183534685,6.258829186039586,1.2494791611548393
59,7.4751040550970265,6.233723671205582,1.2413804050414794
60,7.458033107942151,6.207912598886797,1.250120524437197
61,7.4090166091918945,6.172556577190276,1.236460050267558
62,7.3650007247924805,6.141333333907589,1.2236673947303527
63,7.3474598546181955,6.110968305218604,1.236491540747304
64,7.290089030419627,6.075793858497374,1.2142952103768625
65,7.248018564716462,6.031987228701191,1.2160313360152706
66,7.195999683872346,5.982365331342144,1.2136343727188725
67,7.162582051369451,5.9653646176861175,1.1972174606015604
68,7.218559980392456,5.987841990686232,1.2307180031653373
69,7.138693555708854,5.9408881818094565,1.197805385435781
70,7.065940433932889,5.885422122093939,1.180518292611645
71,7.063320206057641,5.8741461307771745,1.189174060859988
72,6.995106727846207,5.823013905555971,1.1720928194061402
73,6.947717489734773,5.792765417406636,1.1549520877099806
74,6.915081654825518,5.763949986427061,1.151131655900709
75,6.916374752598424,5.773987431680003,1.1423873084206735
76,6.856166016670965,5.716967582702637,1.1391984253160414
77,6.841998746318202,5.710112810134888,1.1318859265696617
78,6.788502385539394,5.665744312347904,1.1227580703073932
79,6.777230516556771,5.658481451772874,1.118749063822531
80,6.753306865692139,5.637656534871748,1.1156503231294694
81,6.650555664493192,5.565366537340226,1.0851891348438878
82,6.667283942622523,5.583951304035802,1.0833326270503383
83,6.596228676457559,5.519351913082984,1.0768767306881566
84,6.572339773178101,5.495208970962032,1.0771307868342246
85,6.518631427518783,5.4692414422189035,1.0493900102953757
86,6.543441787842782,5.48325103329074,1.0601907430156585
87,6.466698431199597,5.430067946833949,1.036630472829265
88,6.3880359818858485,5.3775458335876465,1.0104901425300106
89,6.375542325358237,5.367514917927403,1.0080274189672163
90,6.371008849913074,5.36772104232542,1.0032877787466972
91,6.296611855106969,5.310814380645752,0.9857974734998518
92,6.265212789658578,5.293836801282821,0.9713759845302951
93,6.230453122046686,5.2577520878084245,0.9727010217405134
94,6.206423551805558,5.240717564859698,0.965705979254938
95,6.161411439218829,5.207643070528584,0.9537683350424613
96,6.168415492580783,5.206456169005363,0.9619593389572636
97,6.110798658863191,5.166025730871385,0.9447729029963093
98,6.070419819124283,5.125332278590048,0.94508750111826
99,6.046967491026847,5.115625581433696,0.9313419086317862
100,5.965003528902607,5.04799190644295,0.9170116051550834
101,5.9523488783067275,5.0371149432274605,0.915233931233806
102,5.942045450210571,5.031203708341045,0.9108417255263175
103,5.932756923860119,5.026718785685878,0.9060381516333549
104,5.9045815852380565,4.998152902049403,0.9064286774204623
105,5.880153994406423,4.980054863037601,0.9000991092574212
106,5.82449366969447,4.943885449440248,0.8806082125632994
107,5.785441383238761,4.905005516544465,0.8804358878443318
108,5.769847016180715,4.8926679165132585,0.8771791217788574
109,5.748311673441241,4.8795525104768815,0.868759157196168
110,5.677555030392062,4.829772595436342,0.8477824166897805
111,5.670415093821864,4.817497968673706,0.8529171020753922
112,5.636272838038783,4.790499694885746,0.8457731373848454
113,5.622745698498141,4.775174487021662,0.8475712441628979
114,5.577418696495794,4.739453984845069,0.8379647241484734
115,5.605103969573975,4.7674557393597015,0.837648251364308
116,5.526002860838367,4.708592214891987,0.8174106459463796
117,5.524686605699601,4.698836899572803,0.8258497090108933
118,5.464928973105646,4.650935603726294,0.8139933741861775
119,5.449648603316276,4.642359602835871,0.8072890024031362
120,5.4517595306519535,4.644039957754074,0.8077195479023841
121,5.408344884072581,4.6040799810040385,0.8042649165276559
122,5.40129300086729,4.601802110671997,0.7994909142294238
123,5.340210260883454,4.551159124220571,0.7890511424310745
124,5.311926180316556,4.522601096860824,0.7893251084512279
125,5.278747389393468,4.499141800788141,0.7796055703393875
126,5.26531450210079,4.491761196044184,0.773553325283912
127,5.248974330963627,4.479939729936661,0.7690345664178172
128,5.251870501425959,4.487153991576164,0.7647165156179859
129,5.167056791244015,4.411271675940482,0.7557851326081061
130,5.192671945018153,4.437382559622487,0.755289392125222
131,5.186265607034007,4.430051415197311,0.7562141956821564
132,5.111503739510813,4.373535548487017,0.7379681871783349
133,5.116563889288133,4.379054104128191,0.737509794773594
134,5.058679157687772,4.328807134782115,0.7298720584761712
135,5.035596755243117,4.306916821387507,0.7286799348169758
136,5.045534603057369,4.324947372559579,0.7205872583773828
137,4.96879486114748,4.264758156191919,0.7040367136078496
138,4.989490647469798,4.280883093034068,0.7086075515516342
139,4.931899632177045,4.239141675733751,0.6927579699024078
140,4.911374738139491,4.229346298402356,0.6820284195484654
141,4.893203854560852,4.20714363744182,0.6860602113508409
142,4.887233580312421,4.206396099059813,0.6808374850980697
143,4.826618048452562,4.158545271042855,0.6680727783710726
144,4.810468173796131,4.152005699373061,0.6584624869208182
145,4.805994137640922,4.148483899331862,0.6575102046612771
146,4.751116329623807,4.106296627752243,0.6448196787987986
147,4.705752111250354,4.070656026563337,0.6350960866097481
148,4.73003065201544,4.096161984628247,0.6338686943054199
149,4.695137485381095,4.062401183189884,0.6327362839252718
150,4.660170474360066,4.034763501536462,0.625406963209952
151,4.627254955230221,4.006317923145909,0.6209370138183716
152,4.601636909669446,3.9879496289837744,0.6136872662651923
153,4.610389640254359,4.005271519384077,0.605118150672605
154,4.565175902458929,3.9670429422009374,0.5981329655455004
155,4.565312404786387,3.968986103611608,0.5963263131918446
156,4.491671800613403,3.9053237438201904,0.5863480644841348
157,4.48614699609818,3.911188975457222,0.5749580341000711
158,4.446033743120009,3.8805293767682967,0.5655043793301429
159,4.457941862844652,3.8868904421406407,0.5710513870562276
160,4.4160359367247555,3.8516468117314,0.5643891038433198
161,4.422129654115246,3.8556850687150033,0.5664445887650212
162,4.3587286933775875,3.8100925607066,0.5486361389198611
163,4.350586956547152,3.802486219713765,0.5481007252970049
164,4.3282582836766395,3.787651023557109,0.5406072706945481
165,4.313002497919144,3.779151601176108,0.5338509111635147
166,4.3111166569494435,3.7765723043872463,0.5345443419871792
167,4.263397020678366,3.738145512919272,0.5252514914158852
168,4.243115528937309,3.72526539141132,0.5178501341612108
169,4.217394905705606,3.7039383303734565,0.5134565690832753
170,4.181504461073106,3.669001160129424,0.5125033033470954
171,4.153236881379159,3.649169656538194,0.5040672435875861
172,4.167745701728329,3.6647678805935766,0.5029778206540693
173,4.134742275361092,3.6400065537421935,0.4947357480564425
174,4.117863374371683,3.622797300738673,0.49506604335000437
175,4.067031556560147,3.5844084101338543,0.4826231497910715
176,4.059738901353652,3.582595867495383,0.47714302520598134
177,4.030811775115229,3.560478122003617,0.4703336401331809
178,4.000139247986578,3.5388431779799925,0.4612960560667899
179,3.9779278501387565,3.5158501978843444,0.46207764119871203
180,3.9965516367266254,3.5346060683650355,0.46194555009565047
181,3.93216581882969,3.4820872199150825,0.4500785897816381
182,3.911759207325597,3.465174009723048,0.4465851903923096
183,3.8882612105338805,3.44230761835652,0.4459535868898515
184,3.854158574535001,3.42305709854249,0.4311014807993366
185,3.8734926100700133,3.4329933158812986,0.4404992941887148
186,3.8340501246913785,3.4014594631810344,0.43259065862624874
187,3.8110969643439017,3.387223908978124,0.4238730380612035
188,3.813859551183639,3.3929076771582327,0.4209518831583761
189,3.7538138166550667,3.342639938477547,0.41117387769683716
190,3.775028763278838,3.3605117374850857,0.4145170238710219
191,3.7458176535944783,3.3343949856296664,0.4114226698875427
192,3.7170995473861694,3.3177029240515923,0.39939662477662485
193,3.7075318328795897,3.31011954815157,0.39741227367231924
194,3.7003759991738105,3.3041996917416974,0.3961763107968915
195,3.6356927233357585,3.249168934360627,0.3865237957046878
196,3.633927491403395,3.2521497626458444,0.38177771818253303
197,3.639248063487391,3.255844077756328,0.38340399005720693
198,3.604844327895872,3.225640623800216,0.37920369352063826
199,3.5895467035232054,3.2129768709982596,0.37656982435334113
200,3.565011147529848,3.194701248599637,0.3703098883551936
201,3.5511358207271946,3.1839664405392063,0.36716938932095805
202,3.527919169395201,3.1648355760881977,0.36308359234563764
203,3.4941534919123494,3.1376468904556765,0.3565066153964689
204,3.502088773635126,3.1462934863182808,0.35579529116230624
205,3.4811281850261073,3.1307321863789714,0.35039600297327966
206,3.437569764352614,3.089966500959089,0.34760326291284255
207,3.436809624395063,3.0898734138857935,0.3469362061831259
208,3.437973968444332,3.094796480671052,0.3431774872925974
209,3.3962527013594106,3.058037846319137,0.33821485263686024
210,3.415603430040421,3.0752300139396422,0.34037341033258744
211,3.3672632132807085,3.031954719174293,0.3353084979518767
212,3.3487481763285976,3.018389444197378,0.33035874174487206
213,3.342696459062638,3.014211896927126,0.3284845688650685
214,3.3369417575097855,3.0085874949732134,0.32835427695705044
215,3.2932658272404827,2.9709241005682174,0.32234172907567793
216,3.276275630920164,2.9594190851334603,0.3168565611685476
217,3.265303273354807,2.949599216061254,0.31570406882993635
218,3.252017121161184,2.9378544169087566,0.31416269752287096
219,3.2282400054316365,2.910754099968941,0.317485908827474
220,3.221829898895756,2.9148177639130624,0.3070121340213283
221,3.205898957867776,2.899937202853541,0.3059617454005826
222,3.1713406808914675,2.871496458207407,0.2998442121090428
223,3.1574497645901096,2.8553689333700363,0.30208082521154034
224,3.135254313868861,2.839996918555229,0.2952574073306976
225,3.1369243552607875,2.843259765255836,0.29366457774754495
226,3.11381995677948,2.82170751402455,0.2921124379481039
227,3.1346084763926845,2.8369953555445515,0.29761312877939594
228,3.0969012283509776,2.8085501194000244,0.28835110678788156
229,3.0839980648409937,2.7944581547091083,0.28953990508471766
230,3.0768349978231613,2.7909673798468804,0.28586762758993334
231,3.060565702376827,2.778806071127615,0.2817596346139908
232,3.0381815433502197,2.759896562945458,0.27828498521158773
233,3.0295629347524335,2.7539850973313853,0.27557783381592843
234,3.013473114659709,2.7360634573044313,0.27740966023937347
235,2.97487719597355,2.7046805274101997,0.27019665558491984
236,2.9684592023972542,2.7003771643484793,0.26808203828911625
237,2.948167158711341,2.6803570985794067,0.2678100721489999
238,2.965580801809988,2.7006980373013403,0.2648827599421624
239,2.929403078171515,2.667324850636144,0.26207821335523357
240,2.9377593840322187,2.671427276826674,0.26633210744588603
241,2.89844020335905,2.63995845471659,0.2584817464793882
242,2.89044822800544,2.6390736526058567,0.25137458741664886
243,2.868776406011274,2.6165554908014115,0.25222091400815594
244,2.865906761538598,2.6129157235545497,0.2529910387050721
245,2.8240792020674674,2.5777994701939244,0.24627973307524959
246,2.848362603495198,2.6015381313139394,0.24682446449033676
247,2.8103533675593715,2.5690713505591116,0.24128203094005585
248,2.797276493041746,2.5588784217834473,0.23839806164464644
249,2.7864405724310104,2.5462809070464103,0.24015966490391763
250,2.780289980673021,2.5461752760794854,0.23411471853333135
251,2.7584301502473894,2.526232115684017,0.23219803624576138
252,2.740941278396114,2.5139395998370264,0.2270016655806572
253,2.7364790055059616,2.5063901370571506,0.23008886412266763
254,2.736114671153407,2.5097081661224365,0.2264064973400485
255,2.734622516939717,2.5054619504559423,0.22916057657810948
256,2.704875103888973,2.48350949441233,0.22136561909029562
257,2.686847309912405,2.464617456159284,0.22222986937530578
258,2.674127447989679,2.455493523228553,0.2186339367781916
259,2.6614628107317033,2.4466305548144924,0.21483226168540218
260,2.636388721004609,2.423892717207632,0.21249601893847989
261,2.633382985668798,2.421509446636323,0.21187354287793558
262,2.619222802500571,2.410253019102158,0.20896976993929955
263,2.5973183916461084,2.3878099495364773,0.20950843153461332
264,2.60496401017712,2.3969721947946856,0.2079918259574521
265,2.581593305833878,2.3760958679260744,0.2054974165174269
266,2.5580581157438216,2.3550382141144044,0.20301990138907586
267,2.557117200666858,2.3562694211159982,0.20084776609174668
268,2.543825322581876,2.345400002694899,0.1984253153204918
269,2.520655716619184,2.3234744052733145,0.1971813038952889
270,2.507961161674992,2.311187767213391,0.1967733968650141
271,2.4978164934342906,2.304308964360145,0.19350751200991292
272,2.4831998963509836,2.289930328246086,0.1932695637787542
273,2.478336868747588,2.28657111237126,0.1917657635865673
274,2.4606270174826346,2.2692639154772603,0.1913631012843501
275,2.4615738968695364,2.2723247428094187,0.1892491550214829
276,2.4309477844545917,2.245179291694395,0.18576849612497515
277,2.4320539889797086,2.2461113814384706,0.18594261114635774
278,2.4226016075380388,2.2387670951504863,0.18383451887676794
279,2.408254450367343,2.2276157717550955,0.18063868221736723
280,2.380246300851145,2.2005567454522654,0.17968955611990345
281,2.3699890971183777,2.1936462867644524,0.17634279232832692
282,2.372374980680404,2.1894519290616437,0.18292305185910193
283,2.352072719604738,2.1777693398537172,0.17430337975102086
284,2.3499928539799106,2.174907728548973,0.1750851141348962
285,2.33097275610893,2.1570009569967947,0.17397179358428524
286,2.3146206063608967,2.1450889437429366,0.16953167271229527
287,2.2858755203985397,2.1181098626505945,0.16776565991101727
288,2.2988502383232117,2.1316864836600518,0.167163752500088
289,2.267440668998226,2.104124007686492,0.1633166663589016
290,2.283775956399979,2.1181296263971636,0.16564633384827646
291,2.269387387460278,2.1074192889275087,0.16196809348560148
292,2.243747853463696,2.0820042933187177,0.16174355149269104
293,2.243386326297637,2.081525106583872,0.16186122788536933
294,2.222695400637965,2.0626530205049822,0.16004236763523472
295,2.2156293545999834,2.0592788630916226,0.1563504907873369
296,2.1861694089828,2.0321508203783343,0.1540185910078787
297,2.181353942040474,2.028225629560409,0.15312829781924525
298,2.1768946282325254,2.0246294409998002,0.15226517401395306
299,2.1787462080678632,2.0233578374308925,0.1553883766455035
300,2.1589710558614423,2.006685201198824,0.15228587196719262
301,2.1416597904697543,1.9937041594136147,0.14795562793170253
302,2.1518706179434255,2.0042677060250313,0.1476029217723877
303,2.119820452505542,1.9740466821578242,0.14577376698293992
304,2.127415032156052,1.9806967646844926,0.14671826819258352
305,2.095009821076547,1.9504480611893438,0.14456176709744237
306,2.099945549041994,1.9575383682404794,0.14240718632936478
307,2.089314326163261,1.9480056762695312,0.14130866551591503
308,2.0683391824845345,1.9304118963979906,0.13792727803511004
309,2.061560919207911,1.9235979222482251,0.137962999843782
310,2.0581966157882445,1.9202937483787537,0.1379028694523919
311,2.046345072407876,1.9104706087420065,0.13587446282467536
312,2.0285404651395735,1.8946534510581725,0.1338870111973055
313,2.019550394627356,1.8864650187953826,0.133085384243919
314,2.014943895801421,1.8813951515382337,0.13354872912168503
315,2.012597462823314,1.8776388072198438,0.13495865620432362
316,2.007033876834377,1.8750950732538778,0.13193880598391255
317,1.9688995768946986,1.8406635561297018,0.12823602016414365
318,1.9871635879239729,1.8561492754567055,0.13101431643289904
319,1.9539274842508378,1.8254884442975443,0.12843903514646715
320,1.960283390937313,1.8344539692324977,0.12582941377355206
321,1.9447240714103944,1.8212956170881949,0.1234284590088552
322,1.936543631938196,1.8136572241783142,0.12288640583715131
323,1.9230661719076094,1.8022241534725312,0.12084201663251846
324,1.9208631996185548,1.7996671353617022,0.12119606209378089
325,1.9188615102921762,1.7977233702136624,0.12113814933165427
326,1.8892760545976701,1.7714227457200327,0.11785331308361023
327,1.8892152155599287,1.7706374872115351,0.11857772582480984
328,1.8825594417510494,1.7642484807199048,0.11831095538312389
329,1.8753312941520446,1.757837014813577,0.11749426888362054
330,1.865242310108677,1.7480114506136986,0.11723086466231654
331,1.8720740541335075,1.7559878941505187,0.11608616466964444
332,1.8331095826241277,1.7215768829468758,0.1115327023210064
333,1.8331829886282645,1.7221129209764543,0.11107006620976233
334,1.835478703821859,1.7244354813329634,0.11104322597384453
335,1.8140471846826616,1.7046937788686445,0.10935340749640618
336,1.8013075378633314,1.6897416672398966,0.11156587098394671
337,1.7993096113204956,1.6918869153145821,0.10742270237495823
338,1.7934366368478345,1.6861765442355987,0.1072600944147956
339,1.778265030153336,1.6721931830529244,0.10607185142655526
340,1.778006922814154,1.6720979944352181,0.1059089275377412
341,1.765477055503476,1.6613415268159681,0.10413553012955573
342,1.7591161247222655,1.653319195393593,0.10579693004969627
343,1.7465277756414106,1.643249750137329,0.1032780209375966
344,1.740527581784033,1.639469765847729,0.10105782014227682
345,1.7411038567942958,1.638295913896253,0.10280795263186578
346,1.7252935440309587,1.6256872396315298,0.09960630415908751
347,1.7307662175547691,1.6291646130623356,0.10160160773704129
348,1.7252381443977356,1.6257552312266441,0.0994829123298968
349,1.7297629194874917,1.628909057186496,0.10085385857570556
350,1.6977265534862396,1.6001052798763398,0.09762127276870512
351,1.6915366938037257,1.5959163711917015,0.09562031888673382
352,1.683797626726089,1.5880384983554963,0.0957591328169069
353,1.6826495259038863,1.5862848547197157,0.09636467262621849
354,1.670054643384872,1.576225636466857,0.09382900836006287
355,1.6623084622044717,1.56828353481908,0.09402494336808881
356,1.6591855364461099,1.5657255668793955,0.09345997028773831
357,1.6479976446397844,1.5556969335002284,0.0923007095773374
358,1.6415549632041686,1.5507646722178305,0.0907902954326522
359,1.6269620099375326,1.5376652363807923,0.08929676214052785
360,1.6181118392175244,1.5293424321759133,0.08876940752229383
361,1.6336809935108307,1.5437903634963497,0.08989062713038537
362,1.6154747778369534,1.5273660844372166,0.08810868835256945
363,1.6042590256660216,1.5172587440859886,0.08700027941696105
364,1.5951210221936625,1.508275656930862,0.08684537079065077
365,1.5898130882170893,1.504209901055982,0.08560319292929865
366,1.5888887797632525,1.504013640265311,0.08487514166101333
367,1.572094940370129,1.487902698978301,0.0841922418725106
368,1.5843736356304539,1.4993450410904423,0.08502859466018216
369,1.572685787754674,1.4891768232468636,0.08350896558934642
370,1.5599251908640708,1.4770680319878362,0.08285715599213878
371,1.5622312176612116,1.4797678609048166,0.0824633567563949
372,1.5609521673571678,1.4789712371364716,0.08198092757694182
373,1.538163140896828,1.455820014399867,0.08234313466856556
374,1.5398918274910218,1.4590077554025958,0.08088407256910878
375,1.5343516642047512,1.454120026480767,0.08023163856517884
376,1.5363693064258945,1.457597546039089,0.07877176206919455
377,1.522776488334902,1.4419319072077352,0.08084459146184306
378,1.5109726882749988,1.4336128407909023,0.07735985175015465
379,1.5080119256050355,1.4317871735941978,0.07622475128981375
380,1.4848340172921457,1.410076339398661,0.07475768522389474
381,1.4896902922661073,1.4142856694036914,0.07540462262207462
382,1.4975894881832985,1.42129688109121,0.07629260468867517
383,1.4867529157669312,1.412394877403013,0.07435803584033443
384,1.4692974513576877,1.3958142322878684,0.07348321991101388
385,1.4686149147249037,1.395974507254939,0.07264040386484515
386,1.4658836414737086,1.3939397565780147,0.07194388441501125
387,1.4553106542556518,1.3826587007891746,0.07265194920041869
388,1.4558283802001708,1.3846059633839516,0.07122242114236278
389,1.4458815359300183,1.375839852517651,0.07004168317202598
390,1.4341111702303733,1.365421095202046,0.06869007623003374
391,1.430678088818827,1.362452870415103,0.06822521648099346
392,1.427031978484123,1.3578158270928167,0.06921614952866108
393,1.426420348305856,1.357499236060727,0.06892111164427572
394,1.4221417711627098,1.3546354136159342,0.06750635910899408
395,1.4252587249202113,1.3576687882023473,0.06758994380793264
396,1.3970635898651615,1.3310529416607273,0.06601064976665282
397,1.4034935697432487,1.3370983254524968,0.0663952486769807
398,1.3902499618068818,1.3251057670962425,0.06514419140594621
399,1.3876834031074279,1.3232080859522666,0.06447531859720906
400,1.3879472824835009,1.3239385312603367,0.06400874227045043
401,1.3820801742615239,1.3187166163998265,0.06336356098613431
402,1.3662406090767152,1.3040582153104967,0.06218239671039966
403,1.3789816575665628,1.315811534081736,0.06317012276380293
404,1.3661228649077877,1.3043545119224056,0.061768352805126096
405,1.3580668434020011,1.2963639632348092,0.06170287776377893
406,1.3601292044885698,1.297303822732741,0.06282538019361035
407,1.359501761774863,1.298087223883598,0.06141453644921703
408,1.3467985449298736,1.2868453091190708,0.05995323166491524
409,1.3454216122627258,1.2854554691622335,0.05996613613059444
410,1.3400115774523826,1.2815844108981471,0.0584271636100546
411,1.3244480894457908,1.2664685403147051,0.057979543302809036
412,1.3242405403044917,1.2658343661215998,0.05840617033743089
413,1.3212038086306663,1.2633769454494599,0.0578268741768214
414,1.321247273875821,1.263240764217992,0.058006506953989304
415,1.307904101187183,1.2512212088031154,0.05668289430679813
416,1.3097551734216752,1.2532280433562495,0.056527125138428905
417,1.308922258115584,1.2526972043898799,0.056225050421011065
418,1.2926938918329054,1.2377136984179098,0.054980193595251727
419,1.2939407152514304,1.2391408489596458,0.05479985800000929
420,1.293771255400873,1.2393549661482535,0.05441628384494012
421,1.2917449897335422,1.2371160618720516,0.05462892635935737
422,1.2783810150238775,1.22525732363424,0.053123690368187045
423,1.274888490476916,1.2216216844897116,0.05326680772967877
424,1.2732887229611796,1.2201577348093833,0.05313098556812732
425,1.2623817401547586,1.2108024839432008,0.05157925038328094
426,1.261686578873665,1.2090314838194078,0.05265508976674849
427,1.260505860851657,1.2089832271299055,0.05152263215953304
428,1.2579179213893028,1.2071851068927395,0.050732807646836006
429,1.2549933041295698,1.2043524576771645,0.050640844890186866
430,1.2475441694259644,1.197479159601273,0.05006500904358203
431,1.242598320207288,1.1920221390262726,0.05057617288924033
432,1.2351043032061668,1.1861748849191973,0.04892942045004137
433,1.2243420577818347,1.1754602155377787,0.04888184879335665
434,1.2224642557482566,1.1745303061700636,0.047933948436571706
435,1.2208364067539093,1.1728693554478307,0.04796705316872366
436,1.222429331271879,1.1745481971771485,0.0478811367384849
437,1.217972707363867,1.1701600628514444,0.04781264751668899
438,1.2036325614298544,1.1566466621814235,0.046985902192611846
439,1.2007401297169347,1.1547738544402584,0.045966275216590975
440,1.2027566586771319,1.1566873942652056,0.04606926357073168
441,1.2032230573315774,1.157429252901385,0.04579379655901463
442,1.1930589598994101,1.1471146527797944,0.0459443086217488
443,1.188826629231053,1.1436792775507896,0.04514734981761825
444,1.1867451494739902,1.1418707716849543,0.04487438277611809
445,1.1805956459814502,1.1362853146368457,0.04431032515581577
446,1.1884939314857605,1.1439860636188137,0.04450786756652017
447,1.1787321144534695,1.1335245245887386,0.04520758752140307
448,1.1720854409279362,1.1288770148831029,0.043208423521249525
449,1.1666516257870583,1.123209745653214,0.0434418790523083
450,1.1701153814792633,1.1272002804663874,0.0429151066008114
451,1.1653479731852008,1.1226661609065147,0.04268181372073389
452,1.1585721277421521,1.1163599298846336,0.04221219527384927
453,1.152354855691233,1.1102179269636832,0.042136930229683074
454,1.1475023502303707,1.1062007113810508,0.041301637046760126
455,1.1438626454722496,1.1029509940455038,0.0409116487829916
456,1.150037419411444,1.1079537656999403,0.04208365833807376
457,1.1402978243366364,1.0996376208720668,0.04066021115549149
458,1.130716763196453,1.0908180686735338,0.03989869350146863
459,1.1384178803813072,1.0981998203262207,0.04021806137696389
460,1.1337708119423158,1.094080690414675,0.03969012218857965
461,1.1297620188805364,1.0884959553518603,0.04126606461021208
462,1.132013960230735,1.0921611016796482,0.039852853023236795
463,1.1228349679900753,1.0838722663540994,0.03896270740416742
464,1.1193739031591723,1.0811068319505261,0.03826706916574509
465,1.1170096147444941,1.078623253491617,0.03838636377646077
466,1.1069889510831525,1.0691616400595634,0.03782730807940806
467,1.1152254246896314,1.07759069050512,0.03763472967811169
468,1.1023383179018575,1.0647988213646797,0.03753949341274077
469,1.102146492850396,1.0648057345421083,0.03734075716666637
470,1.096001096310154,1.0592078979938262,0.03679320576690858
471,1.0955074381443761,1.0589975772365448,0.03650985646151727
472,1.0918010771274567,1.0550940603979173,0.03670702201704825
473,1.0863222893207305,1.0499908203078854,0.03633146859224765
474,1.0907282002510563,1.0543986847323756,0.03632951485774209
475,1.0744785012737397,1.0376914412744584,0.03678706369452899
476,1.077007460017358,1.0416599329440825,0.03534752491020387
477,1.0800576027362578,1.0449212097352552,0.035136387533237855
478,1.0694478038818604,1.0345485114282178,0.03489929248368548
479,1.0686456868725438,1.0339307054396598,0.0347149784286176
480,1.0672021950444868,1.0325926494213842,0.034609544661737254
481,1.0699828401688607,1.0358620997398131,0.034120738205890504
482,1.0630628572356315,1.029453193949115,0.03360966511911923
483,1.0578707783452925,1.023814804130985,0.03405597604691021
484,1.0537362819717777,1.019915897038675,0.03382038658544902
485,1.0490534574754777,1.0162452295903237,0.03280822491093028
486,1.0438332057768298,1.011004021090846,0.032829182643082835
487,1.043230939295984,1.010092644922195,0.03313829470425844
488,1.0387999876852958,1.0060042652391619,0.032795720523403536
489,1.0420417506848612,1.009406308973989,0.03263544516577836
490,1.038506131979727,1.0061211778271584,0.03238496031131475
491,1.0324703974108542,1.000058889389038,0.03241151114625315
492,1.033637277541622,1.0018225985188638,0.03181468428022439
493,1.0262171558795437,0.9947158751949188,0.031501282787611405
494,1.0250885332784345,0.9939951185257204,0.031093412589642308
495,1.0232550463368815,0.9918230416313294,0.031432005516704054
496,1.0237030136969782,0.9925317004803689,0.03117131613074772
497,1.0175171936711958,0.9865023003470513,0.031014892212565866
498,1.0131871181149636,0.9822351461456668,0.030951974793307243
499,1.0089220481534158,0.9787870453250024,0.030135002437858813
500,1.0103812554190237,0.980098053332298,0.03028320043437904
501,1.0121498761638519,0.9817463428743424,0.030403529414005818
502,1.002015943488767,0.9703414574746163,0.0316744856836815
503,1.0060614010980051,0.9762192926099224,0.029842108247741576
504,0.9972435360954653,0.9683126259234643,0.028930913176267378
505,0.9948162599917381,0.9654878127959466,0.029328442749477202
506,0.9981541662446914,0.9689868659742417,0.029167297085927378
507,0.9917783391091132,0.9629005116801108,0.028877819437653787
508,0.9836382875519414,0.9551781271734545,0.02846015983771893
509,0.9888369527555281,0.9591555614625255,0.02968138891963228
510,0.9842955969995068,0.9554400059484667,0.028855592282789368
511,0.9839457369619801,0.9556166952656161,0.0283290468937447
512,0.9797724908398043,0.9517607112084666,0.028011784798675967
513,0.9735500629871122,0.9458889855492499,0.02766107731769162
514,0.9696661397334068,0.9422106800540802,0.02745546226299578
515,0.9694840975346104,0.9422506026683315,0.02723349312380437
516,0.9633158406903667,0.9360266587426586,0.027289180175190973
517,0.9657365275967505,0.9383749711898065,0.027361553462762988
518,0.9615368843078613,0.9339700273929104,0.027566855382775108
519,0.962548425120692,0.934904210990475,0.027644210344841404
520,0.9600906795071017,0.9336962882549532,0.02639439314483635
521,0.960177295630978,0.9334266291510674,0.026750664316838788
522,0.953594631725742,0.9274694525426433,0.02612517885262928
523,0.9530999054831844,0.9269071875079986,0.02619271923697764
524,0.947302290508824,0.9213936550001944,0.025908635208202947
525,0.947491092066611,0.9216943960036,0.02579669840633869
526,0.9396316678293289,0.9142450296109722,0.025386639329935273
527,0.9416514971563893,0.916297205994206,0.02535428929953806
528,0.9381923406354843,0.9118778109550476,0.026314531362825824
529,0.9324119379443507,0.9073183075074227,0.025093628994880185
530,0.9342761914576253,0.9089364563265154,0.02533973077492368
531,0.9290907084941864,0.9035749531561329,0.02551575395609102
532,0.9254183557725721,0.9008756299172679,0.024542727627821507
533,0.9278330360689471,0.9032209890504037,0.02461204825029258
534,0.9276339200235182,0.9029574442294336,0.024676473871354136
535,0.9279922833365779,0.9015130496794178,0.026479230833149726
536,0.9170850226956029,0.8931929959404853,0.023892026875288255
537,0.919645018154575,0.8956193347131053,0.024025683171085773
538,0.9175970121737449,0.8929814840516737,0.024615525087762262
539,0.9191592316473683,0.8949441371425506,0.02421509549622574
540,0.9112584215979422,0.8877254666820649,0.02353295578711456
541,0.9110156355365631,0.8875483591710368,0.02346727531403303
542,0.9107223268478147,0.8865031821112479,0.024219144946865497
543,0.9056659350472112,0.8814376871432027,0.024228252770919955
544,0.903206871401879,0.879681505503193,0.02352536466693686
545,0.9034036830548318,0.8800282824424005,0.023375398719743375
546,0.8970325752612083,0.8723312587507309,0.02470131948470108
547,0.8929866725398649,0.8704003960855545,0.02258627651439559
548,0.8969032735593857,0.8743980132764385,0.02250525613705958
549,0.8969483760095411,0.8744527659108562,0.022495606072968053
550,0.8961860797097606,0.8732184085153765,0.02296766683819794
551,0.8923953300522219,0.8687624594857616,0.023632869635137818
552,0.8819791636159343,0.8591203045460486,0.02285886195398146
553,0.8855648761795413,0.8637735959022276,0.021791279466161804
554,0.8766588299505172,0.8550889713148917,0.021569858184985576
555,0.8788505552276489,0.8571812933491122,0.021669260316318082
556,0.8738551985832953,0.8524033061919674,0.02145189344282112
557,0.8709098706322331,0.8494028343308356,0.02150703810395733
558,0.8733490263262103,0.8514078817059917,0.021941146603034388
559,0.8730792307084606,0.8514648935487193,0.021614338511661176
560,0.8700755594238159,0.8485676540482429,0.0215079027618612
561,0.8678758403947276,0.8466627626649795,0.021213076948638884
562,0.8703987675328408,0.8486284805882361,0.021770283249357054
563,0.8636080449627291,0.8427957940486169,0.020812251514965487
564,0.8549802437905343,0.8343471009885112,0.020633144364241632
565,0.8602234951911434,0.8372592166546853,0.022964274210314595
566,0.8564849592024281,0.8358093750092291,0.02067558410307092
567,0.8593597335200156,0.838803130772806,0.020556601635631052
568,0.8544817499576076,0.8339466712167186,0.020535077088542523
569,0.8596455204871393,0.8387445451751832,0.020900974861316143
570,0.8507169437023901,0.830716815686995,0.020000126212835312
571,0.8486507736867474,0.8282725320708367,0.020378236718956503
572,0.8464257236449949,0.8263822861256138,0.02004343839061837
573,0.8523726386408652,0.8275621302666203,0.02481050726266638
574,0.8481410587987592,0.8273579324445417,0.020783128697545297
575,0.8359320798227864,0.8163562378575725,0.01957584334717643
576,0.8372358862430819,0.8178784914555088,0.01935739986478321
577,0.8341756645710238,0.8150162148860193,0.019159449654961785
578,0.8349110676396277,0.8155261816516999,0.019384889112364863
579,0.8308827521339539,0.8111128672476737,0.01976988365453097
580,0.8270350454315063,0.8073404633229778,0.01969458322010694
581,0.8293050412208803,0.8102267749847905,0.019078268218905695
582,0.8268850474588333,0.8080088823072372,0.01887616271814031
583,0.8268467524359303,0.8070890768881767,0.01975767894257461
584,0.8254284704885175,0.8062735757520122,0.019154896599150473
585,0.8196018963090835,0.8007072421812242,0.01889465788319226
586,0.8184918261343433,0.7996591819870856,0.018832640842564644
587,0.8189783826951058,0.8002422173177043,0.018736169162777164
588,0.821772659978559,0.8010720456800153,0.02070061288653843
589,0.8106602959094509,0.7914718149169799,0.019188484146950707
590,0.8145662680748971,0.7962721855409683,0.018294083645507213
591,0.8122750434183306,0.7939801148829921,0.01829492601175462
592,0.8107056271645331,0.7923895466712213,0.018316084458943335
593,0.8076174230344834,0.7895435469765817,0.018073876012837695
594,0.8045019036339175,0.7867203864359087,0.01778151879027005
595,0.8038557642890561,0.7855778740298364,0.018277889958793116
596,0.8023974318658152,0.7842870950698853,0.01811034038602825
597,0.8001179118310252,0.7816255852099387,0.018492326530958374
598,0.8012728181577498,0.7828909081797446,0.01838190580207494
599,0.797485355407961,0.7797339183668937,0.017751435869403424
600,0.7936926301448576,0.7759889892993435,0.017703636834818508
601,0.8011738571428484,0.7831398758196062,0.018033977582930558
602,0.7957082256194083,0.7778283242256411,0.017879897473199714
603,0.7889673815619561,0.7710916274978269,0.017875753012636015
604,0.7880009307015327,0.7707892935122213,0.01721163779016464
605,0.7881354978007655,0.7709146843802545,0.017220810851863316
606,0.7834393660868367,0.7661363761271199,0.017302990335250092
607,0.784486138051556,0.7667710242732879,0.01771511272677491
608,0.7835489819126744,0.7662354553899458,0.01731352282748107
609,0.7832336156598984,0.7661248906966178,0.017108724407491185
610,0.7806424825422226,0.7630933773133063,0.017549108128033338
611,0.7788892282593635,0.7619920190303556,0.016897212098082228
612,0.7741944270749246,0.7576043663486358,0.016590059404411623
613,0.7726507590663049,0.7553800546353863,0.017270705677689083
614,0.7702295270658308,0.7535191899345767,0.016710336635550185
615,0.7724784064677453,0.7555564882293824,0.016921916811336434
616,0.7725216092601899,0.7551973144854268,0.01732429303228855
617,0.7723129343601965,0.7558081851851556,0.01650474662141454
618,0.7640148382033071,0.7473827139023812,0.016632123204368736
619,0.7641977475535485,0.747623243639546,0.016574504770218365
620,0.7607663350720559,0.7445943528606046,0.016171981235064806
621,0.7614833164599634,0.7449670741634984,0.016516244669835412
622,0.7578988469416096,0.7418747140515235,0.016024131868635456
623,0.7626370047369311,0.7462957587934309,0.016341246243926785
624,0.7573379979979608,0.7412104750833204,0.01612752441677355
625,0.7538655852117846,0.7374476309745542,0.01641795658055813
626,0.7550962673079583,0.7390900215794963,0.01600624464692608
627,0.748621137872819,0.732065842036278,0.016555296602628885
628,0.7498282434478882,0.7342127417364428,0.015615503739325269
629,0.7525282367583244,0.7369843327230022,0.015543904110428787
630,0.7546620811185529,0.738209359107479,0.0164527193973622
631,0.7570402228063152,0.7406361689490657,0.016404053346524314
632,0.7507982388619454,0.7349977666331876,0.015800474016296286
633,0.7425965580248064,0.7270627637063304,0.015533798088830325
634,0.7389398947838814,0.7237456190970636,0.015194281605222532
635,0.7406083037776332,0.7246284109930838,0.015979889720197645
636,0.7366028120440822,0.7216150952923682,0.01498771580537
637,0.7387363747242959,0.723468659385558,0.015267714182095181
638,0.7357463432896522,0.7206381693963082,0.015108174674453275
639,0.7365253327354309,0.7213510678660485,0.015174267963776666
640,0.7413384837488974,0.7252433434609444,0.01609513615708678
641,0.7327152644434283,0.7173113553754745,0.015403910765364286
642,0.7330704850535239,0.7182689347574788,0.01480155022093846
643,0.731865604077616,0.717015121252306,0.014850481518454129
644,0.7486196006498029,0.7099156446995274,0.03870395525929428
645,0.7296842288586401,0.7125470551752275,0.017137173157666
646,0.727695498735674,0.7123086221756474,0.015386873420568244
647,0.7236482395279792,0.7087430569433397,0.014905180962335679
648,0.7310530687532117,0.7161913254568654,0.014861742470173104
649,0.7203992374481694,0.7058572846074258,0.014541950467373095
650,0.7196668857528318,0.7051807363187114,0.014486149899781711
651,0.7251027784039897,0.7105077678157438,0.014595013337149736
652,0.7164481955189859,0.7020976841449738,0.01435051400274519
653,0.7167779534093796,0.7024931398130232,0.014284815909641405
654,0.7138447069352672,0.699659429250225,0.014185280178583438
655,0.7137339297802218,0.6995153580942461,0.014218572151636886
656,0.7168012059503986,0.7023100487647518,0.014491156209260225
657,0.7097648680210114,0.6954863821306536,0.014278488113514839
658,0.7114441635147217,0.6971582058937319,0.014285957515840568
659,0.7156900696216091,0.701174492797544,0.014515578656667662
660,0.7060278211870501,0.6916834029459185,0.01434441758019309
661,0.7160333779550367,0.7017573983438553,0.014275979536074785
662,0.7096605512403673,0.6955490169986602,0.014111531898379326
663,0.706406706763852,0.6922162915429761,0.014190411090009635
664,0.7066986993435891,0.6923953256299419,0.014303373217943215
665,0.7062817379351585,0.6922188814609281,0.014062854927033186
666,0.701754225838569,0.6876686590333139,0.014085561592852878
667,0.7020180263826924,0.6880606153318959,0.013957410194580593
668,0.7060477377906922,0.6908786027662216,0.01516913325195351
669,0.6983423742555803,0.6841689271311606,0.01417345002353672
670,0.6963504312499877,0.682437305488894,0.013913127728888103
671,0.6967542229160186,0.683144151203094,0.013610072403905852
672,0.6937491480381258,0.6795034591228731,0.014245688674911376
673,0.689174807840778,0.6757083371762307,0.013466471235357946
674,0.6929097041007011,0.6789877164748407,0.013921988391948322
675,0.6962893864800853,0.6825319605488931,0.013757429220863888
676,0.6958307633476872,0.6822474070133702,0.013583359098242175
677,0.6873698436444805,0.6738954993986315,0.013474346438963567
678,0.6878130810876046,0.6740121601089355,0.013800922570930373
679,0.6901251865971473,0.6759603013915401,0.014164885010329946
680,0.6874724828427837,0.673481281726591,0.013991202317899274
681,0.6913867573584279,0.6769656663940798,0.014421091685372015
682,0.6820586179533312,0.6683532345679498,0.013705384797386585
683,0.6832814774205608,0.6701691169892589,0.013112360431301978
684,0.6813868207316245,0.6682905987385781,0.013096220160443936
685,0.6821199520941703,0.6687893800197109,0.013330575799749743
686,0.679373372947016,0.665660519753733,0.01371284936284346
687,0.6800203967478967,0.6669305120745013,0.0130898890295817
688,0.6755537044617438,0.6626174305715868,0.012936274340796855
689,0.6728458039222225,0.6596216530569138,0.013224155672134892
690,0.6737216528384916,0.6608121846952746,0.012909466505891854
691,0.670671772572302,0.6572169363498688,0.013454833533614874
692,0.6718596431516832,0.6589667720179404,0.012892871464212094
693,0.6680256137924809,0.6547584447168535,0.013267172785896448
694,0.6712122126933067,0.6578657963583546,0.01334641701091201
695,0.6683463377337302,0.6556544361575958,0.012691902252094399
696,0.6693739064278141,0.6565026217891324,0.012871283451996503
697,0.6712414439647428,0.6577943323119995,0.013447109564778304
698,0.6654013520286929,0.652316544325121,0.013084807388123966
699,0.6659323563498836,0.6532026442789263,0.012729711334912045
700,0.6643167878350904,0.6514545150341526,0.012862273762303015
701,0.6656510704948057,0.6530111643575853,0.01263990757926818
702,0.6635154053088157,0.6507141138276746,0.012801295086260765
703,0.6579148067582038,0.6454003164845128,0.0125144895226244
704,0.6619000521398359,0.6490681382917589,0.012831915966084888
705,0.6581104570819486,0.645121822434087,0.012988634587776276
706,0.6565143456382136,0.6440828096482062,0.012431534608044931
707,0.6586488206540385,0.645822980711537,0.012825840408162724
708,0.6559654935713737,0.6432492838751885,0.012716206481620189
709,0.6528698350152662,0.6403167853432317,0.012553048350157277
710,0.6578251094587387,0.6454548066662203,0.01237030264230505
711,0.651419343486909,0.6390653617920414,0.012353980388011663
712,0.6523822401800463,0.6399294339841411,0.012452805399774544
713,0.6530369674005816,0.6394940672382232,0.0135428975035827
714,0.6512843043573441,0.6392231160594571,0.012061188192737679
715,0.6471739815127465,0.6343615776108157,0.012812408588586314
716,0.6460914592589101,0.6340015222949367,0.012089936242949578
717,0.6474215657480301,0.6353561301385203,0.012065432995798127
718,0.6482904207321906,0.6357115353307417,0.012578887684691337
719,0.6486770645264657,0.6359811675164008,0.012695895012227757
720,0.6457228602901581,0.632825525537614,0.012897338102301282
721,0.6435246602181466,0.6313920261398438,0.012132635790734522
722,0.6440977665685839,0.6319424942616494,0.012155274409920938
723,0.640316181605862,0.6286734650211949,0.011642717395819003
724,0.6376925081975998,0.6259150024383299,0.011777501282913069
725,0.6429480343095718,0.629456736387745,0.013491296239437596
726,0.638764226628888,0.6268701149571326,0.01189411198720336
727,0.6372374988371327,0.6255784640389104,0.011659031944169153
728,0.6355896640208459,0.623869082620067,0.011720581445842981
729,0.6357632471669105,0.6236141670134759,0.012149082196335639
730,0.6348741496762922,0.6230642516766826,0.011809900958812045
731,0.6343607344935017,0.6207299972734144,0.013630737460428668
732,0.6331809730299057,0.6213695858755419,0.011811388386113028
733,0.6326051065998692,0.6207185983657837,0.01188651014179472
734,0.631690219525368,0.620255402018947,0.01143481558369052
735,0.6278601865614614,0.6163407660299732,0.011519420125912274
736,0.6275331195323698,0.6152113243456809,0.012321795802563429
737,0.6244085085007453,0.6131194262735306,0.011289084300158484
738,0.6276151682099989,0.6161917486498433,0.011423418538704995
739,0.6280374421227363,0.6161347781458208,0.011902662790230206
740,0.6211612089987724,0.6099425458138988,0.011218662163422953
741,0.6226002727785418,0.6111801362806751,0.011420132937811075
742,0.6346703575503442,0.6215571972631639,0.013113164177705203
743,0.6265446322579538,0.6131756661399719,0.01336896422529413
744,0.6230666228840428,0.61172965361226,0.011336969917700175
745,0.6216621889222053,0.6103001140779064,0.011362073852890921
746,0.6223883561549648,0.6112491132751587,0.01113924412657657
747,0.6175242258656409,0.6064091295965256,0.011115092618931685
748,0.6186041860811172,0.6069761630027525,0.011628025076201847
749,0.6153852276263698,0.6042882963534324,0.011096932985369236
750,0.613675969262277,0.6026266640232455,0.011049304352772812
751,0.6144281010473928,0.6032044877929073,0.011223613735168211
752,0.6166406764138129,0.6053912754981748,0.011249401681726017
753,0.6139980996808698,0.6025320060791508,0.011466097191817338
754,0.6141148363390276,0.6018317860941733,0.012283045813561447
755,0.618426219109566,0.6066272095326455,0.011799015360133301
756,0.6103880145857411,0.5992906555052726,0.011097358810084482
757,0.6066036791570725,0.5956297036140196,0.01097397399585574
758,0.6091471766271899,0.5981379410912914,0.011009233057378762
759,0.616914572254304,0.6056448259661275,0.011269744485616684
760,0.6042927176721634,0.5933781025871154,0.010914614724536096
761,0.6052800397719106,0.5940325625481144,0.011247478755972078
762,0.6065533834118997,0.5955907394809108,0.010962645658442089
763,0.6037985346009654,0.5921693300047228,0.011629205692799823
764,0.6010128798023346,0.5897807546200291,0.011232127976273336
765,0.6040116721583951,0.5929576456546783,0.011054025512308843
766,0.6028088345643012,0.5914513718697333,0.011357461522904134
767,0.6018968181264016,0.5908938987601188,0.011002917037976364
768,0.6015030222554361,0.59060755660457,0.010895464629415543
769,0.6002527686857408,0.5892515605495822,0.011001207880795963
770,0.6011910875958781,0.589744322722958,0.011446766480202637
771,0.5969789979919311,0.5862893317976305,0.010689663625652752
772,0.5997381719850725,0.5890351149343676,0.010703062052808462
773,0.5989073505324702,0.5880342255676946,0.010873124138602325
774,0.5937333001244453,0.583099651721216,0.010633648493357243
775,0.5959350207159596,0.5844401832549803,0.011494840029627085
776,0.5962992099023634,0.5856503594306207,0.010648850036124069
777,0.5918438891249318,0.5809167729270074,0.01092711302842344
778,0.5951631631582014,0.5838261395692825,0.011337019097540648
779,0.5897309510938583,0.5792581948541826,0.010472759364112731
780,0.5970698729638131,0.5858024416431304,0.011267433724095744
781,0.5904170409325631,0.5792169941048468,0.01120004706805752
782,0.5916486988144536,0.5809587211378159,0.01068997661012315
783,0.5881369993571313,0.5775287891587904,0.010608209777743585
784,0.5835844605199753,0.5731365142330047,0.010447948074509059
785,0.5906663065956484,0.5798153021643239,0.010851007405548327
786,0.5856491038876195,0.5746048131296712,0.011044293792257387
787,0.589526193757211,0.5786750268551611,0.010851164303359485
788,0.5860645501844345,0.5755365039071729,0.010528050438170471
789,0.5809759949484179,0.5708151305875471,0.010160864000358889
790,0.5831611617918937,0.5728625962811131,0.01029857046782009
791,0.5878606554000608,0.576910642846938,0.010950009068173746
792,0.5882002586318601,0.5776265499091917,0.01057370767117508
793,0.5850190106899508,0.5743228235552388,0.010696189643274392
794,0.5801713851190382,0.5695713215297268,0.010600062432668863
795,0.5819425102203123,0.5709518876767927,0.010990621837516945
796,0.5797438703237041,0.5690635529256636,0.010680319260685675
797,0.5793901124308186,0.569136219639932,0.01025388927589501
798,0.5836225642311957,0.5730050292707258,0.010617535531280501
799,0.5794201757638685,0.5687154872763541,0.010704689433858279
800,0.5769591528561807,0.5666976628764984,0.0102614906255997
801,0.5763033195849387,0.566153972379623,0.010149349458515644
802,0.5756295592554154,0.5655060054794434,0.010123556269513022
803,0.5742804888756045,0.5633658064949897,0.01091468105873754
804,0.5709030969489005,0.5607964684886317,0.010106629541804713
805,0.5770306221900448,0.566073089838028,0.010957533869171334
806,0.5688796610601486,0.558752263745954,0.010127397254109383
807,0.5697921384726802,0.5598315461989372,0.009960590531268427
808,0.5750274143872722,0.564393054093084,0.010634362427217344
809,0.571604109579517,0.5614162279713538,0.010187881082416542
810,0.5686937551344594,0.5585696072347702,0.010124152015534139
811,0.5690251954140202,0.5588279265549875,0.010197268453456702
812,0.5669459142992573,0.5568259180553498,0.01011999487696636
813,0.5676117246189425,0.557358561023589,0.010253166870003747
814,0.5681200354330002,0.5571032377981371,0.011016796823711164
815,0.5695821479443581,0.5596537061275975,0.009928440915480737
816,0.5649111242063584,0.5549585242425242,0.009952598957404975
817,0.5662900733370935,0.5563186945453766,0.009971376568559677
818,0.5660538163877302,0.5560477597098197,0.010006059667155627
819,0.5633177411171698,0.552884969980486,0.010432773630224889
820,0.5602315837337125,0.5503118797656028,0.009919702706317748
821,0.560881097951243,0.5510759420933262,0.009805153799994339
822,0.5629340588085113,0.5521391558070337,0.010794902791178996
823,0.5578956531901513,0.5480856905060429,0.009809963330025635
824,0.5596315341611062,0.549734071377785,0.00989746198719067
825,0.5608694082306277,0.5509080757056514,0.009961332479912427
826,0.5558009142837217,0.5460485652569802,0.009752344730640612
827,0.5638334674219931,0.5519096423541346,0.011923826720205045
828,0.5597473503120484,0.5498966161281832,0.009850734874846475
829,0.5617052061903861,0.5519352050558213,0.009770000128135566
830,0.5558476053899334,0.546066552400589,0.00978105150223259
831,0.5543780269161347,0.5444564454017147,0.009921583121702555
832,0.5588462501764297,0.5490998822835184,0.009746365083922301
833,0.5561718830177861,0.5460653112780663,0.010106573001511635
834,0.5554720562311911,0.5453708936129847,0.010101158862873431
835,0.5521660773984848,0.5421695814978692,0.00999649453367437
836,0.5524518225462206,0.5426899617718112,0.00976186209628659
837,0.5522560174426725,0.5424973935850205,0.009758619786871056
838,0.5504584028836219,0.5409989794415813,0.009459424298256636
839,0.5516090864135373,0.5416801634334749,0.009928925894200802
840,0.5519310966614754,0.5420344063351231,0.009896688208344483
841,0.5529002662627928,0.5417015018963045,0.01119876360040038
842,0.5484407529715569,0.5390528031895238,0.009387950548121044
843,0.5439477216812872,0.5345352594890902,0.009412462868156933
844,0.5461370757510585,0.5365993202694,0.00953775406965325
845,0.5476912803226902,0.5382061023865977,0.009485180399590922
846,0.5474450343078182,0.5377693714634064,0.009675663745691699
847,0.5448454099316751,0.5352159897165913,0.009629419929678402
848,0.5452854912127217,0.5348568899977592,0.010428600103384065
849,0.5431026465469792,0.5335570583420415,0.009545584719988608
850,0.5444940852542077,0.5349571921171681,0.009536889892431998
851,0.5426655786652719,0.5333304539803536,0.009335125556155559
852,0.5420835883386673,0.5313838085820598,0.010699776827447837
853,0.5426660098375813,0.5333061915251517,0.00935981653240179
854,0.5400126787923998,0.5307843339058661,0.009228346613986839
855,0.5408067587883242,0.5311700370042555,0.009636722302304642
856,0.5382793978337319,0.5290873685190755,0.009192029735253703
857,0.5421853714412258,0.5320052139220699,0.010180154830337532
858,0.5407323952644102,0.531453080234989,0.009279313902821272
859,0.5371975860288066,0.5279539568770316,0.009243629377094968
860,0.5404625669602425,0.5308449076068017,0.00961765905301417
861,0.5407746967769438,0.5312160147774604,0.009558684485513837
862,0.5411049959159666,0.5317324746039606,0.009372518472974338
863,0.5380358595040536,0.5286556155450882,0.009380243913901428
864,0.5344485832798865,0.5249175592776267,0.009531019631052209
865,0.5346837894570443,0.5254773733115965,0.009206412840754755
866,0.5373264041639143,0.5279177547462525,0.009408649417661851
867,0.5357016978725311,0.5261393958522428,0.009562299917301825
868,0.5331600870816938,0.5241213089996769,0.009038777075587742
869,0.5374811085001114,0.5274360756720265,0.010045033338810168
870,0.5344360720726752,0.5254627927657096,0.008973282145997208
871,0.5327044888850181,0.52338385726175,0.009320631127564176
872,0.5312460252354222,0.522154146144467,0.009091881216473637
873,0.5356154307242362,0.5258782582898294,0.00973716807822066
874,0.5301328637907582,0.5207823894677623,0.009350475810107685
875,0.5277110073835619,0.518930176573415,0.008780831989321497
876,0.5312020336427996,0.5218329088341805,0.00936912517664173
877,0.5306118005706418,0.5213602925500562,0.009251509102121476
878,0.526887962895055,0.5179978315868685,0.00889013176633706
879,0.5270395841329328,0.5179072676166412,0.009132318529150179
880,0.5284843757267921,0.5195269651951329,0.008957410156125984
881,0.5312837636278521,0.5212889640561996,0.00999480220038564
882,0.5286218259603747,0.5198424958413647,0.008779331110417843
883,0.5262769628917018,0.5176851749420166,0.008591788625645061
884,0.5270592286702125,0.5184588533255362,0.008600377582854802
885,0.5270547559184413,0.5175020363061659,0.009552716382689053
886,0.5240264679155042,0.5153265662731663,0.008699901266804626
887,0.5248100137518298,0.5161561456418806,0.008653864249466889
888,0.525255627689823,0.5152547470023555,0.010000882497538001
889,0.5226924789528693,0.5143100234770006,0.008382458021984465
890,0.5281014370341455,0.5196529030799866,0.008448533646221603
891,0.5259902289798183,0.5172568766340133,0.008733352864040964
892,0.5233224519798833,0.5142864642604705,0.009035988402883373
893,0.5214758140425528,0.5129343891336072,0.008541422129999246
894,0.5251647349326841,0.5165575127447805,0.008607219010891934
895,0.522500503447748,0.5138839372704106,0.008616566845786667
896,0.5214920486173322,0.5130493290001347,0.008442721179416102
897,0.5200833505199801,0.5118293468990633,0.008254003711044788
898,0.5226454369483455,0.5141503940666875,0.00849504063596889
899,0.52280920695874,0.5141723535714611,0.008636852538573646
900,0.5163888455398621,0.5084355925360033,0.007953252951284089
901,0.5190613712033918,0.5101930475042712,0.008868322166944704
902,0.5163763218349026,0.5081958333330769,0.008180488809762944
903,0.5195309688006678,0.5114609180919586,0.008070049394342688
904,0.517110675573349,0.5089242237229501,0.008186452331081513
905,0.5721814791041036,0.5634474499571708,0.008734030806789956
906,0.5746643533629756,0.5667623483365581,0.007902007550001144
907,0.6187803408791942,0.5588267085052305,0.059953631427619725
908,0.5655819792901317,0.5539144469845679,0.011667533462206203
909,0.5604641562507998,0.5501322755890508,0.010331881037282368
910,0.5577415280765102,0.5478575508440694,0.009883978073635408
911,0.5549307955849555,0.5453458875417709,0.009584908268504565
912,0.554040938615799,0.5446321329762859,0.009408809289696717
913,0.5510178040112218,0.5418170560752192,0.00920074550254691
914,0.5455315829284729,0.536602446629155,0.008929134346544743
915,0.5465848402630898,0.5377286292852894,0.008856211263205736
916,0.5419076791694087,0.5332284512058381,0.008679226829460072
917,0.5414763592904613,0.5328879077588359,0.008588453183972066
918,0.5379812111777644,0.5294766426086426,0.008504568125992533
919,0.5342974408018973,0.5259561216638934,0.00834132017447583
920,0.5362737645064631,0.5275090307958664,0.008764735445560466
921,0.5358253933729664,0.5274736121777566,0.008351782457001748
922,0.5316516242681011,0.5235806660306069,0.008070960648417953
923,0.5299140772511882,0.5214830478352885,0.008431030655159585
924,0.5318113031887239,0.5235028536089005,0.008308450713933956
925,0.531093894473968,0.5230537422241703,0.008040147908632793
926,0.5295763467588732,0.5216669026882418,0.007909447210089814
927,0.524318155261778,0.5161375586063631,0.008180597196182898
928,0.5264196953465862,0.518629236567405,0.007790456848940061
929,0.5236909216450106,0.5156139048837847,0.00807701465823958
930,0.5187058842951252,0.5110761205996236,0.007629766594618559
931,0.5184083364663585,0.5106081727050966,0.007800164324561915
932,0.518455775034043,0.5107239479980161,0.007731827479156275
933,0.5191559858860508,0.5114910102659657,0.007664976078235815
934,0.5172350262441943,0.5095887631177902,0.0076462645158772505
935,0.5154749082942163,0.5079595451393435,0.007515362396295513
936,0.510890148339733,0.5031945263185809,0.00769562009842165
937,0.5123382854846216,0.5047639344007738,0.007574352135341014
938,0.5107436040716786,0.5031952459004617,0.007548360484502008
939,0.5132813420026533,0.506051323106212,0.00723001568187629
940,0.5105664864663155,0.5030943357175396,0.007472152919358303
941,0.5088166777164705,0.5017020226486267,0.007114655420845074
942,0.5077373846884696,0.5005567376652071,0.007180648420246378
943,0.5050376139340862,0.4979155092470108,0.00712210618169798
944,0.50496408872066,0.4980460314020034,0.006918059331515143
945,0.5035148383148255,0.49600038749556385,0.007514453958719969
946,0.5045363869397871,0.4979685386342387,0.006567851512602741
947,0.49848357131404264,0.49189274301452024,0.0065908295913569385
948,0.5018323856976724,0.49514684561760197,0.006685543745275467
949,0.6494423324061979,0.49410084514848646,0.15534148461395694
950,0.5085315382288348,0.49231452518893826,0.01621701454202975
951,0.504466506742662,0.4926156641975526,0.01185084490345851
952,0.5023690058339026,0.49153698403989116,0.01083202320601671
953,0.5029433821478198,0.492627909106593,0.01031547478370128
954,0.5020748713324147,0.49215105945064175,0.009923812662882189
955,0.4977353811264038,0.48819294812217834,0.009542431817540237
956,0.5023038569957979,0.49290917044685734,0.009394687224900531
957,0.49787894612358463,0.4887908346229984,0.009088110674412982
958,0.5014720501438263,0.49248775599464295,0.008984293743607498
959,0.4991306960582733,0.4903808077496867,0.008749887512456025
960,0.49797934534088256,0.4893837244279923,0.008595620957954277
961,0.4936969184106396,0.48533375609305596,0.008363161641623705
962,0.4946585855176372,0.48631545949366783,0.008343125212817423
963,0.49320617702699476,0.48519430093226895,0.008011877401581696
964,0.4929678161298075,0.48509757413018134,0.007870241714220854
965,0.49332444562065986,0.48557781836678904,0.0077466271412108215
966,0.4931959048394234,0.4855401775529308,0.007655726963533989
967,0.489940922106466,0.4824741477927854,0.007466775455301808
968,0.4894689624347994,0.4821582186606623,0.007310742790239954
969,0.4920682301444392,0.48446091865339586,0.007607310642338087
970,0.48903722724606913,0.4815030362336866,0.007534190479125227
971,0.4856194459622906,0.4787283376339943,0.006891106232820499
972,0.4873374811103267,0.48057560142009487,0.006761879893019795
973,0.48914699737102757,0.4822814305943827,0.006865566679006142
974,0.48777160673372205,0.4809227100303096,0.006848894209871369
975,0.48419049622551086,0.4777241430936321,0.006466354025648006
976,0.4869348123188942,0.4796938848110937,0.007240929100061616
977,0.4834878170682538,0.47718345253698286,0.006304364118184294
978,0.4798127888671814,0.47362671456029337,0.006186073533289375
979,0.4799077477185957,0.47387378446517453,0.006033964184743743
980,0.4820259646061928,0.4758927235680242,0.006133243449092392
981,0.4840021614105471,0.4774139355267248,0.0065882280018300775
982,0.48410743667233375,0.47825262863789836,0.005854806802686184
983,0.7987764621934583,0.4761584040618712,0.3226180499374506
984,0.5122652755629632,0.4750639575143014,0.037201317958533764
985,0.49522522284138587,0.4764048731134784,0.018820349787992817
986,0.49231658539464396,0.47685924412742736,0.015457341642749886
987,0.4852447077151268,0.4715721030389109,0.013672602182674793
988,0.48376612461382346,0.4710693556454874,0.01269676763143751
989,0.48475940910077864,0.47267068970587944,0.012088720236093767
990,0.4830000256338427,0.47145094506202206,0.011549081428036574
991,0.48085547118417676,0.4697289985995139,0.01112647413186008
992,0.48537287260255507,0.47443991274602954,0.010932959120480283
993,0.4813593260703548,0.47078380950035587,0.010575518582857425
994,0.48230551663906346,0.47191813636210656,0.010387379060228985
995,0.48192406229434476,0.471750644426192,0.010173420271565837
996,0.48023721479600473,0.4702732702416758,0.009963943457771693
997,0.4817884910491205,0.4719545567227948,0.00983393624905617
998,0.48146995805924936,0.47179585551061937,0.009674103645187232
999,0.4752501489654664,0.4658549077087833,0.009395241181576443
1000,0.4782286435365677,0.46890161498900385,0.009327029584035758
