,total_loss,spectral_loss
0,36.08309991898075,36.08309991898075
1,26.810347526304184,26.810347526304184
2,26.334678649902344,26.334678649902344
3,26.007222575526082,26.007222575526082
4,25.526142920217207,25.526142920217207
5,25.50361374885805,25.50361374885805
6,25.435364753969253,25.435364753969253
7,25.223445338587606,25.223445338587606
8,25.26594377333118,25.26594377333118
9,24.969269844793505,24.969269844793505
10,24.847690397693263,24.847690397693263
11,24.680456961354903,24.680456961354903
12,24.55732031791441,24.55732031791441
13,24.43236566358997,24.43236566358997
14,24.647010187948904,24.647010187948904
15,24.23943131969821,24.23943131969821
16,24.413521182152532,24.413521182152532
17,23.942772649949596,23.942772649949596
18,24.19826772136073,24.19826772136073
19,23.779667023689516,23.779667023689516
20,23.692837745912612,23.692837745912612
21,23.658260837677986,23.658260837677986
22,23.054672118156187,23.054672118156187
23,22.878112854496127,22.878112854496127
24,22.976297932286418,22.976297932286418
25,23.04006533468923,23.04006533468923
26,22.96267251045473,22.96267251045473
27,22.988020189346805,22.988020189346805
28,22.76409136864447,22.76409136864447
29,22.68582417888026,22.68582417888026
30,22.423807451801917,22.423807451801917
31,22.298155876897997,22.298155876897997
32,22.201708578294323,22.201708578294323
33,21.666166674706243,21.666166674706243
34,21.674145667783677,21.674145667783677
35,21.01182076238817,21.01182076238817
36,20.786498777328,20.786498777328
37,19.844722317111106,19.844722317111106
38,17.99792351261262,17.99792351261262
39,14.963119937527564,14.963119937527564
40,11.046850973559964,11.046850973559964
41,8.227540846793882,8.227540846793882
42,7.098468057570919,7.098468057570919
43,7.151249224139798,7.151249224139798
44,6.749597518674789,6.749597518674789
45,6.245965080876505,6.245965080876505
46,5.96211588767267,5.96211588767267
47,5.76438537720711,5.76438537720711
48,5.352210429406935,5.352210429406935
49,4.984185864848476,4.984185864848476
50,4.654329699854697,4.654329699854697
51,4.613114326230941,4.613114326230941
52,4.296112168219782,4.296112168219782
53,3.812881854272658,3.812881854272658
54,3.6199758975736556,3.6199758975736556
55,3.2993268197582615,3.2993268197582615
56,3.187910556793213,3.187910556793213
57,3.0594474654043875,3.0594474654043875
58,2.9238026449757237,2.9238026449757237
59,2.7466099800602084,2.7466099800602084
60,2.5633601757787887,2.5633601757787887
61,2.493438974503548,2.493438974503548
62,2.387729775521063,2.387729775521063
63,2.4393619183571107,2.4393619183571107
64,2.4408000822990172,2.4408000822990172
65,2.348058477524788,2.348058477524788
66,2.275653193073888,2.275653193073888
67,2.310155403229498,2.310155403229498
68,2.2166887483289166,2.2166887483289166
69,2.2236041445885935,2.2236041445885935
70,2.1693417295332877,2.1693417295332877
71,2.1372627558246737,2.1372627558246737
72,2.1358605315608363,2.1358605315608363
73,2.076728620836812,2.076728620836812
74,2.129528587864291,2.129528587864291
75,2.086645230170219,2.086645230170219
76,2.0506034666492092,2.0506034666492092
77,2.0358420033608713,2.0358420033608713
78,2.0582658436990555,2.0582658436990555
79,2.0677029278970536,2.0677029278970536
80,2.0553771603491997,2.0553771603491997
81,2.0646210716616724,2.0646210716616724
82,2.016558327982503,2.016558327982503
83,2.0544643748191094,2.0544643748191094
84,2.0161218912370744,2.0161218912370744
85,1.996296528846987,1.996296528846987
86,1.9996856681762203,1.9996856681762203
87,1.973446180743556,1.973446180743556
88,1.9812008834654284,1.9812008834654284
89,1.9661690573538504,1.9661690573538504
90,1.9159515634659798,1.9159515634659798
91,1.965946985829261,1.965946985829261
92,1.9445125672125048,1.9445125672125048
93,1.9349950821168962,1.9349950821168962
94,1.9252337524967809,1.9252337524967809
95,1.911644954835215,1.911644954835215
96,1.895399151309844,1.895399151309844
97,1.9019877795250184,1.9019877795250184
98,1.8792529298413185,1.8792529298413185
99,1.9402960846501012,1.9402960846501012
100,1.8433858617659538,1.8433858617659538
101,1.8980214288157802,1.8980214288157802
102,1.869759525022199,1.869759525022199
103,1.8932943074933943,1.8932943074933943
104,1.8931025228192728,1.8931025228192728
105,1.9282297626618417,1.9282297626618417
106,1.8542378717853176,1.8542378717853176
107,1.85720282600772,1.85720282600772
108,1.8378888291697348,1.8378888291697348
109,1.8107116683836906,1.8107116683836906
110,1.820022383043843,1.820022383043843
111,1.8121493747157436,1.8121493747157436
112,1.7906669532099078,1.7906669532099078
113,1.8200846910476685,1.8200846910476685
114,1.821187707685655,1.821187707685655
115,1.822314650781693,1.822314650781693
116,1.8365127578858407,1.8365127578858407
117,1.8053342296231178,1.8053342296231178
118,1.7832647177480883,1.7832647177480883
119,1.8065565978327105,1.8065565978327105
120,1.794924751404793,1.794924751404793
121,1.7787869399593723,1.7787869399593723
122,1.8002701536301644,1.8002701536301644
123,1.7438646939492994,1.7438646939492994
124,1.779222430721406,1.779222430721406
125,1.7782047064073625,1.7782047064073625
126,1.7448626333667385,1.7448626333667385
127,1.7624393740007955,1.7624393740007955
128,1.7556548387773576,1.7556548387773576
129,1.7348364630053121,1.7348364630053121
130,1.7493073594185613,1.7493073594185613
131,1.704795310574193,1.704795310574193
132,1.7368646206394318,1.7368646206394318
133,1.760861216052886,1.760861216052886
134,1.731167943246903,1.731167943246903
135,1.7581962000939153,1.7581962000939153
136,1.7251741693865867,1.7251741693865867
137,1.7234000890485701,1.7234000890485701
138,1.689763246044036,1.689763246044036
139,1.7370676571323025,1.7370676571323025
140,1.6929545364072245,1.6929545364072245
141,1.684165446988998,1.684165446988998
142,1.6942041189439836,1.6942041189439836
143,1.708330835065534,1.708330835065534
144,1.7088316063727103,1.7088316063727103
145,1.6785504702598817,1.6785504702598817
146,1.7126192008295367,1.7126192008295367
147,1.6768716419896772,1.6768716419896772
148,1.706777649541055,1.706777649541055
149,1.6995487328498595,1.6995487328498595
150,1.6895752529944144,1.6895752529944144
151,1.7145416659693564,1.7145416659693564
152,1.6528543849145212,1.6528543849145212
153,1.6700457872882966,1.6700457872882966
154,1.68029373691928,1.68029373691928
155,1.673056056422572,1.673056056422572
156,1.6473574946003575,1.6473574946003575
157,1.6562357102670977,1.6562357102670977
158,1.659650041211036,1.659650041211036
159,1.6683969613044494,1.6683969613044494
160,1.6552179782621321,1.6552179782621321
161,1.6511133640043196,1.6511133640043196
162,1.6632585717785744,1.6632585717785744
163,1.6644080877304077,1.6644080877304077
164,1.619165382077617,1.619165382077617
165,1.6274371877793343,1.6274371877793343
166,1.6174168394457908,1.6174168394457908
167,1.6242230938326927,1.6242230938326927
168,1.6394180213251421,1.6394180213251421
169,1.65822426349886,1.65822426349886
170,1.642894898691485,1.642894898691485
171,1.618477394503932,1.618477394503932
172,1.6166059240218131,1.6166059240218131
173,1.6650811972156647,1.6650811972156647
174,1.6173346965543685,1.6173346965543685
175,1.602219316267198,1.602219316267198
176,1.5936675379353185,1.5936675379353185
177,1.6162794213141165,1.6162794213141165
178,1.5854181820346462,1.5854181820346462
179,1.5864379867430656,1.5864379867430656
180,1.5917831774680846,1.5917831774680846
181,1.5825020997754988,1.5825020997754988
182,1.5764083785395469,1.5764083785395469
183,1.5866038260921356,1.5866038260921356
184,1.5860938179877497,1.5860938179877497
185,1.5942587929387246,1.5942587929387246
186,1.5969395560602988,1.5969395560602988
187,1.6010187249029837,1.6010187249029837
188,1.582806118073002,1.582806118073002
189,1.603919021544918,1.603919021544918
190,1.5867334681172525,1.5867334681172525
191,1.5800214275237052,1.5800214275237052
192,1.5812957402198546,1.5812957402198546
193,1.5568638963084067,1.5568638963084067
194,1.5673490762710571,1.5673490762710571
195,1.5339145468127342,1.5339145468127342
196,1.599030848472349,1.599030848472349
197,1.556709462596524,1.556709462596524
198,1.557231806939648,1.557231806939648
199,1.5688845803660731,1.5688845803660731
200,1.5674598563101985,1.5674598563101985
201,1.5540834703753073,1.5540834703753073
202,1.5308599548955117,1.5308599548955117
203,1.5525234245484876,1.5525234245484876
204,1.564658934070218,1.564658934070218
205,1.5580103974188528,1.5580103974188528
206,1.515267329831277,1.515267329831277
207,1.5388714498089207,1.5388714498089207
208,1.5445234737088602,1.5445234737088602
209,1.5492714681933004,1.5492714681933004
210,1.6145286713877032,1.6145286713877032
211,1.5372988677793933,1.5372988677793933
212,1.5227965885593044,1.5227965885593044
213,1.5088384651368665,1.5088384651368665
214,1.5287217170961442,1.5287217170961442
215,1.520392152570909,1.520392152570909
216,1.5113377455742127,1.5113377455742127
217,1.5420627324811873,1.5420627324811873
218,1.5443957198050715,1.5443957198050715
219,1.509692157468488,1.509692157468488
220,1.4916922661565966,1.4916922661565966
221,1.5558881875007384,1.5558881875007384
222,1.5140256304894724,1.5140256304894724
223,1.5071844016352007,1.5071844016352007
224,1.549793001144163,1.549793001144163
225,1.5219134284603981,1.5219134284603981
226,1.5146386085018035,1.5146386085018035
227,1.5158353620959866,1.5158353620959866
228,1.5157436440067906,1.5157436440067906
229,1.525081184602553,1.525081184602553
230,1.500687826064325,1.500687826064325
231,1.504940063722672,1.504940063722672
232,1.4768465680460776,1.4768465680460776
233,1.4983384609222412,1.4983384609222412
234,1.4766891348746516,1.4766891348746516
235,1.4794216694370392,1.4794216694370392
236,1.519135102148979,1.519135102148979
237,1.5038134244180494,1.5038134244180494
238,1.4967336693117697,1.4967336693117697
239,1.482034287145061,1.482034287145061
240,1.469091869169666,1.469091869169666
241,1.5234106586825462,1.5234106586825462
242,1.5159625545624764,1.5159625545624764
243,1.5032402507720455,1.5032402507720455
244,1.463500161324778,1.463500161324778
245,1.4767264012367494,1.4767264012367494
246,1.4880147749377834,1.4880147749377834
247,1.5008378144233459,1.5008378144233459
248,1.4923565926090363,1.4923565926090363
249,1.5165979323848602,1.5165979323848602
250,1.4407669075073735,1.4407669075073735
251,1.5036869087526876,1.5036869087526876
252,1.4814484196324502,1.4814484196324502
253,1.5006301172317997,1.5006301172317997
254,1.4800504869030369,1.4800504869030369
255,1.4801868815575876,1.4801868815575876
256,1.4759070988624328,1.4759070988624328
257,1.4739002758456814,1.4739002758456814
258,1.4760073692567888,1.4760073692567888
259,1.469279320009293,1.469279320009293
260,1.4595420668202062,1.4595420668202062
261,1.4893857009949223,1.4893857009949223
262,1.4850128504537767,1.4850128504537767
263,1.4989746078368156,1.4989746078368156
264,1.4591037765625985,1.4591037765625985
265,1.4463878062463575,1.4463878062463575
266,1.467762650982026,1.467762650982026
267,1.4893815709698586,1.4893815709698586
268,1.5066880141535113,1.5066880141535113
269,1.5201807829641527,1.5201807829641527
270,1.4500793949250252,1.4500793949250252
271,1.475997144176114,1.475997144176114
272,1.4622629803995932,1.4622629803995932
273,1.4390327007539812,1.4390327007539812
274,1.4457706559088923,1.4457706559088923
275,1.4617892619102233,1.4617892619102233
276,1.4916703893292336,1.4916703893292336
277,1.4592450972526305,1.4592450972526305
278,1.453377523729878,1.453377523729878
279,1.4284207513255458,1.4284207513255458
280,1.4455386169495121,1.4455386169495121
281,1.4561012829503706,1.4561012829503706
282,1.4352406109533002,1.4352406109533002
283,1.4752424570821947,1.4752424570821947