,total_loss,spec_loss,audio_loss
0,3.0517065458297727,3.051398476600647,0.00030806934458669274
1,2.1063154241561888,2.1060077322006228,0.00030769302351400254
2,1.8670940006256103,1.866786943244934,0.000307058523921296
3,1.7814834339141845,1.7811760162353516,0.00030741736276540906
4,1.6600057706832885,1.6596989240646363,0.0003068496255669743
5,1.964157017326355,1.9638512277603148,0.00030578436087816955
6,1.6891763441085816,1.6888709951400758,0.00030534733531530946
7,1.8394363943099976,1.8391311813354492,0.0003052110768854618
8,1.5447020204544066,1.5443955982208253,0.0003064237346174195
9,1.453592381477356,1.4532847448349,0.0003076358433114365
10,1.538355703163147,1.5380490268707276,0.00030667624501511456
11,1.4299307691574097,1.429622058868408,0.00030871196603402494
12,2.101605781745911,2.101300859832764,0.0003049238124396652
13,1.6830152364730835,1.68270869140625,0.00030654451448936014
14,1.4462337217330932,1.4459265472412108,0.00030717543181963265
15,1.4126372776031495,1.4123293865203856,0.0003078894893405959
16,1.4112319261550903,1.4109243844985961,0.00030753806168213487
17,1.395292807006836,1.394985044670105,0.00030776242553256453
18,1.3911030809402465,1.3907955329895019,0.00030754661285318434
19,1.3666619441986083,1.366353829574585,0.00030811635330319404
20,1.3674377655029297,1.3671304935455322,0.0003072697206400335
21,1.3894830419540405,1.3891758884429932,0.00030715426017995925
22,1.8523294834136963,1.8520259548187257,0.00030352940771263094
23,1.3875474515914916,1.387240510749817,0.00030693783746100963
24,1.3600778171539307,1.3597705463409424,0.000307268156344071
25,1.3458343269348145,1.345526481628418,0.00030784359788522123
26,1.402863429260254,1.402556824684143,0.000306603434914723
27,1.3224358224868775,1.3221290824890137,0.00030673905583098533
28,1.435193057823181,1.4348856969833375,0.0003073604633565992
29,1.3158836416244506,1.3155765228271485,0.00030712130435276775
30,1.2914007259368896,1.2910926710128785,0.00030805496661923825
31,1.3067600975036622,1.306452091407776,0.00030800595125183466
32,1.2894632329940796,1.289156095123291,0.00030713676363229754
33,1.2702505167007447,1.2699422779083251,0.00030823915437795224
34,1.2780637178421022,1.2777560131072998,0.0003077033338602632
35,1.3183819352149964,1.3180738400459289,0.00030809173223096876
36,1.4335259397506714,1.4332186086654664,0.00030733352808747443
37,1.4464871000289916,1.4461801952362061,0.0003069034290965647
38,1.4701279905319213,1.4698211982727052,0.0003067924333969131
39,1.410401668357849,1.4100949697494507,0.0003066998203517869
40,1.2970196346282958,1.2967114492416383,0.0003081878628348932
41,1.3723665504455567,1.3720599044799804,0.0003066472703125328
42,1.3418297258377074,1.3415227743148803,0.0003069520867429674
43,1.273884649848938,1.2735775783538819,0.000307069441722706
44,1.2515629671096802,1.251256001186371,0.0003069632661761716
45,1.247594408416748,1.2472870092391968,0.00030739825144410134
46,1.2439704321861267,1.243663252067566,0.0003071787782246247
47,1.4066897842407227,1.4063836235046387,0.0003061606521019712
48,1.2833316145896911,1.2830241895675658,0.0003074238184839487
49,1.2476494010925292,1.2473418439865112,0.0003075553100788966
50,1.3888044631004333,1.3884968755722047,0.0003075845570769161
51,1.2508013825416564,1.2504941475868225,0.00030723474575206636
52,1.2363948417663575,1.2360869464874267,0.0003078951616073027
53,1.2298474133491517,1.2295392323493957,0.0003081821858184412
54,1.2241485852241516,1.2238406254768373,0.00030796014415100214
55,1.7618566898345946,1.7615506875991822,0.00030600211361888794
56,1.5011606405258178,1.500852715110779,0.00030792442061938345
57,1.3064345628738403,1.306126707649231,0.0003078535534441471
58,1.2486274993896485,1.2483199014663697,0.00030759541324805467
59,1.234739283657074,1.234431439590454,0.0003078428440028802
60,1.3733135900497437,1.3730063037872315,0.00030728718205355105
61,1.303674673652649,1.3033670738220215,0.0003075989422388375
62,1.26460455493927,1.2642960474014282,0.00030850836713798346
63,1.2445908412933349,1.2442829260826112,0.00030791659106034784
64,1.234760764312744,1.2344525136947633,0.0003082500291056931
65,1.2221257262229919,1.2218182168006897,0.00030750977187417447
66,1.216966774082184,1.2166586339950562,0.00030813953874167055
67,1.211243337249756,1.2109350233078002,0.0003083157869754359
68,1.2081065951347352,1.2077979590415955,0.0003086369809694588
69,1.2026902154922485,1.2023816926002502,0.0003085231351200491
70,1.3774367015838622,1.3771296641349793,0.00030704035204835234
71,1.2676672925949097,1.2673584706306458,0.00030882275796029717
72,1.3740830505371093,1.373776029396057,0.0003070216552354395
73,1.2938251473426818,1.2935173382759095,0.00030781049910001457
74,1.5603705484390258,1.5600640602111817,0.0003064904603175819
75,1.2712859502792357,1.2709777616500855,0.00030818862332962455
76,1.2280452926635743,1.2277373512268066,0.0003079446596326306
77,1.2102605728149414,1.2099520243644715,0.0003085463584866375
78,1.201659783935547,1.2013516390800476,0.00030814427034929395
79,1.2427737865447999,1.2424665731430053,0.00030721522206440566
80,1.2513894561767578,1.2510810260772705,0.0003084303156007081
81,1.2044719463348388,1.2041647869110108,0.00030715976385399697
82,1.1987895904541015,1.1984813738822937,0.00030821443528402596
83,1.1941447696685792,1.1938365854263306,0.0003081824274268001
84,1.2656635645866394,1.2653556631088256,0.00030790213858708737
85,1.1967273656845092,1.1964188369750977,0.00030852918312884866
86,1.1863026419639588,1.1859939491271974,0.0003086921916110441
87,1.22771999502182,1.227411664390564,0.00030833058040589093
88,1.2268624898910523,1.2265539427757264,0.0003085476161679253
89,1.1876398496627807,1.1873313282966613,0.0003085191714344546
90,1.183191159248352,1.1828818108558654,0.00030934899819549174
91,1.1802031304359435,1.179894126033783,0.00030900454791262747
92,1.1843605527877807,1.184051711845398,0.00030884266644716263
93,1.1707601231575013,1.1704524408340453,0.00030768318616319445
94,1.4744967529296875,1.4741910514831542,0.00030570122133940456
95,1.1946688027381898,1.1943604873657228,0.00030831562401726845
96,1.1862778406143188,1.1859688740730285,0.0003089668720262125
97,1.2371400850296022,1.23683254032135,0.00030754741919226947
98,1.1880758623123169,1.187767314338684,0.00030854967173654587
99,1.178426366519928,1.1781179132461548,0.00030845463927835226
100,1.1720753955841063,1.1717668367385865,0.00030856053875759245
101,1.1743864575386047,1.174078505706787,0.00030795138766989114
102,1.1723892324447631,1.1720801776885987,0.00030905557204969226
103,1.2263545352935792,1.2260461519241332,0.00030838414137251675
104,1.1715930481910706,1.171283669567108,0.0003093780055642128
105,1.493465254688263,1.4931570982933045,0.0003081574845826253
106,1.411640572166443,1.4113321634292602,0.00030840908156242223
107,1.2200731998443604,1.2197640098571778,0.0003091904412722215
108,1.19754517288208,1.1972359374046326,0.0003092363736359403
109,1.1862928496360778,1.185983026599884,0.00030982280671596526
110,1.1754448899269103,1.1751359719276429,0.00030891951045487076
111,1.173899131965637,1.1735897554397583,0.00030937792188487947
112,1.1734768635749817,1.1731681580543518,0.00030870480502489953
113,1.164608557701111,1.164299866771698,0.0003086904055206105
114,1.1683059438705445,1.167997529697418,0.0003084138617152348
115,1.2710061827659607,1.27069768743515,0.0003084964765934274
116,1.3140394715309143,1.313731667327881,0.0003078030069125816
117,1.1908911060333252,1.1905816900253297,0.0003094148821895942
118,1.1737468117713927,1.1734380136489868,0.0003087968766223639
119,1.1680214809417724,1.1677123741149902,0.0003091049192706123
120,1.163913240814209,1.1636041679382325,0.0003090726726688445
121,1.165504107093811,1.1651947440147399,0.0003093644217122346
122,1.159937504005432,1.1596285614013673,0.00030894176161382346
123,1.4590306161880493,1.4587231839179993,0.00030743357387837025
124,1.3776335779190063,1.3773257181167602,0.00030786287439987065
125,1.2184483945846558,1.2181393712043762,0.00030902086696587503
126,1.1774514738082886,1.1771424719810486,0.00030900007844902573
127,1.1696736071586609,1.1693647519111634,0.0003088537459494546
128,1.1665558880805968,1.1662463335037232,0.0003095532093895599
129,1.2755434936523438,1.2752356365203859,0.000307855653623119
130,1.21544493598938,1.2151362791061402,0.0003086562687065452
131,1.1838376838684082,1.1835284852027894,0.0003091973508475348
132,1.1710861293792725,1.1707773940086366,0.00030873356584925206
133,1.1682885457038878,1.16797964925766,0.00030889311684295537
134,1.16707476644516,1.166765269947052,0.0003094968409277499
135,1.1641101482391358,1.163800378894806,0.0003097695245873183
136,1.1743472344398498,1.1740376037597657,0.0003096296004252508
137,1.1595241960525513,1.1592137677192689,0.00031042598714120685
138,1.1699566842079163,1.1696472131729125,0.00030947163058444855
139,1.1559902824401855,1.1556801651954651,0.00031011672669555994
140,1.1535427247047425,1.1532330780029296,0.000309644860913977
141,1.2221507683753967,1.2218422456741334,0.00030852334999945016
142,1.157272486114502,1.1569626091957093,0.00030987532315775754
143,1.149074232196808,1.1487647613525391,0.000309472166467458
144,1.1476244050979614,1.1473150384902955,0.00030936409146524967
145,1.483875230884552,1.4835696373939513,0.0003055957738077268
146,1.3162000284194946,1.3158923126220703,0.00030771479019895196
147,1.2362224123001098,1.2359135049819947,0.0003089080313453451
148,1.2008507599830627,1.2005414168357849,0.0003093435041606426
149,1.1818712993621827,1.1815617011070252,0.00030959774916991593
150,1.1697816548347473,1.169472559928894,0.00030909503016155214
151,1.1735628158569336,1.1732542589187622,0.000308557993452996
152,1.1601705596923828,1.1598616572380065,0.0003089047478279099
153,1.156206415939331,1.1558970247268676,0.0003093912578420714
154,1.6159093124389647,1.6156025665283202,0.0003067448849789798
155,1.343324718093872,1.3430167098999024,0.00030800915886648
156,1.220149003791809,1.219840727043152,0.0003082797534763813
157,1.2055213827133178,1.2052126002311707,0.00030878648138605056
158,1.1821516523361206,1.1818420627593995,0.00030958939637057485
159,1.1716907605171203,1.171382129383087,0.0003086313263513148
160,1.1718084077835083,1.1714992163658142,0.0003091920818202198
161,1.169769941329956,1.1694607187271118,0.00030922446062322704
162,1.1598781589508056,1.1595695185661317,0.00030864133567083625
163,1.1918403882026671,1.1915321352005004,0.00030825667849276216
164,1.1625207755088807,1.162212670135498,0.0003081045996164903
165,1.1508204025268556,1.1505121926307678,0.00030820952442009
166,1.1677790006637574,1.1674701971054078,0.0003088033565552905
167,1.3639730191230774,1.3636656982421875,0.0003073205925291404
168,1.2500251588821412,1.2497180850982665,0.00030707522875163707
169,1.1862401700019836,1.1859313026428222,0.0003088669944321737
170,1.1697071840286255,1.1693980940818787,0.00030909014628268777
171,1.1589967889785766,1.158688048839569,0.00030874137962237
172,1.1548540132522582,1.1545449719429015,0.0003090414485661313
173,1.2988082055091859,1.2984999134063722,0.000308293417817913
174,1.208427383518219,1.2081183039665222,0.00030908308036159724
175,1.159622782421112,1.1593135208129883,0.0003092620911076665
176,1.1489757391929627,1.1486668950080872,0.0003088444583583623
177,1.1453435808181762,1.1450347117424011,0.00030886954374145716
178,1.1509459127426147,1.1506375005722045,0.00030841308324597777
179,1.1463931658744813,1.1460842432975769,0.00030892264612484725
180,1.1457989483833313,1.1454896295547485,0.000309318937594071
181,1.2125399221420288,1.2122312258720398,0.0003086965303402394
182,1.416071192741394,1.4157623432159423,0.0003088486413937062
183,1.1923154243469238,1.192006704044342,0.0003087198654189706
184,1.3036793841362,1.3033713586807252,0.0003080252879066393
185,1.1897498119354248,1.1894408084869386,0.00030900487799663095
186,1.1659500410079957,1.1656413682937623,0.0003086722701322287
187,1.1527445643424987,1.1524360185623168,0.0003085465459153056
188,1.1617610341072082,1.1614517946243286,0.0003092397366883233
189,1.1467869311332703,1.1464784222602844,0.0003085117093520239
190,1.1445920385360717,1.144282962989807,0.0003090764848282561
191,1.273430335521698,1.273123068523407,0.00030726574114523826
192,1.1834068625450134,1.1830976363182069,0.0003092260451056063
193,1.1692163557052613,1.1689070803642272,0.0003092774373246357
194,1.2437734538078309,1.2434644172668456,0.0003090368547011167
195,1.1649275156974792,1.164618689250946,0.0003088289044098929
196,1.1594555145263672,1.1591462862968445,0.0003092285646358505
197,1.14918103723526,1.1488722312927246,0.00030880499985069034
198,1.1461463795661926,1.1458375473976135,0.0003088322126306593
199,1.1461170437812804,1.1458079014778138,0.00030914156371727585
200,1.139540343284607,1.1392314888954163,0.000308852229360491
201,1.4649957397460938,1.4646889552116393,0.0003067848144564778
202,1.236430545425415,1.2361209601402283,0.0003095865537412465
203,1.174560049533844,1.1742512467384338,0.00030880280495621264
204,1.1660677076339723,1.1657579265594482,0.00030978230130858717
205,1.159151104736328,1.1588412282943725,0.0003098765908041969
206,1.1530537734031676,1.1527446210861205,0.0003091520591871813
207,1.1514935128211976,1.1511846093177796,0.00030890419639181344
208,1.180975840473175,1.1806672916412353,0.0003085490558994934
209,1.183620975780487,1.1833126643180847,0.00030830919379368427
210,1.145556499671936,1.1452470834732056,0.0003094136192463338
211,1.1402245157241822,1.1399151715278626,0.0003093424469931051
212,1.1651560024261474,1.1648471332550048,0.000308870734507218
213,1.1396655940055846,1.1393564520835877,0.0003091394152725115
214,1.1390070314407348,1.1386979172706604,0.00030911239250563087
215,1.1313674775123597,1.1310594111442567,0.00030806828506756574
216,1.134804047679901,1.1344946866989136,0.00030936112818308174
217,1.1405319415092467,1.1402231885910035,0.0003087545258225873
218,1.1468181524276733,1.146508523273468,0.00030963003349024804
219,1.135615441608429,1.13530574798584,0.00030969463689252733
220,1.1300796526908874,1.129771112537384,0.0003085403325268999
221,1.130059108543396,1.1297498151779175,0.00030929365151096137
222,1.4469352915763856,1.446627453136444,0.0003078412819653749
223,1.1810288146018981,1.180719451713562,0.0003093614686280489
224,1.1575452252388,1.1572366189002992,0.00030860841926187276
225,1.145492590045929,1.1451840914726257,0.00030849668476730586
226,1.1406509039878845,1.1403421024322509,0.0003088020831812173
227,1.1406640906333922,1.1403549130439758,0.00030917711313813926
228,1.141651678276062,1.141342795085907,0.0003088827669620514
229,1.1365565007209777,1.136247740650177,0.00030876024903263896
230,1.174543314933777,1.1742333889961243,0.00030992593709379434
231,1.135490661239624,1.1351811617851257,0.0003095005408162251
232,1.129696940422058,1.1293879879951476,0.0003089530871482566
233,1.1268459880828858,1.126537517261505,0.0003084711243165657
234,1.1281366325378417,1.1278273191452026,0.00030931416226085274
235,1.1295092747688293,1.1291999071121215,0.00030936894468031826
236,1.138093713283539,1.1377841276168823,0.0003095865837763995
237,1.126849011707306,1.1265392795562743,0.000309730843314901
238,1.1235222592353822,1.1232133287429809,0.00030893086837604643
239,1.1236418761253357,1.1233333403587342,0.00030853476806078106
240,1.337030461883545,1.3367211566925048,0.00030930341470520944
241,1.2820116562843322,1.2817019780158996,0.0003096792111871764
242,1.1718562388420104,1.1715462439537048,0.00030999527871608735
243,1.158275209236145,1.1579645350456238,0.00031067475066520273
244,1.146622749042511,1.1463121381759644,0.0003106107358587906
245,1.1410221099853515,1.140712199306488,0.00030990986898541453
246,1.135077862071991,1.1347677429199219,0.0003101193882059306
247,1.1339717416763306,1.1336610745429994,0.0003106668428052217
248,1.5071069969177247,1.5067979912757874,0.0003090061879018322
249,1.202324973297119,1.202014900970459,0.00031007380378432573
250,1.1526737425804139,1.152362903022766,0.00031084017786197363
251,1.1350137106895446,1.1347037425994873,0.00030996857818681747
252,1.1305669325828551,1.1302568024635316,0.0003101317743770778
253,1.13122794380188,1.130917248249054,0.0003106922171311453
254,1.126747508907318,1.1264372486114502,0.00031026026285253463
255,1.1689442286491394,1.1686338841438293,0.0003103449375834316
256,1.135689910030365,1.135380069065094,0.0003098403523210436
257,1.1368489672660829,1.1365388758659363,0.0003100905506173149
258,1.126294616317749,1.125984656906128,0.0003099588344572112
259,1.1244198363304139,1.1241101119995118,0.00030972360253799707
260,1.1254521551132202,1.1251420677185058,0.00031008744523860517
261,1.1245226037979126,1.1242125879287719,0.00031001609377563
262,1.1230282599449157,1.1227186353683472,0.00030962540979962794
263,1.2829134150505066,1.2826061200141907,0.00030729599636979403
264,1.1764596855163574,1.1761503004074096,0.00030938354507088664
265,1.145395265197754,1.1450858709335328,0.0003093928842106834
266,1.1369742787361146,1.1366647545814514,0.00030952695135492834
267,1.1343971546173095,1.1340878539085388,0.0003093001724220812
268,1.1333736095428466,1.1330644421577454,0.0003091665424406528
269,1.1316557146072388,1.131346000480652,0.0003097111294977367
270,1.1238398443222046,1.1235311664581298,0.000308679926302284
271,1.3684183458328247,1.3681096504211425,0.0003086939361877739
272,1.7398590656280517,1.7395521884918212,0.00030687537684571
273,1.2528786931991578,1.2525695741653442,0.00030911956606432796
274,1.1753103875160218,1.1750003867149352,0.00031000117040239273
275,1.1540690079689027,1.153759771156311,0.0003092360238544643
276,1.1447767040252685,1.1444675885200501,0.0003091185756260529
277,1.1407354649543762,1.1404256016731262,0.00030986168941017243
278,1.1332353183746338,1.132925913143158,0.0003094053750857711
279,1.3080638578414916,1.307755933189392,0.000307925341068767
280,1.1611498764991761,1.1608408732414246,0.00030900360743980855
281,1.1463594264984132,1.1460502679824829,0.00030915601474698634
282,1.1417742537498474,1.1414651577949524,0.0003090988845564425
283,1.1377674521446228,1.1374580657958984,0.0003093865418806672
284,1.1294610404014587,1.1291519927024842,0.0003090464415960014
285,1.1290559964179994,1.128746680831909,0.00030931487202178685
286,1.1277619808197021,1.1274523884773255,0.0003095895980251953
287,1.1227601638793945,1.1224505340576172,0.00030962959462776783
288,1.1285483076095582,1.1282380794525146,0.00031023016949184237
289,1.1250174571990967,1.1247067706108094,0.00031068899272941055
290,1.1203688035964965,1.1200587740898131,0.00031003167144954207
291,1.1180171711921691,1.1177074628829955,0.00030970841038506475
292,1.4835779726982117,1.4832708667755128,0.00030710508581250907
293,1.1867842176437378,1.1864751132011413,0.0003091040293453261
294,1.1582318623542787,1.1579230654716492,0.00030879508093930783
295,1.1478947266578674,1.1475854521751403,0.0003092743629589677
296,1.1420541165351867,1.1417446385383605,0.00030947686524596064
297,1.146402638053894,1.1460923939704895,0.0003102456376189366
298,1.1384816615104676,1.1381717104911804,0.0003099503398640081
299,1.1292215592384338,1.1289123799324035,0.0003091805128613487
300,1.130210378932953,1.1299013440132142,0.00030903447202872483
301,1.1336239378929138,1.1333139339447023,0.00031000260477885604
302,1.352030488014221,1.3517231040000917,0.0003073828894644976
303,1.1608715260505675,1.1605620889663697,0.0003094356973422691
304,1.1450194233894349,1.1447096472740173,0.00030977666997350755
305,1.1381506306648255,1.1378404743194581,0.00031015794291161
306,1.1313853547096253,1.1310753143310548,0.00031004044013097884
307,1.1296874247550965,1.129377034473419,0.00031038998395670203
308,1.1268006999015807,1.12649108171463,0.00030961783933453264
309,1.1602531907081604,1.1599427090644836,0.00031048048273660245
310,1.1259952258110046,1.125685244178772,0.00030998130228836087
311,1.123999727153778,1.1236890049934387,0.00031072321713436393
312,1.1214827627182007,1.1211722220420837,0.0003105421458836645
313,1.1203793290138244,1.1200691620826722,0.0003101659703068435
314,1.2705097717285156,1.2702011316299437,0.0003086391723016277
315,1.1950960520744325,1.1947868450164796,0.00030920747439377007
316,1.1424817190170289,1.1421722111701966,0.000309506788267754
317,1.1337352681159973,1.1334259130477906,0.00030935598879586906
318,1.134863456249237,1.134554220867157,0.0003092358245048672
319,1.124295486831665,1.1239868815422058,0.00030860416502691805
320,1.1582411913871764,1.1579326468467712,0.0003085457933600992
321,1.1239156224250793,1.1236069231987,0.00030870156823657453
322,1.1213303579330445,1.1210212106704711,0.00030914636608213184
323,1.125846053981781,1.125536379814148,0.00030967468039598317
324,1.117503495788574,1.117194412612915,0.0003090837284224108
325,1.1236601168632507,1.1233503825187683,0.0003097347999224439
326,1.3154620700836182,1.3151531162261962,0.0003089538674801588
327,1.2489805673599244,1.2486713743209839,0.0003091914706397802
328,1.1635603046417236,1.1632509086608886,0.0003093964611180127
329,1.1420109245300294,1.141701612472534,0.00030931320395320656
330,1.1311664512634276,1.13085741815567,0.0003090324025368318
331,1.1276653197288513,1.1273553292274474,0.0003099910010118037
332,1.1241910801887511,1.1238813354492188,0.00030974386371672154
333,1.1233388481140136,1.1230289087295533,0.00030993951032869517
334,1.1214411148071288,1.1211314301490785,0.00030968584732618185
335,1.1460106672286987,1.145701457595825,0.00030920861926861105
336,1.142995059776306,1.1426856114387511,0.00030944566205143927
337,1.118741143321991,1.118431360054016,0.00030978368509095163
338,1.1163783115386963,1.1160687886238099,0.0003095223732758313
339,1.114351066684723,1.1140420609474182,0.0003090072046034038
340,1.1146915181159973,1.1143819254875182,0.0003095911873038858
341,1.1151170979499816,1.114807444190979,0.00030965408131014555
342,1.1167682302474975,1.1164569105148316,0.00031132023818790914
343,1.1102668481826783,1.1099572751045228,0.00030957308025099335
344,1.1141895320892334,1.1138793871879578,0.0003101458492456004
345,1.1138459504127503,1.1135356852531433,0.00031026391969062386
346,1.1111874013900758,1.1108772092819215,0.0003101947765564546
347,1.332444209098816,1.332135048675537,0.0003091615891782567
348,1.3574830200195311,1.3571740409851074,0.0003089801012305543
349,1.2503728315353393,1.250062102508545,0.0003107301113661379
350,1.17768141040802,1.1773723805427552,0.0003090296044712886
351,1.156849916267395,1.1565400783538817,0.000309838402736932
352,1.186335067176819,1.1860244660377501,0.0003106022936524823
353,1.1397439680099488,1.139434053516388,0.0003099118567537516
354,1.1300078201293946,1.1296969653129578,0.00031085579777136445
355,1.122978452014923,1.1226682969093322,0.00031015536559280007
356,1.11891452960968,1.1186043441772462,0.00031018929241690785
357,1.2473217579841613,1.247011847782135,0.0003099077152321115
358,1.1708364769935609,1.1705263087272644,0.00031016639242880046
359,1.149691443824768,1.1493816685676574,0.00030977502139285204
360,1.1415341493606568,1.1412234037399291,0.00031074559523258357
361,1.1311721062660218,1.1308626356124878,0.0003094704888062552
362,1.1299096126556396,1.1295988278388978,0.0003107823353027925
363,1.1468326942443847,1.1465232542037964,0.00030944096902385353
364,1.379937432861328,1.3796286737442016,0.00030875675389543174
365,1.1962369993209838,1.195927031993866,0.0003099673263030127
366,1.1573254298210145,1.1570157670974732,0.0003096616398543119
367,1.1328673547744752,1.1325573044776915,0.000310049993195571
368,1.1320893001556396,1.13177992477417,0.00030937606333754955
369,1.1228889575958252,1.1225788475990295,0.00031010879634413866
370,1.1351281227111816,1.134817964553833,0.00031016020653769377
371,1.1280647322654724,1.1277539421081544,0.0003107913454994559
372,1.1172236853599549,1.116913869857788,0.00030981472814455626
373,1.11307035779953,1.1127602622032164,0.00031009588127490134
374,1.125905678844452,1.1255951457977296,0.0003105329625541344
375,1.114921343421936,1.1146106572151184,0.00031068451718892904
376,1.112613135623932,1.1123025307655334,0.00031060447338968517
377,1.111771480846405,1.1114614361763,0.0003100440562935546
378,1.1101495882034302,1.1098401000022888,0.0003094873319845647
379,1.114073607826233,1.1137636918067932,0.0003099151709582657
380,1.1109695238113404,1.1106593546867372,0.0003101696723373607
381,1.1099042508125305,1.1095941430091858,0.00031010671774856744
382,1.1077282288551331,1.1074188807487488,0.0003093480381416157
383,1.1099951754570008,1.1096851976394653,0.00030997588224709036
384,1.1082080764770508,1.107898024368286,0.0003100481743225828
385,1.1097978929519654,1.109487299633026,0.0003105936566600576
386,1.1355626517295838,1.1352526859283447,0.00030996687640435995
387,1.4403413404464722,1.4400321666717528,0.00030917298870626836
388,1.1435275651931762,1.1432175655364991,0.00030999765298329293
389,1.1295891982078552,1.1292780520439147,0.00031114502437412737
390,1.120493770980835,1.1201831296920777,0.00031064254271332174
391,1.2330328327178954,1.2327225860595703,0.00031024777304846794
392,1.2513465148925782,1.251036700630188,0.0003098164649680257
393,1.2996618450164794,1.2993525297164916,0.00030931484845932573
394,1.2653184225082397,1.2650089155197144,0.0003095065828645602
395,1.2429859978675841,1.2426751982688904,0.0003108003229601309
396,1.1624850682258605,1.1621731592178344,0.00031190852001309396
397,1.1404563108444215,1.140144881439209,0.00031142799663357436
398,1.1282980734825134,1.1279869844436645,0.00031109031406231227
399,1.1240740888595582,1.1237632225990295,0.0003108683491125703
400,1.1220668878555298,1.121755852508545,0.00031103571727871893
401,1.201004442024231,1.200694784450531,0.0003096559836529195
402,1.16622532081604,1.1659147852897644,0.0003105361889116466
403,1.1298529738426208,1.129542372894287,0.0003106014029122889
404,1.1179266961097718,1.1176161478042603,0.0003105454493081197
405,1.1155557633399964,1.115245030117035,0.0003107327548088506
406,1.1093799892425538,1.109070008945465,0.0003099816020810977
407,1.1131912004470825,1.112879988670349,0.00031121426238678394
408,1.1103271845817566,1.110016531276703,0.00031065481938421727
409,1.1110963713645936,1.1107856511116028,0.00031071912965271623
410,1.3581928015708924,1.3578838682174683,0.0003089322309475392
411,1.5050367958068849,1.5047291723251344,0.00030762329893186687
412,1.2156962754249572,1.215388035774231,0.000308238328807056
413,1.175569358921051,1.1752601877212525,0.00030917210266925393
414,1.1515240594863891,1.1512148085594178,0.0003092491497285664
415,1.2125045422554017,1.2121943097114563,0.0003102319285739213
416,1.4850904481887817,1.4847817386627198,0.0003087089192820713
417,1.429381937789917,1.4290714862823486,0.0003104506304953247
418,1.4091661180496216,1.408857204246521,0.0003089130883105099
419,1.3216351455688478,1.3213254623413087,0.00030968425362370907
420,1.1964560876846313,1.1961464418411254,0.0003096457997104153
421,1.1571250769615173,1.1568150282859802,0.00031004673074930906
422,1.1331001558303833,1.1327902135849,0.0003099441486177966
423,1.124911583328247,1.1246017008781433,0.0003098816615063697
424,1.1203336475372314,1.1200237813949585,0.00030986392295453697
425,1.122759606742859,1.1224494777679443,0.00031012965121772143
426,1.1388459238052369,1.1385361280441284,0.00030979610686190424
427,1.1151497491836548,1.1148401398658752,0.00030960881311912087
428,1.1136420003890992,1.1133318714141847,0.0003101292949169874
429,1.1772874081611633,1.1769775953292847,0.00030981249941978604
430,1.1953345492362977,1.1950243144989015,0.00031023382968269287
431,1.1411629759788513,1.1408523096084595,0.000310663684643805
432,1.1274624589920044,1.1271521080970763,0.00031035147139336916
433,1.1228471759796144,1.122536249446869,0.0003109255868475884
434,1.1174548385620118,1.1171443098068237,0.000310528990579769
435,1.1158494176864624,1.1155385820388795,0.00031083502552937714
436,1.3523637433052063,1.3520546444892882,0.0003090954631334171
437,1.2316870611190796,1.2313770408630371,0.00031001968928612766
438,1.1636181838035584,1.163307509994507,0.000310675236186944
439,1.1652206766128541,1.1649106760025025,0.0003100032366346568
440,1.127244856929779,1.1269348540306092,0.000310004523745738
441,1.2820834288597107,1.2817743781089783,0.00030904871663078664
442,1.1613019842147827,1.1609913294792176,0.00031065546877216547
443,1.139146496295929,1.1388363748550414,0.00031011933332774787
444,1.135504960155487,1.1351943961143494,0.00031056426810100677
445,1.1292798701286315,1.1289699214935303,0.00030994810776319355
446,1.1923499277114868,1.1920394290924072,0.00031049821744672955
447,1.128404550075531,1.1280939827919005,0.00031056699811015276
448,1.1213220554351806,1.1210117312431336,0.0003103239072021097
449,1.1192000866889953,1.118889356994629,0.00031072723830584436
450,1.1627790477752686,1.1624695671081542,0.00030948008082341404
451,1.2245138169288636,1.224204200553894,0.0003096163258422166
452,1.1611950304985046,1.1608851800918578,0.00030985074115451425
453,1.1404581090927124,1.1401487931251526,0.00030931450596544894
454,1.1332041129112245,1.1328941331863402,0.00030997894732281566
455,1.1268617593765258,1.1265520567893983,0.00030970301909837873
456,1.12187106924057,1.1215616319656372,0.0003094375665532425
457,1.1200051434516907,1.1196954063415527,0.00030973891913890837
458,1.1344724181175232,1.134162109184265,0.0003103084762347862
459,1.1205317317008971,1.1202214680671692,0.00031026166763622315
460,1.11282745552063,1.1125169596672058,0.0003104964510537684
461,1.110777056980133,1.110467130279541,0.0003099270638311282
462,1.110160409450531,1.1098503009796143,0.0003101078796433285
463,1.1303932724952699,1.1300835355758667,0.00030973854388576
464,1.108621645450592,1.1083117718696593,0.0003098727618576959
465,1.1063805905342101,1.1060706399917604,0.0003099489760585129
466,1.105021261882782,1.104711276626587,0.0003099843026138842
467,1.1062224562644958,1.1059125467300415,0.00030990787725895645
468,1.224519515800476,1.224209736442566,0.0003097791456617415
469,1.1408346205711364,1.1405245162963866,0.00031010177752468734
470,1.115697136592865,1.1153863980293275,0.0003107404325390235
471,1.108254535293579,1.1079446068763732,0.00030993163413368165
472,1.1090849031448364,1.1087744760513305,0.000310426243301481
473,1.10867327337265,1.1083632162094117,0.00031005810741335153
474,1.1050596508026123,1.104749739742279,0.00030990986439865083
475,1.107757980632782,1.1074473837852479,0.0003105964651796967
476,1.1166502287864686,1.1163402075767517,0.00031002181509975343
477,1.1094918679237367,1.1091819272994996,0.0003099416465731338
478,1.1028044008255005,1.102494692325592,0.0003097082421882078
479,1.1038734881401062,1.103563148021698,0.0003103407484246418
480,1.1039831100463868,1.103672552394867,0.0003105596624314785
481,1.1694924724578857,1.1691839181900023,0.0003085501722060144
482,1.1157453686714172,1.1154365413665772,0.0003088262483710423
483,1.1094524439811706,1.109142605304718,0.0003098412178689614
484,1.1155459453582763,1.115236093521118,0.00030985206933692097
485,1.1087402949333192,1.1084304215431213,0.0003098746871110052
486,1.103545285320282,1.1032355728149414,0.00030971014553215354
487,1.2807423387527466,1.2804336278915405,0.00030871072825975715
488,1.1428701581001282,1.1425604155540465,0.0003097415503347293
489,1.1182988591194152,1.1179888352394105,0.0003100247297435999
490,1.1116442279815675,1.1113342789649963,0.000309948287345469
491,1.1071015025138855,1.106791489124298,0.0003100114197703078
492,1.105446806526184,1.1051366886138916,0.0003101167580112815
493,1.1070047421455382,1.1066944873809814,0.0003102542712818831
494,1.1007903860092163,1.1004809725761413,0.00030941455238498746
495,1.1028768798828126,1.1025670419692992,0.00030983983487822115
496,1.1028446305274964,1.1025348814964295,0.0003097486620070413
497,1.1028157006263732,1.102506286239624,0.00030941420460585503
498,1.102823548412323,1.102513266181946,0.0003102808643132448
499,1.102156303024292,1.1018460812568664,0.0003102215801132843
500,1.1030786639213561,1.102768145275116,0.0003105179514968768
501,1.1009997857093812,1.1006905164718628,0.00030927047934383155
502,1.1008675671577453,1.1005578169822692,0.00030975114572793247
503,1.1497967345237732,1.1494875811576843,0.0003091521388851106
504,1.1079194440841675,1.1076091215133668,0.0003103204739978537
505,1.100334285736084,1.1000249238967896,0.00030936193275265395
506,1.101185116004944,1.100875785923004,0.00030932789591606706
507,1.1000213287353515,1.0997122283935548,0.0003091023107990623
508,1.1651292039871215,1.1648208267211915,0.0003083781458903104
509,1.2802049463272094,1.279895569038391,0.00030937699275091293
510,1.1713007013320922,1.1709901968002319,0.0003105034633539617
511,1.140922626209259,1.1406130703926087,0.0003095580725930631
512,1.1261997007369995,1.1258896884918212,0.00031001278141047807
513,1.1187478483200073,1.1184385635375977,0.0003092838653828949
514,1.1382136281013489,1.1379040809631347,0.000309547808021307
515,1.1408290289878846,1.1405197052001954,0.00030932434382848444
516,1.1101432097434998,1.1098339220046998,0.00030928668959531936
517,1.1086968039512635,1.1083870760917665,0.0003097293719649315
518,1.1500235414505005,1.1497136689186096,0.00030987309745978564
519,1.1716037877082826,1.1712948950767517,0.00030888846188317987
520,1.1134364817619324,1.1131271079063416,0.00030937550810631367
521,1.1116350653648377,1.1113250706672668,0.0003099925516871735
522,1.1053277883529664,1.1050184220314025,0.00030936815571039913
523,1.1069069272994996,1.1065971247673034,0.00030980132739059625
524,1.1048309994697572,1.1045209069252013,0.00031009182285051794
525,1.2581485868453979,1.2578406394958497,0.00030794544271193445
526,1.1804271149635315,1.1801182045936585,0.0003089097591349855
527,1.1479416032791139,1.147633364200592,0.00030823886718135327
528,1.1339010814666748,1.1335910367012023,0.00031004778572823853
529,1.123019209575653,1.1227099573135375,0.00030925251715816556
530,1.428647873210907,1.4283395822525025,0.0003082906967960298
531,1.160482314682007,1.160173131084442,0.0003091826194897294
532,1.1381712000846862,1.137861620426178,0.000309580012364313
533,1.1247858340263366,1.1244765082359314,0.0003093264147872105
534,1.1179828650474548,1.1176731890678406,0.0003096735956147313
535,1.1110859044075012,1.1107765316963196,0.00030937433952931315
536,1.1087965693473816,1.1084869025230408,0.000309665763261728
537,1.1060165935516357,1.10570737657547,0.0003092176578240469
538,1.1083244116783142,1.1080153009414673,0.0003091100312303752
539,1.1038773374557496,1.1035676102638245,0.00030972564958501605
540,1.1034675012588502,1.1031576860427856,0.0003098161060363054
541,1.106058333492279,1.1057479209899903,0.0003104131493717432
542,1.1016499499320984,1.1013400552749635,0.0003098949054954573
543,1.1754120285987855,1.1751025706291198,0.00030945770989637824
544,1.1213171654701233,1.1210079179763794,0.0003092467743437737
545,1.1132673902511596,1.1129582223892212,0.00030916807749308646
546,1.1062490537643432,1.1059394999504089,0.0003095523679861799
547,1.1066443718910217,1.106335011100769,0.00030936045036651194
548,1.103444624519348,1.1031351663589477,0.00030945804719813166
549,1.1076956954956054,1.1073861751556398,0.0003095205896999687
550,1.1050759565353394,1.1047658376693725,0.0003101199788507074
551,1.1788927632331847,1.178583100605011,0.00030966302054002883
552,1.1209071477890014,1.1205972063064575,0.00030993963012006134
553,1.1099753245353698,1.1096656064987183,0.0003097184347687289
554,1.1056405925750732,1.10533184633255,0.0003087466010591015
555,1.1086864659309388,1.1083770197868348,0.00030944787606131287
556,1.1049050464630128,1.1045958833694458,0.00030916312627959994
557,1.1042823155403136,1.1039728185653686,0.0003094958710717037
558,1.1017703166007995,1.1014611959457397,0.0003091223963536322
559,1.2384146958351134,1.2381053484916686,0.0003093452007742599
560,1.1753652996063233,1.1750553689956664,0.0003099308757344261
561,1.1472588658332825,1.1469491849899291,0.0003096818145131692
562,1.1282493552207946,1.1279398082733154,0.00030954572167247535
563,1.1776662715911865,1.1773568328857422,0.0003094394095009193
564,1.1332876461029053,1.13297803440094,0.0003096111769322306
565,1.1224433611869813,1.122132691001892,0.00031067177199292927
566,1.112974837207794,1.112664626121521,0.00031020963911432774
567,1.3365495938301086,1.3362414154052735,0.00030817998156417164
568,1.207189603805542,1.2068803873062133,0.00030921641145832836
569,1.1479557475090028,1.1476458683013917,0.0003098789864219725
570,1.1235707927703857,1.1232610056877137,0.0003097869343589991
571,1.113419571685791,1.113109629535675,0.00030994369599502536
572,1.1092604886054993,1.1089503874778748,0.0003101026130607352
573,1.106313358783722,1.1060031116485596,0.00031024684556759893
574,1.1025488541603088,1.1022388375282288,0.000310016802046448
575,1.172660635471344,1.1723512713432311,0.0003093614185694605
576,1.1337681438446046,1.1334585486412048,0.0003095945436973125
577,1.112229617881775,1.1119196537971496,0.00030996334222145377
578,1.1104465028762818,1.1101363417625427,0.0003101602861424908
579,1.1403328761100768,1.1400224815368651,0.00031039408172946426
580,1.1066288764953613,1.1063182704925536,0.00031060503334738316
581,1.1032626643180847,1.1029520769119263,0.0003105880289338529
582,1.1008988517761231,1.1005889674186706,0.00030988501880783585
583,1.098847176361084,1.0985374984741212,0.00030967739769257604
584,1.095349596118927,1.0950402800559997,0.0003093154959613457
585,1.0976226118087768,1.0973125839233397,0.0003100283565931022
586,1.0965497718811035,1.0962399931907654,0.00030977885024622084
587,1.0983173878669739,1.0980071104049682,0.00031027690055780114
588,1.0998228254318236,1.0995127349853515,0.00031009141949471086
589,1.0948207591056824,1.0945120357513427,0.0003087236477760598
590,1.096117601299286,1.095807953929901,0.00030964711161796
591,1.0950999293327333,1.0947898216247558,0.0003101062599569559
592,1.094095844745636,1.0937858047485352,0.0003100402148906141
593,1.0940195892333984,1.0937105335235595,0.0003090574581641704
594,1.2746890166282654,1.2743800278663635,0.00030898720051627604
595,1.2016730205535888,1.201364073371887,0.00030894575447309764
596,1.1519010029792787,1.1515918997764587,0.00030910301671829073
597,1.1320849801063537,1.1317763108253478,0.00030866818269714713
598,1.1232006259918212,1.1228911799430847,0.0003094448722433299
599,1.1135143801689147,1.1132055638313294,0.00030881404466927054
600,1.1118040175437927,1.111494315814972,0.0003097018140833825
601,1.107790605545044,1.107481367969513,0.0003092377183726057
602,1.1033522157669067,1.1030432501792908,0.00030896591551136227
603,1.1046887006759643,1.1043788707733155,0.0003098296060226858
604,1.1040231162071228,1.1037131520271302,0.000309965411410667
605,1.0997342745780945,1.099425085067749,0.00030918937725946306
606,1.1007715664863587,1.1004615777015685,0.00030999214677140117
607,1.0994850813865662,1.099175216293335,0.00030986452498473225
608,1.0951902574539185,1.0948809169769287,0.0003093405121937394
609,1.0949654267311095,1.094656669330597,0.0003087553089484572
610,1.0955999731063844,1.0952911727905272,0.0003088002737145871
611,1.0953563614845276,1.0950469952583313,0.000309366104262881
612,1.0933341004371644,1.0930250471115113,0.0003090530456509441
613,1.0939593448638916,1.0936498732566833,0.00030947088827379046
614,1.0950929139137269,1.094783828163147,0.0003090864418074489
615,1.0942167155265807,1.0939073009490967,0.00030941481492482124
616,1.0950761691093445,1.0947664867401123,0.0003096820602426305
617,1.0944030664443969,1.0940934148788453,0.0003096522552426904
618,1.094789119720459,1.0944797620773314,0.0003093569091754034
619,1.0917429315567018,1.0914337256431579,0.00030920532944146543
620,1.123414164543152,1.1231056105613708,0.0003085517349187285
621,1.1216242204666138,1.1213145027160645,0.00030972284565214067
622,1.0974829726219177,1.0971719127655029,0.00031106116229202596
623,1.0930055346488952,1.0926960716247558,0.00030946532909292726
624,1.0929927594184876,1.0926832814216614,0.0003094770177965984
625,1.0921226692199708,1.091812682056427,0.0003099873290164396
626,1.0932054851531983,1.0928953303337097,0.0003101561293238774
627,1.0911301776885987,1.0908205725669862,0.0003096049980726093
628,1.0923874905586242,1.0920772089004516,0.0003102805576520041
629,1.0928028599739075,1.092492687034607,0.00031017249021679164
630,1.0893509902954102,1.0890417819023133,0.0003092092448845506
631,1.0925377110481262,1.0922274147987365,0.000310297599574551
632,1.0917142243385316,1.0914042148590088,0.00031001218173187225
633,1.0897540338516236,1.0894444988250733,0.000309535842272453
634,1.092067578983307,1.091757541370392,0.00031003790660761297
635,1.0907650203704835,1.0904556499481202,0.0003093720503617078
636,1.09120808095932,1.090897618675232,0.0003104626279789954
637,1.0918647775650023,1.0915550559997558,0.0003097193665802479
638,1.0910127773284912,1.0907026355743408,0.0003101406001485884
639,1.0889464000701905,1.0886371220588684,0.00030927779108751564
640,1.0914610768318176,1.0911511438369752,0.0003099312774604186
641,1.0936259240150452,1.0933154549598694,0.00031046857279725374
642,1.0897195424079895,1.0894089265823363,0.0003106125208316371
643,1.0933882696151733,1.0930776920318603,0.0003105769146233797
644,1.208808045578003,1.208497799396515,0.0003102483027614653
645,1.118812340927124,1.1185019923210144,0.0003103477398632094
646,1.1075367838859558,1.1072263652801513,0.0003104189309757203
647,1.0990505555152894,1.0987399037361145,0.00031065155207179486
648,1.097754775428772,1.0974443084716796,0.0003104680649936199
649,1.094986013507843,1.0946749907493591,0.000311019749706611
650,1.0941645391464234,1.0938536271095276,0.00031091147074475885
651,1.0920548469543456,1.091745086479187,0.0003097610387951136
652,1.09265673122406,1.0923464113235473,0.00031032055681571365
653,1.101191238117218,1.1008819680213928,0.00030927065960131584
654,1.0925654215812683,1.092255425453186,0.00030999482278712095
655,1.0902535232543946,1.0899432476043702,0.0003102757120039314
656,1.0894281113624573,1.0891184104919434,0.00030970133282244203
657,1.090878273010254,1.0905679552078247,0.0003103163616731763
658,1.0907897953987122,1.0904795221328736,0.00031027388530783357
659,1.0896752144813537,1.089365426158905,0.00030978898396715523
660,1.3911199019432068,1.3908114524841309,0.0003084501996170729
661,1.1497630240440369,1.149453925037384,0.00030909905962180344
662,1.1243733060836791,1.124063524723053,0.0003097813806729391
663,1.1113461168289185,1.1110359348297119,0.00031018230258487165
664,1.1071510437011718,1.1068410840034484,0.00030996081393677743
665,1.1017933157920838,1.1014832063674926,0.0003101102015003562
666,1.1319944911003113,1.1316846652030945,0.0003098245048429817
667,1.1037517188072206,1.1034409215927123,0.00031079769905190916
668,1.0982275221824647,1.097917908191681,0.00030961321885697543
669,1.0949211897850037,1.0946109436035156,0.00031024629450403154
670,1.1010131069183349,1.100703838825226,0.0003092684119706973
671,1.090055643749237,1.0897468807220458,0.00030876174869481476
672,1.0937023804664612,1.0933921283721924,0.0003102526789298281
673,1.1279683979034423,1.1276583123207091,0.00031008595237508416
674,1.1395117389678955,1.139201774406433,0.00030996401445008813
675,1.1050158106803893,1.1047051741600036,0.0003106363623170182
676,1.1396859270095825,1.1393762892723083,0.0003096366568468511
677,1.101989985179901,1.1016800869941712,0.00030989928585477175
678,1.0967277963638307,1.0964173450469972,0.000310452250065282
679,1.0930222494125366,1.0927122012138366,0.00031004986809566616
680,1.095637892818451,1.0953267963409423,0.0003110973475268111
681,1.0907175095558166,1.0904071970939637,0.000310312801762484
682,1.0901685908317567,1.0898585729599,0.0003100180831970647
683,1.0883408296585082,1.088031520652771,0.00030930929435417056
684,1.0898245737075805,1.089514819431305,0.0003097547289682552
685,1.0882531092643737,1.087943685722351,0.00030942453127354386
686,1.0917192648887635,1.0914086582183837,0.00031060562157072126
687,1.0861386777877808,1.085829307937622,0.00030936899047810586
688,1.2559821920394898,1.2556740887641906,0.00030810278938151896
689,1.128316517829895,1.1280068181037903,0.00030969862120691687
690,1.11175440864563,1.111445023727417,0.0003093851326964796
691,1.103565577030182,1.1032563934326172,0.0003091836223844439
692,1.0984986046791076,1.098189588356018,0.0003090163610642776
693,1.123962157535553,1.1236524943351747,0.00030966300724539906
694,1.1305167119979858,1.1302066855430604,0.00031002612716984006
695,1.094121584892273,1.0938116355895997,0.0003099510679487139
696,1.0928235472679138,1.0925140433311462,0.00030950204913970085
697,1.093941951560974,1.0936306480407716,0.00031130340583622457
698,1.0932664246559143,1.092954942703247,0.0003114805210847408
699,1.0921193685531616,1.0918087364196778,0.00031063226948026566
700,1.0891109230041505,1.0888012670516969,0.0003096559636993334
701,1.091918276309967,1.0916074106216431,0.000310866911127232
702,1.0879046626091002,1.0875945194244385,0.00031014473428949714
703,1.0873802536964416,1.0870706709861755,0.00030958267201203855
704,1.0881120663642883,1.0878020476341248,0.0003100173070561141
705,1.0861570585250855,1.0858478338241577,0.0003092237700941041
706,1.088372619342804,1.088063395023346,0.0003092261750716716
707,1.1809781554222107,1.18066982755661,0.00030832656903658065
708,1.1038034857749939,1.1034948174476624,0.0003086695910897106
709,1.0948129949569703,1.09450361661911,0.00030937654497101904
710,1.0938678607940673,1.0935582128524781,0.00030964787958655504
711,1.0906994053840637,1.090390016555786,0.00030938969787675885
712,1.0876296933174134,1.0873206312179566,0.00030906166844069956
713,1.0898990389823913,1.089589388370514,0.0003096538075944409
714,1.0895780814170837,1.0892692490577698,0.000308835268067196
715,1.0858272315979003,1.0855182521820068,0.0003089805562980473
716,1.0854138003349305,1.0851048109054566,0.00030899031369481235
717,1.0863526514053345,1.0860429228782653,0.0003097267805133015
718,1.0846672992706299,1.0843582427978515,0.0003090566159924492
719,1.0887371619224548,1.08842702627182,0.0003101368976291269
720,1.0898370253562928,1.0895265736579895,0.00031045247032307087
721,1.3264366909027099,1.3261286026000976,0.0003080896001541987
722,1.3408073724746703,1.3404979999542237,0.0003093725151382387
723,1.1499751019477844,1.1496655497550965,0.00030955130318179725
724,1.1271687659263612,1.1268590421676636,0.00030972480347845704
725,1.1148003663063049,1.1144902012825013,0.0003101646693656221
726,1.1051483266830444,1.104838695049286,0.0003096329343970865
727,1.0984862035751344,1.0981769505500794,0.00030925181452184914
728,1.0959980263710023,1.095687897014618,0.000310129251726903
729,1.0926157529830933,1.0923068634033204,0.0003088888862170279
730,1.0929778153419494,1.0926681265830993,0.0003096892927773297
731,1.2156077496528626,1.215298556137085,0.00030919299330562353
732,1.1149492463111876,1.1146394075393677,0.00030984055027365686
733,1.0999751082420348,1.0996650994300843,0.0003100064238999039
734,1.0956077370643615,1.0952973901748657,0.00031034691953100264
735,1.08964219455719,1.0893321251869201,0.0003100694479420781
736,1.08946691532135,1.0891567280769348,0.0003101862525101751
737,1.0898026296615602,1.0894923632621765,0.0003102650105021894
738,1.0872807673454286,1.086970549106598,0.00031021902803331615
739,1.144781334400177,1.144471780014038,0.0003095545654185116
740,1.1097862178802491,1.1094761539459228,0.0003100631668465212
741,1.093921612071991,1.0936117012023925,0.0003099090488627553
742,1.0906527440071105,1.0903431708335876,0.00030957399061881007
743,1.0879954669952392,1.087686051940918,0.0003094133147969842
744,1.0884320013046265,1.0881226675033568,0.0003093348602298647
745,1.163976906490326,1.1636678627967834,0.00030904393296223134
746,1.1517913105964661,1.1514820123672485,0.0003092990024248138
747,1.1427972458839417,1.1424876300811768,0.0003096133732702583
748,1.1170851053237916,1.1167753269195557,0.0003097782748285681
749,1.1066843989372253,1.106374577140808,0.00030981963141821326
750,1.1120283408164977,1.1117189294815064,0.00030941195231862364
751,1.1189374945640564,1.1186275433540345,0.0003099493897520006
752,1.0991302872657776,1.0988198600769044,0.0003104261456755921
753,1.0959531656265258,1.0956430624961853,0.00031010409775190055
754,1.0932479336738588,1.0929381351470948,0.0003097978438483551
755,1.093948941898346,1.093639243888855,0.00030969969597645104
756,1.0907412934303284,1.090431409740448,0.0003098826037952676
757,1.0918717203140258,1.0915609999656677,0.00031071972262579947
758,1.0914911561965943,1.0911805362701417,0.00031061987108550965
759,1.0871522263526916,1.0868419503211975,0.00031027627231087536
760,1.0869213953971864,1.086611710357666,0.0003096865037921816
761,1.0858875263214112,1.085577927017212,0.00030959769310429694
762,1.1537240736961365,1.1534141984939574,0.0003098752211546525
763,1.1158083228111266,1.1154979228019715,0.0003104005072731525
764,1.0947364032745361,1.094426953792572,0.00030944974676240235
765,1.090220360660553,1.089910575580597,0.0003097831250401214
766,1.0873914734840393,1.0870818737983703,0.000309598113456741
767,1.0887964846611022,1.0884857429504395,0.0003107428809627891
768,1.0857374530792236,1.085427449607849,0.0003100034853443503
769,1.0857127097129822,1.085402963066101,0.0003097469895845279
770,1.0857500262260438,1.0854403641700745,0.00030966154136694967
771,1.087314007472992,1.0870035296440124,0.0003104779719142243
772,1.0863177358627318,1.086007257938385,0.0003104775152169168
773,1.084526617336273,1.0842171808242798,0.00030943644649814814
774,1.0852614854812621,1.0849513704299927,0.000310115028754808
775,1.0840944909095764,1.0837846201896668,0.0003098711939295754
776,1.0841188885688782,1.0838092260360719,0.0003096614369656891
777,1.08435971660614,1.084048243522644,0.00031147400299087166
778,1.0823123703956603,1.0820020140647888,0.00031035630931146443
779,1.0834410715103149,1.0831306567192078,0.00031041481019929054
780,1.083370611858368,1.083060382270813,0.0003102297809906304
781,1.0808023083686829,1.080493288230896,0.0003090212613111362
782,1.0835056114196777,1.0831957829475403,0.0003098289373796433
783,1.0846949872016907,1.0843846296310424,0.00031035958360880615
784,1.0831848832130433,1.0828750951766968,0.0003097876149695367
785,1.0825660968780517,1.082256721687317,0.00030937570712994783
786,1.0821985697746277,1.0818890458106996,0.00030952382574323564
787,1.898809836101532,1.8985020419120788,0.00030779584131669256
788,1.2647408213615416,1.2644312063217162,0.00030961678533349184
789,1.1119067777633667,1.1115970429420472,0.0003097370665986091
790,1.0981227111816407,1.0978125344276428,0.000310174660757184
791,1.0895577820777893,1.0892482019424439,0.0003095788910286501
792,1.0864781698226929,1.0861681782722472,0.00030999327355530113
793,1.0860717763900758,1.0857615365982056,0.000310238751093857
794,1.085114139175415,1.084803831768036,0.0003103071188321337
795,1.0824015277862549,1.0820919812202454,0.0003095452010864392
796,1.08139407081604,1.0810850632667541,0.0003090086824260652
797,1.0843472632408142,1.084036669254303,0.00031059180598240347
798,1.0820455819129944,1.0817353706359862,0.0003102109466213733
799,1.0825461270332337,1.0822358139038086,0.0003103135070297867
800,1.0880154620170592,1.0877037550926207,0.00031171035638544707
801,1.0834243038177491,1.0831134221076966,0.00031088046405930073
802,1.0842079085350036,1.083896399307251,0.00031150882730726154
803,1.0821160429000853,1.0818056450843812,0.0003103979165200144
804,1.0854997192382811,1.0851883885383606,0.0003113297529984266
805,1.0842128332138061,1.0839010404586793,0.000311792243947275
806,1.0835265208244325,1.0832154599189758,0.00031105904057621955
807,1.2449154187202454,1.2446051363945008,0.0003102818606188521
808,1.3036082936286926,1.3032989129066468,0.00030938101625069974
809,1.0990531735420228,1.0987425295829774,0.00031064295822288843
810,1.0867020578384399,1.0863921891212462,0.00030987081399653105
811,1.0853467275619506,1.085036576461792,0.00031015428353566677
812,1.0849018186569215,1.0845914165496826,0.0003103996461024508
813,1.0819523898124694,1.0816421370506286,0.00031025169673375787
814,1.0804664317131043,1.0801569839477538,0.00030944831229280683
815,1.0849093243598937,1.0845992650032044,0.00031005933191627263
816,1.083966859817505,1.0836562724113465,0.00031058636570814997
817,1.0823164347648622,1.0820058584213257,0.0003105761810671538
818,1.0841155763626098,1.0838045689582825,0.00031100652660243214
819,1.086269510746002,1.0859586382865907,0.00031087334554176776
820,1.0827892731666564,1.0824787091255188,0.00031056400656234473
821,1.5137590991020202,1.5134511162757873,0.0003079812827054411
822,1.2225911102294922,1.222281761455536,0.00030934888306073844
823,1.1452903977394104,1.144980670452118,0.00030972591305617245
824,1.1205893308639527,1.120279410648346,0.0003099218441173434
825,1.1048881479263306,1.1045783365249633,0.00030981190258171407
826,1.0956685200691223,1.0953583748817444,0.00031014631558209656
827,1.0897452354431152,1.089435988998413,0.0003092463384848088
828,1.0870409836769104,1.0867318888664246,0.0003090955163119361
829,1.0866358917236327,1.0863259043693543,0.0003099879349581897
830,1.0863799149513245,1.0860695769309998,0.0003103375135688111
831,1.2184900961875915,1.2181805060386657,0.00030958911068737504
832,1.1497689317703248,1.1494582817077637,0.0003106503326445818
833,1.2055965788841247,1.205286423778534,0.00031015324715990574
834,1.1382420067787171,1.1379313049316406,0.00031070322040468453
835,1.1091728164672852,1.1088625714302063,0.00031024471186101436
836,1.1006686769485474,1.1003586844444275,0.0003099910037824884
837,1.0989790602684022,1.098668862915039,0.00031019708472304044
838,1.0967666849136353,1.0964567257881164,0.0003099564221687615
839,1.1074123175621033,1.1071018756866455,0.0003104414759669453
840,1.0931714869499207,1.0928615374565125,0.00030994941242970525
841,1.0884678039550781,1.0881580681800842,0.00030973695053253323
842,1.1688939640045166,1.1685850744247437,0.000308888510405086
843,1.3271350632667542,1.3268270796775818,0.0003079834804404527
844,1.142651668071747,1.142341312980652,0.0003103539631702006
845,1.1202801350593568,1.119970075416565,0.00031005933112464843
846,1.1094731171607972,1.1091634314537049,0.0003096870164619759
847,1.1060778886795044,1.10576780500412,0.0003100838316604495
848,1.10192741355896,1.1016170660972595,0.0003103455227566883
849,1.100129529094696,1.0998191202163696,0.0003104099688120186
850,1.0957528525352478,1.0954435697555542,0.0003092822662554681
851,1.2341544653892518,1.2338458000183106,0.0003086612953338772
852,1.5879103532791137,1.587601457977295,0.0003088956627994776
853,1.1457634440422058,1.145453876399994,0.0003095666287932545
854,1.1164905758857726,1.1161806617736816,0.0003099129207897931
855,1.1059305331230163,1.1056200119018555,0.0003105211993912235
856,1.0990129587173463,1.098702847290039,0.00031011315351352095
857,1.095295345878601,1.0949849521636963,0.0003103928891476244
858,1.094821975326538,1.0945106422424316,0.0003113317248877138
859,1.092587436389923,1.0922763692855835,0.0003110678169876337
860,1.0928428957939147,1.0925316946029664,0.0003112017312785611
861,1.0891375949859619,1.088827126979828,0.00031046915801707654
862,1.2144970940589905,1.2141871587753297,0.0003099353499012068
863,1.1090646760940552,1.1087540411949157,0.0003106371545698494
864,1.1077509227752687,1.1074399284362793,0.0003109938177280128
865,1.093213837337494,1.0929031370162965,0.0003107025201898068
866,1.0886391012191772,1.088328785610199,0.0003103136689402163
867,1.0877907027244569,1.0874798436164856,0.00031085670683532956
868,1.085923110961914,1.085612306880951,0.00031080389646813276
869,1.0820339014053344,1.0817240243911743,0.00030987676135264336
870,1.0851309246063232,1.0848202072143556,0.0003107172760181129
871,1.084322703742981,1.0840122358322144,0.00031046593692153694
872,1.0836976964950562,1.0833878155708312,0.000309884121757932
873,1.0815042474746703,1.0811944124221802,0.00030983221067581323
874,1.080514861869812,1.0802047983169556,0.0003100623297737911
875,1.081671407699585,1.0813614377975465,0.0003099702417384833
876,1.0822598037719726,1.081949637889862,0.0003101679437793791
877,1.2162174750328063,1.215907908153534,0.00030956747010350225
878,1.2271180432319642,1.2268087805747985,0.0003092638226924464
879,1.1047931471824646,1.1044837183952332,0.0003094276945106685
880,1.0954307727813721,1.0951206331253052,0.00031013960447162387
881,1.0893432950973512,1.0890335845947265,0.0003097126348875463
882,1.0881843396186828,1.087874002456665,0.00031033653817139566
883,1.0915062044143677,1.0911967385292054,0.00030946688763797283
884,1.0839448720932008,1.0836358402252197,0.0003090321279829368
885,1.0810545457839966,1.0807459454536439,0.0003086001963354647
886,1.082778133392334,1.0824687598228455,0.0003093717985786498
887,1.081639006614685,1.0813303797721863,0.0003086274816887453
888,1.08516100730896,1.0848509099960326,0.00031009638733230533
889,1.0826558660507202,1.082346217918396,0.0003096470382064581
890,1.081441773033142,1.0811321352958678,0.00030963582969270647
891,1.0799707208633422,1.0796605395317078,0.00031018100711517035
892,1.0797466823577881,1.0794364024162293,0.00031028104261495175
893,1.0825800037384032,1.0822684781074523,0.00031152549139223994
894,1.0833854681968689,1.083073601436615,0.0003118664080742747
895,1.081504321193695,1.0811939359664917,0.00031038444314617663
896,1.0803089094161988,1.0799990327835083,0.00030987654277123513
897,1.082074291419983,1.0817645609855653,0.00030972735318355265
898,1.0813663822174073,1.0810564061164856,0.000309977521491237
899,1.07983197889328,1.0795229412078857,0.0003090378279797733
900,1.0807589681625367,1.0804499506950378,0.00030901634825859217
901,1.0793751753807068,1.079066042613983,0.0003091313198208809
902,1.3218142273902893,1.3215056001663208,0.0003086286730831489
903,1.2320352333068847,1.2317261039733887,0.0003091286539565772
904,1.152746395778656,1.1524371263504027,0.0003092698499560356
905,1.126873841190338,1.1265640842437745,0.00030975709406193345
906,1.100185359477997,1.0998757611274719,0.0003095978861209005
907,1.0916536081314088,1.0913440770149232,0.00030953163742087784
908,1.0846020196914672,1.0842918758392335,0.00031014562856871634
909,1.0836865939140319,1.0833768718719483,0.00030972320328000934
910,1.0825361815452577,1.0822255904197693,0.0003105921195121482
911,1.0791792137145997,1.078869358921051,0.00030985631281509995
912,1.1912026627540588,1.1908926057815552,0.00031005781642161307
913,1.31174937210083,1.311439939880371,0.0003094321574550122
914,1.138430926799774,1.1381201867103576,0.0003107430901378393
915,1.1215771871566773,1.1212670237541198,0.0003101653487654403
916,1.111830082321167,1.1115198741912842,0.0003102092500310391
917,1.1047229221343995,1.104412191772461,0.0003107305786805227
918,1.0975110376358033,1.0972015193939209,0.0003095186679624021
919,1.0978623502731324,1.0975517258644103,0.00031062127898912875
920,1.095894860458374,1.0955846530914306,0.0003102073210990056
921,1.2310030168533326,1.2306945523262023,0.00030846570027060806
922,1.1538487001419067,1.1535392154693604,0.00030948293348774313
923,1.1225495924949647,1.1222397669792175,0.00030982458249200135
924,1.1062845504760743,1.1059753067016602,0.00030924552464857695
925,1.1025504817962646,1.102240513420105,0.0003099687924375758
926,1.0922743083953856,1.0919649759292602,0.00030933319688774646
927,1.0967316491127015,1.096422598171234,0.00030905174722429364
928,1.088069860267639,1.0877602869987488,0.00030957341073080895
929,1.0925495182037352,1.0922401549339293,0.0003093636026373133
930,1.1460599577903747,1.1457494647979736,0.0003104912887327373
931,1.089719278717041,1.0894093389511108,0.00030993997305631636
932,1.146123635005951,1.1458145891189575,0.00030904414479155095
933,1.1108129611968993,1.110503334903717,0.00030962426983751354
934,1.0913330249786377,1.091023540878296,0.0003094839516328648
935,1.090413963985443,1.0901039978027345,0.00030996606887783855
936,1.0863460273742676,1.0860363335609435,0.0003096979833673686
937,1.1321093306541443,1.1318002846717834,0.0003090473232092336
938,1.0850934309005738,1.0847845971107484,0.00030883190638851375
939,1.084784700679779,1.0844756986618043,0.00030900178127922116
940,1.4373658712387085,1.4370587029457091,0.00030716966204345227
941,1.4055045768737793,1.4051958740234376,0.0003087017148733139
942,1.139447903728485,1.1391395248413085,0.00030837712497450414
943,1.1158398515701293,1.1155317090034484,0.00030814275874290614
944,1.1040640692710877,1.1037558364868163,0.00030823404104448856
945,1.0984994519233704,1.0981910180091858,0.00030843266767915337
946,1.095698031616211,1.0953888837814332,0.0003091484377160668
947,1.0897592524528503,1.0894506115913392,0.0003086421865504235
948,1.090413498020172,1.0901041680335999,0.0003093295433791354
949,1.0864219364166259,1.0861131551742553,0.0003087834103498608
950,1.1231335390090942,1.122823433494568,0.0003101065408904105
951,1.1053836682319642,1.1050741229057313,0.0003095461728749797
952,1.0872952026367189,1.0869855883598327,0.00030961463833227755
953,1.0926596863746643,1.092350549507141,0.00030913781519047916
954,1.08328249502182,1.082973651599884,0.0003088429799070582
955,1.0821823516845703,1.0818731225013734,0.00030922859620768575
956,1.0809191744804383,1.0806098793983459,0.0003092957219807431
957,1.0811125928878784,1.0808025283813476,0.0003100670343032107
958,1.0793289857864379,1.0790194442749024,0.00030954109465237706
959,1.080313449382782,1.0800041757583618,0.0003092743415851146
960,1.199481829071045,1.1991735516548157,0.0003082774043083191
961,1.099009831905365,1.098700372505188,0.00030945814771112055
962,1.2609215991020202,1.2606127326965333,0.000308867793600075
963,1.2553687691688538,1.2550595455169677,0.00030922186498064547
964,1.1384500411987304,1.1381409955978394,0.00030904591251164674
965,1.113554483795166,1.1132450119018555,0.00030947193584870546
966,1.0993415163993836,1.0990313842773438,0.00031013253307901324
967,1.0925302750587464,1.0922200037956238,0.0003102699775248766
968,1.1015058790206909,1.1011961538314818,0.00030972439143806696
969,1.0861581118583679,1.0858489303588867,0.00030918122527655214
970,1.0842563431739807,1.0839463569641112,0.00030998485658783465
971,1.0856805868148804,1.0853703473091125,0.0003102385023608804
972,1.0817823945999145,1.0814726237297059,0.0003097699658712372
973,1.080624907875061,1.0803152325630188,0.0003096747444011271
974,1.0791729761123656,1.078863733291626,0.0003092422606656328
975,1.0808371086120605,1.080527285861969,0.00030982167564798147
976,1.0786040795326233,1.0782947875976563,0.00030929063451476396
977,1.1703370357513427,1.1700274585723878,0.0003095788055099547
978,1.2388207970619203,1.238510657787323,0.0003101392291486263
979,1.1519844637870789,1.151674378490448,0.0003100882292026654
980,1.121888450527191,1.1215788994789124,0.0003095527056371793
981,1.1127878611564637,1.11247794008255,0.0003099198212847114
982,1.1038015707015991,1.1034922112464904,0.0003093611345626414
983,1.1294769104003906,1.1291669739723205,0.0003099381452193484
984,1.0969032781600951,1.0965930947303772,0.00031018277914263305
985,1.0942024063110352,1.0938915147781372,0.0003108917805366218
986,1.089648867893219,1.089338508415222,0.00031036085777450353
987,1.0853724007606507,1.0850629975318908,0.0003094025949947536
988,1.0856248162269593,1.0853148349761963,0.00030998183684423564
989,1.0834584085464478,1.08314874792099,0.00030966272328514607
990,1.0867039101600646,1.0863929748535157,0.00031093393482733517
991,1.1192286463737489,1.1189190629005432,0.0003095819253008813
992,1.0832226311683655,1.0829127720832825,0.0003098569743335247
993,1.0943479357719421,1.0940372400283813,0.0003106955877505243
994,1.0817978154182435,1.0814878846168519,0.0003099305307958275
995,1.0820999738693238,1.0817900103569031,0.000309964715084061
996,1.0937291007041932,1.093419514465332,0.00030958709528204056
997,1.0811591104507445,1.0808493309020997,0.00030977905213367194
998,1.0801466178894044,1.0798365692138672,0.0003100500134984031
999,1.081204672241211,1.0808944269180298,0.00031024434694554656
1000,1.0803799166679382,1.0800703722000122,0.000309542572661303
