,total_loss,spectral_loss
0,25.08734689003382,25.08734689003382
1,21.76628368940109,21.76628368940109
2,8.395780266859592,8.395780266859592
3,5.990191736282447,5.990191736282447
4,5.43175988472425,5.43175988472425
5,5.058130832818838,5.058130832818838
6,4.851842631896337,4.851842631896337
7,4.674175965480315,4.674175965480315
8,4.485261897246043,4.485261897246043
9,4.395843584568072,4.395843584568072
10,4.104766506415147,4.104766506415147
11,3.995890648701252,3.995890648701252
12,3.632182718087465,3.632182718087465
13,3.179714406147981,3.179714406147981
14,2.989494038698001,2.989494038698001
15,2.802010938143119,2.802010938143119
16,2.629595006123567,2.629595006123567
17,2.43134444187849,2.43134444187849
18,2.128962440750538,2.128962440750538
19,1.8867171899630475,1.8867171899630475
20,1.7596470507291646,1.7596470507291646
21,1.7072254377297866,1.7072254377297866
22,1.6639423095262968,1.6639423095262968
23,1.6352473868009372,1.6352473868009372
24,4.146877467632294,4.146877467632294
25,2.9783794234196344,2.9783794234196344
26,1.9889065466630154,1.9889065466630154
27,2.0531177451977363,2.0531177451977363
28,1.9523567805687587,1.9523567805687587
29,1.9308722932369282,1.9308722932369282
30,1.805376724172861,1.805376724172861
31,1.768151009694124,1.768151009694124
32,2.13382995281464,2.13382995281464
33,1.7667425553768108,1.7667425553768108
34,1.8703811665376027,1.8703811665376027
35,1.7435561055556321,1.7435561055556321
36,1.7832551778126986,1.7832551778126986
37,1.72662091981142,1.72662091981142
38,1.7216889094083736,1.7216889094083736
39,1.7204285458876536,1.7204285458876536
40,1.6833338084129186,1.6833338084129186
41,1.7620339198754384,1.7620339198754384
42,1.6568294354738333,1.6568294354738333
43,1.6366382073133419,1.6366382073133419
44,1.6213477494624944,1.6213477494624944
45,1.6194193867536693,1.6194193867536693
46,2.09822019132284,2.09822019132284
47,1.6163483540981243,1.6163483540981243
48,1.6291458205534861,1.6291458205534861
49,1.5938210846521916,1.5938210846521916
50,1.6878480842480292,1.6878480842480292
51,1.640106079288018,1.640106079288018
52,1.648131128305044,1.648131128305044
53,1.584670568123842,1.584670568123842
54,1.5927810027049139,1.5927810027049139
55,1.581054659990164,1.581054659990164
56,1.573367449335563,1.573367449335563
57,1.6293263637866728,1.6293263637866728
58,1.5489713862920418,1.5489713862920418
59,1.6715652098258336,1.6715652098258336
60,1.5710178296535442,1.5710178296535442
61,1.5445760159920423,1.5445760159920423
62,1.6309841561775942,1.6309841561775942
63,1.5759590321626418,1.5759590321626418
64,1.5369317183891933,1.5369317183891933
65,1.5568183014790218,1.5568183014790218
66,1.5150677202603755,1.5150677202603755
67,1.5432013834898288,1.5432013834898288
68,1.5256099517528827,1.5256099517528827
69,1.5330850936663456,1.5330850936663456
70,1.5357079933851192,1.5357079933851192
71,1.5328618066433148,1.5328618066433148
72,1.5256426743207834,1.5256426743207834
73,1.9204783875208635,1.9204783875208635
74,1.5295384946541908,1.5295384946541908
75,1.5279551282142982,1.5279551282142982
76,1.5055012821387022,1.5055012821387022
77,1.5330743342638016,1.5330743342638016
78,1.5236669339430637,1.5236669339430637
79,1.5256196780082507,1.5256196780082507
80,1.5770708322525024,1.5770708322525024
81,1.5032456532502785,1.5032456532502785
82,1.4836798520424428,1.4836798520424428
83,1.5238085087293234,1.5238085087293234
84,1.8155469351854079,1.8155469351854079
85,1.5115290127503567,1.5115290127503567
86,1.4850963487839088,1.4850963487839088
87,1.5233537145914176,1.5233537145914176
88,1.488389055698346,1.488389055698346
89,1.5122492099419618,1.5122492099419618
90,1.4955131847124834,1.4955131847124834
91,1.4968347740479004,1.4968347740479004
92,1.5240981781329863,1.5240981781329863
93,1.4739730679071867,1.4739730679071867
94,1.645723554568413,1.645723554568413
95,1.5792814091994212,1.5792814091994212
96,1.4963894952566197,1.4963894952566197
97,1.4957666981678743,1.4957666981678743
98,1.4672770549853642,1.4672770549853642
99,1.4568016204314354,1.4568016204314354
100,1.4628435285427632,1.4628435285427632
101,1.4585536519686382,1.4585536519686382
102,1.4697742775464668,1.4697742775464668
103,1.4467187714882386,1.4467187714882386
104,1.4394131100330598,1.4394131100330598
105,1.4356723504188733,1.4356723504188733
106,1.4391757391202145,1.4391757391202145
107,1.4345174817702708,1.4345174817702708
108,1.4535343562945342,1.4535343562945342
109,1.4392486084730198,1.4392486084730198
110,1.426167586675057,1.426167586675057
111,1.4408492728685722,1.4408492728685722
112,1.4135198776538556,1.4135198776538556
113,1.4241712399018116,1.4241712399018116
114,1.4036348855648286,1.4036348855648286
115,1.3944633461726017,1.3944633461726017
116,1.4010492303432562,1.4010492303432562
117,1.409680867424378,1.409680867424378
118,1.3998288332651823,1.3998288332651823
119,1.399021530762697,1.399021530762697
120,1.4030163788642638,1.4030163788642638
121,1.3939327406577575,1.3939327406577575
122,1.4203173032937906,1.4203173032937906
123,1.3927495196843758,1.3927495196843758
124,1.4015510754707532,1.4015510754707532
125,1.3922113608091304,1.3922113608091304
126,1.3988569990182533,1.3988569990182533
127,1.3968231880511992,1.3968231880511992
128,1.3813504989330585,1.3813504989330585
129,1.3809118022521336,1.3809118022521336
130,1.3881357633150542,1.3881357633150542
131,1.3920392023447232,1.3920392023447232
132,1.3825745166112215,1.3825745166112215
133,1.3857380201419194,1.3857380201419194
134,1.374797523403779,1.374797523403779
135,1.378106414507597,1.378106414507597
136,1.3735407969126334,1.3735407969126334
137,1.3721913546323776,1.3721913546323776
138,1.3774066433692589,1.3774066433692589
139,1.3778777890480483,1.3778777890480483
140,1.3775676695200114,1.3775676695200114
141,1.3728713981616192,1.3728713981616192
142,1.3626539565813847,1.3626539565813847
143,1.357307954094349,1.357307954094349
144,1.3627511026003423,1.3627511026003423
145,1.3633410265812507,1.3633410265812507
146,1.365516261030466,1.365516261030466
147,1.3584618335350966,1.3584618335350966
148,1.3700494831189132,1.3700494831189132
149,1.3813610672950745,1.3813610672950745
150,1.371299888461064,1.371299888461064
151,1.3587291485224016,1.3587291485224016
152,1.3603017116204286,1.3603017116204286
153,1.363904758141591,1.363904758141591
154,1.3626291518792129,1.3626291518792129
155,1.3633053864424045,1.3633053864424045
156,1.3714747306628106,1.3714747306628106
157,1.3529548671765206,1.3529548671765206
158,1.3577519811880894,1.3577519811880894
159,1.3493598428292153,1.3493598428292153
160,1.3545075471584613,1.3545075471584613
161,1.3510222469384854,1.3510222469384854
162,1.3689883240522482,1.3689883240522482
163,1.3538677772650352,1.3538677772650352
164,1.3510420112273631,1.3510420112273631
165,1.3505883113696024,1.3505883113696024
166,1.35718445174205,1.35718445174205
167,1.3492304037014644,1.3492304037014644
168,1.3432413435135133,1.3432413435135133
169,1.347480995914875,1.347480995914875
170,1.3582088825030205,1.3582088825030205
171,1.3420781114926705,1.3420781114926705
172,1.3362923379127796,1.3362923379127796
173,1.3384326512996967,1.3384326512996967
174,1.332553920073387,1.332553920073387
175,1.3576284765433042,1.3576284765433042
176,1.3406802259194546,1.3406802259194546
177,1.3473160641315656,1.3473160641315656
178,1.341845256013748,1.341845256013748
179,1.3395617459064875,1.3395617459064875
180,1.3415023054067905,1.3415023054067905
181,1.3402381474391007,1.3402381474391007
182,1.3493695220886133,1.3493695220886133
183,1.3393659542004268,1.3393659542004268
184,1.3334889228527362,1.3334889228527362
185,1.3411614375236707,1.3411614375236707
186,1.3617886087069144,1.3617886087069144
187,1.3361356755097706,1.3361356755097706
188,1.3288877789790814,1.3288877789790814
189,1.3346124043067296,1.3346124043067296
190,1.3353973615628023,1.3353973615628023
191,1.3272649924724529,1.3272649924724529
192,1.3519207651798542,1.3519207651798542
193,1.3550614504477916,1.3550614504477916
194,1.3365893214941025,1.3365893214941025
195,1.3294351448615391,1.3294351448615391
196,1.3344491403072307,1.3344491403072307
197,1.3333663367308104,1.3333663367308104
198,1.3332321322881258,1.3332321322881258
199,1.328588986626038,1.328588986626038
200,1.341446483364472,1.341446483364472
201,1.3239090610773137,1.3239090610773137
202,1.3220470551496897,1.3220470551496897
203,1.3218895536966813,1.3218895536966813
204,1.3357497793741715,1.3357497793741715
205,1.327025667597086,1.327025667597086
206,1.3192360259783573,1.3192360259783573
207,1.319308103659214,1.319308103659214
208,1.3287489333978066,1.3287489333978066
209,1.3226932497360768,1.3226932497360768
210,1.32319321617102,1.32319321617102
211,1.3153755278923573,1.3153755278923573
212,1.325775595047535,1.325775595047535
213,1.3239219788557444,1.3239219788557444
214,1.3203632827752676,1.3203632827752676
215,1.3219650922677455,1.3219650922677455
216,1.3254583989962554,1.3254583989962554
217,1.3143361264314406,1.3143361264314406
218,1.3146479683808792,1.3146479683808792
219,1.3164389718037386,1.3164389718037386
220,1.3204414588518631,1.3204414588518631
221,1.3300833705908213,1.3300833705908213
222,1.316808833525731,1.316808833525731
223,1.3239707064170103,1.3239707064170103
224,1.3116237207865105,1.3116237207865105
225,1.3208160140575507,1.3208160140575507
226,1.3153534596547103,1.3153534596547103
227,1.3090507980340567,1.3090507980340567
228,1.3086327153902788,1.3086327153902788
229,1.3112709417175024,1.3112709417175024
230,1.3080277546094015,1.3080277546094015
231,1.3133250631583042,1.3133250631583042
232,1.3057320819069178,1.3057320819069178
233,1.3216194678575566,1.3216194678575566
234,1.3060863797481244,1.3060863797481244
235,1.313701685422506,1.313701685422506
236,1.3113448272148769,1.3113448272148769
237,1.3139326576239023,1.3139326576239023
238,1.309633344793931,1.309633344793931
239,1.3086675180074496,1.3086675180074496
240,1.310424580788001,1.310424580788001
241,1.3185195319163494,1.3185195319163494
242,1.3077727758731597,1.3077727758731597
243,1.327793531692945,1.327793531692945
244,1.3036978378509865,1.3036978378509865
245,1.307031633380132,1.307031633380132
246,1.3064892536554582,1.3064892536554582
247,1.3041616792862232,1.3041616792862232
248,1.2999985821736164,1.2999985821736164
249,1.2986058134299059,1.2986058134299059
250,1.3006443266685193,1.3006443266685193
251,1.3144346076326492,1.3144346076326492
252,1.306499184324191,1.306499184324191
253,1.2985825317028241,1.2985825317028241
254,1.3172218513030272,1.3172218513030272
255,1.2985405921936035,1.2985405921936035
256,1.308533908847051,1.308533908847051
257,1.2998122397141578,1.2998122397141578
258,1.3027582982411752,1.3027582982411752
259,1.3007278381249843,1.3007278381249843
260,1.3113420261786535,1.3113420261786535
261,1.2983283878136904,1.2983283878136904
262,1.302174333960582,1.302174333960582
263,1.2965532778165278,1.2965532778165278
264,1.3033256423779023,1.3033256423779023
265,1.2965603730617425,1.2965603730617425
266,1.3169251210414445,1.3169251210414445
267,1.2971876959005992,1.2971876959005992
268,1.3018002082140019,1.3018002082140019
269,1.2988990117342045,1.2988990117342045
270,1.3033402218268468,1.3033402218268468
271,1.294600024437293,1.294600024437293
272,1.2873343091744642,1.2873343091744642
273,1.2922841333425963,1.2922841333425963
274,1.3149537321848748,1.3149537321848748
275,1.287007593573668,1.287007593573668
276,1.3008576451967924,1.3008576451967924
277,1.293954265805391,1.293954265805391
278,1.3003920423678863,1.3003920423678863
279,1.2947344665343945,1.2947344665343945
280,1.2947692825244024,1.2947692825244024
281,1.2901146148259823,1.2901146148259823
282,1.2873715632236922,1.2873715632236922
283,1.2907626563921952,1.2907626563921952
284,1.2945470061057653,1.2945470061057653
285,1.2967317566657677,1.2967317566657677
286,1.306340305468975,1.306340305468975
287,1.299078175272697,1.299078175272697
288,1.2964253024413035,1.2964253024413035
289,1.3089089145263035,1.3089089145263035
290,1.2955726931492488,1.2955726931492488
291,1.3003253764831102,1.3003253764831102
292,1.2983204130178843,1.2983204130178843
293,1.2951310678170278,1.2951310678170278
294,1.2834848983165545,1.2834848983165545
295,1.2969503425634825,1.2969503425634825
296,1.2837537890061355,1.2837537890061355
297,1.2891401220590641,1.2891401220590641
298,1.2898801519320562,1.2898801519320562
299,1.2882305253774693,1.2882305253774693
300,1.3038193254898756,1.3038193254898756
301,1.289769409558712,1.289769409558712
302,1.2823755683807225,1.2823755683807225
303,1.2902031170252042,1.2902031170252042
304,1.294415764701672,1.294415764701672
305,1.2875947747857144,1.2875947747857144
306,1.291127745539714,1.291127745539714
307,1.2951340411718075,1.2951340411718075
308,1.2948783586422603,1.2948783586422603
309,1.2984107499703383,1.2984107499703383
310,1.2860216718071547,1.2860216718071547
311,1.2953551503328176,1.2953551503328176
312,1.3032122754897826,1.3032122754897826
313,1.3038046677143147,1.3038046677143147
314,1.2855790299482834,1.2855790299482834
315,1.2814613404946449,1.2814613404946449
316,1.2836398100241637,1.2836398100241637
317,1.2854232795727558,1.2854232795727558
318,1.295142189050332,1.295142189050332
319,1.287509771111684,1.287509771111684
320,1.2836448848247528,1.2836448848247528
321,1.2817264147675955,1.2817264147675955
322,1.2931358810418692,1.2931358810418692
323,1.2807976385721793,1.2807976385721793
324,1.2894924676571138,1.2894924676571138
325,1.2940317312112222,1.2940317312112222
326,1.282125017199761,1.282125017199761
327,1.2798280864953995,1.2798280864953995
328,1.2883348881434171,1.2883348881434171
329,1.28244955990559,1.28244955990559
330,1.2891292308385556,1.2891292308385556
331,1.2776285257094946,1.2776285257094946
332,1.2851967700780966,1.2851967700780966
333,1.2839999271508975,1.2839999271508975
334,1.2814652587358768,1.2814652587358768
335,1.2986440498095293,1.2986440498095293
336,1.2865524979738088,1.2865524979738088
337,1.2753817236576326,1.2753817236576326
338,1.2766543603860414,1.2766543603860414
339,1.2854050883115866,1.2854050883115866
340,1.2884617963662515,1.2884617963662515
341,1.2758407776172345,1.2758407776172345
342,1.2835683390880241,1.2835683390880241
343,1.2806101139539328,1.2806101139539328
344,1.2784110909471145,1.2784110909471145
345,1.2780186847234383,1.2780186847234383
346,1.2807122560647817,1.2807122560647817
347,1.2713688959678013,1.2713688959678013
348,1.2836074939905069,1.2836074939905069
349,1.2778162279954324,1.2778162279954324
350,1.28918417600485,1.28918417600485
351,1.2835118002616441,1.2835118002616441
352,1.2692416543379808,1.2692416543379808
353,1.2794463554253945,1.2794463554253945
354,1.2822180877511318,1.2822180877511318
355,1.27811960513011,1.27811960513011
356,1.2821055623965385,1.2821055623965385
357,1.2762984610520876,1.2762984610520876
358,1.2741267344890497,1.2741267344890497
359,1.2774501515504642,1.2774501515504642
360,1.2852310347251403,1.2852310347251403
361,1.2842003137637408,1.2842003137637408
362,1.2802327580941029,1.2802327580941029
363,1.275282214085261,1.275282214085261
364,1.2760437363997483,1.2760437363997483
365,1.270871252203599,1.270871252203599
366,1.2824293226003647,1.2824293226003647
367,1.275974453259737,1.275974453259737
368,1.278544300259688,1.278544300259688
369,1.2927642330909386,1.2927642330909386
370,1.2692085357430654,1.2692085357430654
371,1.2787522578086608,1.2787522578086608
372,1.2687229410960124,1.2687229410960124
373,1.2742417466181974,1.2742417466181974
374,1.2746307133482053,1.2746307133482053
375,1.2821742005837269,1.2821742005837269
376,1.2818967252969742,1.2818967252969742
377,1.2722533264985452,1.2722533264985452
378,1.2785841918144472,1.2785841918144472
379,1.2746627972676203,1.2746627972676203
380,1.2781996310521395,1.2781996310521395
381,1.2935764850714269,1.2935764850714269
382,1.2729864689784172,1.2729864689784172
383,1.2754995968097296,1.2754995968097296
384,1.2801066583547838,1.2801066583547838
385,1.2722434393870525,1.2722434393870525
386,1.2784008544224958,1.2784008544224958
387,1.283424548040598,1.283424548040598
388,1.2814227006374261,1.2814227006374261
389,1.2738321033807902,1.2738321033807902
390,1.2768589307864506,1.2768589307864506
391,1.273047733383301,1.273047733383301
392,1.269247374091393,1.269247374091393
393,1.27284597299802,1.27284597299802
394,1.2788275663669293,1.2788275663669293
395,1.2826381493837407,1.2826381493837407
396,1.2735791286596885,1.2735791286596885
397,1.271051409917,1.271051409917
398,1.2726758840756538,1.2726758840756538
399,1.2671660303305357,1.2671660303305357
400,1.2826115255936599,1.2826115255936599
401,1.2765613947159204,1.2765613947159204
402,1.2688020047469017,1.2688020047469017
403,1.2679756662020316,1.2679756662020316
