,total_loss,vq_loss,det_loss,feature_loss
0,4.980793314595377,0.24342085108641656,0.0,4.737372506049372
1,2.2231153442013647,0.12645813269961265,0.0,2.096657226162572
2,1.0968382723869816,0.12253798568441022,0.0,0.9743002883849605
3,0.8032855045410895,0.12245548420375393,0.0,0.680830019135629
4,0.6483681624935519,0.12131436097045098,0.0,0.527053798398664
5,0.530548007257523,0.12133224909344027,0.0,0.40921575407828054
6,0.4701314712724378,0.11977426515471551,0.0,0.3503572037143092
7,0.43185555934906006,0.1190071327071036,0.0,0.3128484276033217
8,0.4031736639238173,0.11781239052934031,0.0,0.2853612712314052
9,0.3858937294252457,0.11840567665715371,0.0,0.267488052768092
10,0.37259337882841786,0.1189370640823918,0.0,0.25365631426534346
11,0.3593751442047857,0.11895029559250801,0.0,0.24042484933330166
12,0.3419212006753491,0.11588868450733923,0.0,0.2260325118418663
13,0.34309175706678824,0.11896764607198777,0.0,0.22412411003343521
14,0.3361151766392492,0.11846319489902066,0.0,0.21765198101920466
15,0.3213550736827235,0.11482278257608414,0.0,0.2065322918276633
16,0.32780720822272763,0.11871936628895421,0.0,0.2090878390496777
17,0.3149119903964381,0.1155249392313342,0.0,0.19938705044407998
18,0.3127043766360129,0.11597710679615697,0.0,0.19672727200292772
19,0.31026950094007677,0.11604831391765226,0.0,0.19422118846447237
20,0.3105688191229297,0.11730942130088806,0.0,0.19325939493794594
21,0.3065122490929019,0.1164627966861571,0.0,0.19004945312776872
22,0.3004044803880876,0.11456735720557551,0.0,0.18583712414387735
23,0.2988786187864119,0.11522958571872403,0.0,0.1836490318659813
24,0.2943842175506776,0.11442290631032759,0.0,0.17996131316308053
25,0.2989539114698287,0.11664054158233828,0.0,0.18231337012783175
26,0.29268534241184113,0.11515803538983868,0.0,0.17752730990609816
27,0.292001050326132,0.11523380851553332,0.0,0.17676724060889212
28,0.28976184321988013,0.11494161645250936,0.0,0.17482022556566423
29,0.2889789193868637,0.11502800425214152,0.0,0.17395091441369825
30,0.28513156935091943,0.11379638386349525,0.0,0.17133518716981333
31,0.27996212244033813,0.11238590675976969,0.0,0.16757621303681405
32,0.2785508358670819,0.11226180652456899,0.0,0.16628903006353685
33,0.2760644189773067,0.11087557385044713,0.0,0.16518884777061402
34,0.2708169068059614,0.10731439773113496,0.0,0.16350251051687426
35,0.26652436823614184,0.10302827747598771,0.0,0.16349609003913018
36,0.25898811605668837,0.09962555141218248,0.0,0.15936256272177543
37,0.2549882963780434,0.09700021364035145,0.0,0.15798808393939848
38,0.2490758886260371,0.09424836717305644,0.0,0.15482752097229804
39,0.25137357509905295,0.09547536339490645,0.0,0.15589821146380517
40,0.24505551159381866,0.09276405745936979,0.0,0.15229145509581413
41,0.2476509194220266,0.09394412319506368,0.0,0.15370679502525636
42,0.2456576641528837,0.09327600247436954,0.0,0.15238166047680762
43,0.23857954144477844,0.09133475850666722,0.0,0.14724478341879382
44,0.23483176433270977,0.09046719559738713,0.0,0.14436456897566396
45,0.23936955294301432,0.09212473106961097,0.0,0.14724482451715776
46,0.23551592519206385,0.0909728878928769,0.0,0.14454303537645646
47,0.2323678328144935,0.09024001489723882,0.0,0.14212781935930252
48,0.230979970866634,0.08973194899097565,0.0,0.1412480228370236
49,0.23380230126842375,0.09145404350373053,0.0,0.1423482594470824
50,0.23115103908123508,0.09058322829584922,0.0,0.14056781078538588
51,0.2282135284716083,0.0903034234239209,0.0,0.1379101028846156
52,0.22993275859663564,0.0914038575945362,0.0,0.13852889956005157
53,0.2238877478145784,0.08893336788300545,0.0,0.13495437945089034
54,0.2258752944969362,0.09009300004090032,0.0,0.13578229517705978
55,0.22767141172962804,0.09108028921388811,0.0,0.136591121794716
56,0.22338805996602581,0.09004021315805373,0.0,0.13334784608694814
57,0.22189563512802124,0.08948738224083377,0.0,0.1324082514451396
58,0.22476591410175448,0.09092286469474915,0.0,0.1338430470035922
59,0.21873801658230443,0.08920536622885734,0.0,0.12953264987276447
60,0.2172164330559392,0.08911063930680675,0.0,0.12810579326844984
61,0.22122973828546463,0.09067296188685202,0.0,0.13055677567758867
62,0.2167885341951924,0.08935840548046174,0.0,0.1274301299164372
63,0.21587508099694405,0.08936064377907783,0.0,0.12651443793889014
64,0.21677913252384431,0.0897123126253005,0.0,0.12706681917751989
65,0.21193802885470853,0.08838227078799278,0.0,0.12355575734569181
66,0.21046046480055777,0.0881580462859523,0.0,0.1223024187549468
67,0.21355469380655595,0.08968129754066467,0.0,0.12387339530452605
68,0.2101847880309628,0.08861829845174667,0.0,0.12156648837750958
69,0.2132296509319736,0.09028057297391276,0.0,0.12294907867908478
70,0.21216789849342838,0.08993806185260896,0.0,0.12222983712150205
71,0.20811271090661326,0.08861930860627082,0.0,0.11949340230034243
72,0.21105075891940825,0.09007240543442388,0.0,0.12097835276396043
73,0.20645353774870595,0.08832889074279417,0.0,0.11812464580420524
74,0.2066502465355781,0.0888973613900523,0.0,0.11775288562620839
75,0.20294669558925013,0.08762483995768332,0.0,0.11532185635259075
76,0.20716038298222325,0.08943718791969361,0.0,0.11772319578355359
77,0.20408913541224696,0.08855537829860564,0.0,0.1155337568733
78,0.20415074931037042,0.08885360388986525,0.0,0.11529714590118777
79,0.20135242948609014,0.08785517465683722,0.0,0.11349725410822899
80,0.20377490068635634,0.08932667201565157,0.0,0.11444822794968082
81,0.2026053354624779,0.08899127307438082,0.0,0.11361406383014494
82,0.20286168734873494,0.08942030226030658,0.0,0.11344138364638051
83,0.20090943430700609,0.0890599059001092,0.0,0.11184952888757951
84,0.19817285239696503,0.08788497866161409,0.0,0.11028787301432702
85,0.20269790339854457,0.08976192868524982,0.0,0.11293597351158818
86,0.19892085944452592,0.0886162293534125,0.0,0.11030463057179604
87,0.1988324397994626,0.08879698981200496,0.0,0.11003545046814027
88,0.19720603189160746,0.08831475074252775,0.0,0.10889127994737317
89,0.19722953582963637,0.08883695833144649,0.0,0.10839257773853117
90,0.19960115417357413,0.08989195886158174,0.0,0.10970919579267502
91,0.19766833609150303,0.08941791014325234,0.0,0.10825042690961592
92,0.19555053211027576,0.08854299278989915,0.0,0.107007538839694
93,0.19299154175866035,0.087409500152834,0.0,0.10558204160582635
94,0.19481193154088913,0.08865712655167426,0.0,0.10615480546989749
95,0.19433754394131322,0.08840345110624068,0.0,0.10593409331575517
96,0.1926856170738897,0.08829654945481208,0.0,0.10438906545600583
97,0.19403484127213877,0.08929681465510399,0.0,0.10473802661703478
98,0.1936731122193798,0.08906738387961541,0.0,0.10460572809942308
99,0.18881474579534224,0.08705244669991155,0.0,0.1017622995761133
100,0.19107060999639572,0.0881685552097136,0.0,0.10290205502702345
101,0.188862998158701,0.0873693722871042,0.0,0.10149362635227942
102,0.1916452040595393,0.08873389661312103,0.0,0.10291130672539434
103,0.19014761092201357,0.08848787123157133,0.0,0.10165973969044224
104,0.18948074983012292,0.08806003293683452,0.0,0.10142071785465363
105,0.19311161387351253,0.09005770207412782,0.0,0.10305391083801946
106,0.19005117301018007,0.08860247510094796,0.0,0.1014486976688908
107,0.1886380882032456,0.08817282727649135,0.0,0.10046526044607162
108,0.18959681978148799,0.08856932049797427,0.0,0.1010274990431724
109,0.18862963155392679,0.0885616682710186,0.0,0.10006796280222555
110,0.18610356363558,0.08754794732216865,0.0,0.09855561823614183
111,0.18566134860438685,0.08758278888079428,0.0,0.09807855972359257
112,0.1836381035466348,0.08666018276445327,0.0,0.09697792126286414
113,0.18885452132071218,0.08923154035883565,0.0,0.09962298072153522
114,0.18443327325005685,0.08738713302919941,0.0,0.09704614094188137
115,0.18473703294031082,0.08778256562448317,0.0,0.09695446899821682
116,0.18447961874546542,0.08773440723457644,0.0,0.09674521078986506
117,0.1855598178602034,0.08841477454670015,0.0,0.09714504259247933
118,0.18423251278938785,0.08803680322823985,0.0,0.09619570980148931
119,0.1848499938364952,0.0882263308571231,0.0,0.09662366273903078
120,0.18194498842762363,0.08700722648251441,0.0,0.09493776218545052
121,0.18301232159137726,0.08756334623021464,0.0,0.09544897488048
122,0.1820507299515509,0.08737912245335118,0.0,0.09467160894024756
123,0.1833672898430978,0.08795312828113956,0.0,0.09541416360485938
124,0.18420380738473707,0.08816661132920173,0.0,0.09603719437314619
125,0.18283659363946608,0.08826005723207228,0.0,0.09457653544602855
126,0.18140836396524984,0.08765609706601789,0.0,0.0937522683412798
127,0.18285537823554007,0.08807577192783356,0.0,0.09477960750941307
128,0.18158881510457686,0.08745537554064105,0.0,0.09413344004461842
129,0.18221819256582567,0.08818835789157499,0.0,0.09402983539527462
130,0.1848832945669851,0.08948097762561613,0.0,0.0954023152589798
131,0.17930650518786523,0.08738785741790649,0.0,0.0919186470489348
132,0.18041748048797732,0.08799207787359914,0.0,0.09242540165301293
133,0.1822411129551549,0.08886225209120781,0.0,0.0933788611042884
134,0.17943602896505786,0.08767299137769206,0.0,0.0917630375873658
135,0.18135171311516915,0.08883419440638635,0.0,0.09251751798775888
136,0.18032003746878716,0.08772209214587365,0.0,0.09259794628427874
137,0.17790670933261996,0.08696502350991772,0.0,0.09094168606304354
138,0.17764740076757246,0.08718198105212181,0.0,0.09046541923476804
139,0.17765586030098698,0.08739866580693953,0.0,0.09025719353268223
140,0.180404846706698,0.08868385202461673,0.0,0.09172099540310522
141,0.18025954596457944,0.08855754809994851,0.0,0.09170199930667877
142,0.17963337754049608,0.08868243232850105,0.0,0.09095094328926455
143,0.17746576041944565,0.08749009620758795,0.0,0.08997566541356425
144,0.17793024066955812,0.08800606910259492,0.0,0.08992417060559796
145,0.17714034645788132,0.08770503584415681,0.0,0.08943531157508973
146,0.17305527579399846,0.08588903998174975,0.0,0.0871662353315661
147,0.17748210122508387,0.08820445883658624,0.0,0.08927764190781501
148,0.1772902040712295,0.08797703779512836,0.0,0.08931316555507722
149,0.17479845881462097,0.08704206275363122,0.0,0.0877563972626963
150,0.17685950379217824,0.08779150295642114,0.0,0.08906799987439186
151,0.1735732617878145,0.0865536002862838,0.0,0.08701966174187199
152,0.17641889712502878,0.08809579908847809,0.0,0.08832309851723333
153,0.17666561180545437,0.08833979767176413,0.0,0.0883258153353968
154,0.17500458177058928,0.0871789395328491,0.0,0.08782564223774018
155,0.17703081667423248,0.08862279283423577,0.0,0.08840802239794884
156,0.17939718500260385,0.08956228701337692,0.0,0.08983489895059217
157,0.17718034982681274,0.08848147647034738,0.0,0.08869887600021978
158,0.1737832013637789,0.08718811071688129,0.0,0.08659509064689759
159,0.17385655401214475,0.08760228729055773,0.0,0.08625426527953917
160,0.17598252431038888,0.08855578159132312,0.0,0.08742674295940707
161,0.17383178251404915,0.08746456234685836,0.0,0.08636722088821473
162,0.17272791987465275,0.08704892954518718,0.0,0.08567899081014818
163,0.17247230487485085,0.08714649561912782,0.0,0.08532580853469911
164,0.1740521610744538,0.08779239438233837,0.0,0.08625976717279803
165,0.17546696720584745,0.08878794336511243,0.0,0.08667902456175897
166,0.1705916677751849,0.08637662159819756,0.0,0.08421504641732862
167,0.17216473192937912,0.08718240188975487,0.0,0.08498233100098948
168,0.1697861845454862,0.08640789577076512,0.0,0.08337828853437977
169,0.17077837403743498,0.08674442383550829,0.0,0.084033950442268
170,0.1738294901386384,0.08824409880945759,0.0,0.08558539229054604
171,0.1753635012334393,0.08836629986763,0.0,0.08699720112546798
172,0.17296703015604326,0.08751646501402702,0.0,0.08545056442099233
173,0.1714446847477267,0.0873280194017195,0.0,0.08411666438464195
174,0.17114448355090234,0.08731235683925691,0.0,0.08383212767301067
175,0.17154652889697783,0.0873858027400509,0.0,0.08416072519556168
176,0.1694364264126747,0.08645850660339478,0.0,0.08297791836723205
177,0.17217421772018557,0.08777943157380627,0.0,0.08439478494467274
178,0.17051188359337469,0.0867763594273598,0.0,0.08373552296430833
179,0.16919117252672872,0.08676291064869973,0.0,0.08242826283939424
180,0.17010238478260656,0.08707083449248344,0.0,0.08303155149182966
181,0.1714865945039257,0.08779341054539527,0.0,0.08369318275682387
182,0.17105064997749944,0.08762267448248402,0.0,0.08342797525467412
183,0.17106957998006575,0.08758495675940667,0.0,0.083484623941683
184,0.17117517129067453,0.08780611474667827,0.0,0.08336905678433756
185,0.1711792080633102,0.08787013133687357,0.0,0.08330907744746055
186,0.1736734413331555,0.0891521510577971,0.0,0.08452129051569969
187,0.16719677852046105,0.08623827008470412,0.0,0.08095850747439169
188,0.16989415980154468,0.08758107020008948,0.0,0.08231309080316175
189,0.16954050140996133,0.08757278467378309,0.0,0.0819677155344717
190,0.17019701436642679,0.08778366686836366,0.0,0.08241334821908705
191,0.16868059962026535,0.08716804173684889,0.0,0.08151255764307515
192,0.17080146170431568,0.08822823339892973,0.0,0.0825732292667512
193,0.16820518864739326,0.08718116893883675,0.0,0.08102401802616735
194,0.17022677583079185,0.08825826308419628,0.0,0.08196851274659557
195,0.16898701700472063,0.08759801834821701,0.0,0.08138899889684492
196,0.16819824422559432,0.0871854787392001,0.0,0.0810127654863942
197,0.16825833964732387,0.08729862998570165,0.0,0.08095971062298744
198,0.16730560794953378,0.08698729738112419,0.0,0.08031830984738565
199,0.16732813514048053,0.08664417723494192,0.0,0.08068396006861041
200,0.16923470699018048,0.08769411377368434,0.0,0.08154059513922661
201,0.16717674174616415,0.08702283761193676,0.0,0.08015390461491
202,0.16810306426017516,0.08766999504258556,0.0,0.0804330694579309
203,0.16855331966953893,0.08786542881881038,0.0,0.08068788952885135
204,0.16771859795816482,0.0874261591703661,0.0,0.08029243878779872
205,0.16827080807378214,0.08786592272020155,0.0,0.08040488499306864
206,0.168707053507528,0.08820806587896039,0.0,0.08049898786890891
207,0.1678025217786912,0.08781400587289565,0.0,0.07998851614613686
208,0.16929285132115887,0.08875007470769267,0.0,0.08054277469073573
209,0.16571651302999066,0.08664799265323146,0.0,0.07906851989607658
210,0.16894112623506977,0.08844454802813069,0.0,0.08049657652454992
211,0.1665238550593776,0.08714091056777586,0.0,0.07938294377057784
212,0.1651144460324318,0.08647641347300622,0.0,0.07863803135771905
213,0.16877391213370907,0.08827050583016488,0.0,0.08050340834644533
214,0.16757935045226927,0.08812415599822998,0.0,0.07945519325233275
215,0.1684788542409097,0.08871904784633268,0.0,0.07975980747611291
216,0.16751969389377103,0.08802812762798802,0.0,0.07949156818851348
217,0.16631942266418087,0.08766473325029496,0.0,0.07865468893320329
218,0.16506989492524055,0.08713843144716756,0.0,0.07793146395875562
219,0.16754826951411464,0.08831309767500047,0.0,0.07923517231979678
220,0.1670511480300657,0.08804571772775342,0.0,0.07900542910060575
221,0.16530783330240556,0.08720359518643349,0.0,0.07810423931767864
222,0.1649649941152142,0.08702494083873687,0.0,0.07794005375715994
223,0.16745720274986758,0.08826322541121513,0.0,0.07919397685796983
224,0.1663541414083973,0.08797332620428454,0.0,0.07838081328138229
225,0.1670978242351163,0.08849476710442573,0.0,0.07860305665000793
226,0.16372642642067325,0.08661799853847872,0.0,0.07710842908390107
227,0.16525730827162344,0.08739875617527193,0.0,0.07785855161566888
228,0.16570328897045505,0.08782239378459993,0.0,0.07788089518585513
229,0.1660281083276195,0.08803573707419057,0.0,0.07799237197445284
230,0.166664884936425,0.08814982565179948,0.0,0.07851505940479617
231,0.1640576946158563,0.08697618784443024,0.0,0.07708150653108474
232,0.16394458615010785,0.08677812497461995,0.0,0.07716646069480528
233,0.16357300959287152,0.08686601442675437,0.0,0.0767069939644106
234,0.1634951695319145,0.08670417507809977,0.0,0.07679099349244949
235,0.16853802434859738,0.08953775946171053,0.0,0.07900026464654554
236,0.1637654088197216,0.08666714352946128,0.0,0.07709826252633525
237,0.16760738626603158,0.08889337028226545,0.0,0.0787140152627422
238,0.1629296632543687,0.08681880153955952,0.0,0.07611086243583311
239,0.16747872339140984,0.08886745644192542,0.0,0.07861126839153228
240,0.1644254692139164,0.08746852509437068,0.0,0.07695694580193489
241,0.1622383882922511,0.08650624175225535,0.0,0.07573214714084903
242,0.16453210048137173,0.08777683348424974,0.0,0.0767552683189992
243,0.16369518349247594,0.08725069295014104,0.0,0.07644449126335882
244,0.16236037352392751,0.08664308752744429,0.0,0.07571728623682453
245,0.16745259156150202,0.08943778468716529,0.0,0.07801480759536067
246,0.16335052732498415,0.08692225910002185,0.0,0.07642826906615688
247,0.1655219360705345,0.08856011302240434,0.0,0.07696182388932474
248,0.162494731526221,0.08697859654503484,0.0,0.07551613678374598
249,0.16344769395166828,0.08752789901148889,0.0,0.07591979542086201
250,0.16546385807375755,0.08870023128486448,0.0,0.07676362726957567
251,0.16387056391085347,0.08778889188843389,0.0,0.07608167250310222
252,0.16391962237896457,0.08795426785945892,0.0,0.07596535427916434
253,0.16384062507460195,0.08790540743258692,0.0,0.07593521788235634
254,0.16458551585674286,0.08829147176396462,0.0,0.07629404433311955
255,0.16063258628691396,0.08634983724163424,0.0,0.07428274796374383
256,0.1624873136320422,0.08723037641855978,0.0,0.0752569372134824
257,0.16560985484430868,0.08886718942273047,0.0,0.07674266482072492
258,0.16099781518982303,0.08651621663762678,0.0,0.07448159831185494
259,0.1628143681633857,0.08731311367404077,0.0,0.07550125400866231
260,0.1647682209168711,0.0885428084481147,0.0,0.0762254127090977
261,0.16063654038213915,0.0862493075190052,0.0,0.0743872327429633
262,0.16217219252740184,0.08729406758662193,0.0,0.07487812542146252
263,0.1620572776563706,0.0870995870040309,0.0,0.07495769017165707
264,0.1644488678824517,0.08850753788025148,0.0,0.0759413306030535
265,0.16202270167489205,0.08731562187594752,0.0,0.0747070788375793
266,0.16217979836848476,0.08738748609058318,0.0,0.07479231251824286
267,0.1641897496677214,0.08851250549477915,0.0,0.07567724345191833
268,0.16314899440734618,0.08808058860801882,0.0,0.07506840471779147
269,0.1629522269771945,0.08767163801577783,0.0,0.07528058992278192
270,0.16238327180185624,0.08767935849966542,0.0,0.0747039121004843
271,0.1614462963996395,0.0872863684931109,0.0,0.07415992994942973
272,0.16149601388362148,0.08709026224190189,0.0,0.07440574959881845
273,0.1608230899418554,0.08689628565503706,0.0,0.0739268030851118
274,0.16276830194457884,0.08810620370411104,0.0,0.07466209679841995
275,0.16137712040255148,0.08722604787157427,0.0,0.07415107229063587
276,0.162213945581067,0.08777180818780776,0.0,0.07444213739325924
277,0.16221472044144908,0.08744164676435533,0.0,0.07477307271572851
278,0.16379421372567454,0.08784074312256228,0.0,0.07595346964174701
279,0.16470912195021106,0.08861280713350542,0.0,0.07609631673943612
280,0.16313766135323432,0.08801782371536378,0.0,0.0751198366765053
281,0.16196303910786106,0.08785100112999639,0.0,0.07411203941991253
282,0.16064826423122036,0.08727659333136774,0.0,0.07337167065951132
283,0.1633858440383788,0.0888308911554275,0.0,0.07455495312329262
284,0.16135618234834365,0.08746352070762266,0.0,0.07389266140037967
285,0.16090121240385116,0.08744407685533646,0.0,0.07345713410646684
286,0.16034697140416793,0.08696284890174866,0.0,0.07338412346378449
287,0.16033652665153628,0.08700991878586431,0.0,0.07332660954806113
288,0.15957206055041281,0.08684293613318474,0.0,0.07272912513825201
289,0.16410926945747867,0.08938103866192602,0.0,0.0747282295938461
290,0.16091399808083812,0.08765868482089811,0.0,0.07325531374062261
291,0.16149287742953147,0.08798873280325244,0.0,0.07350414606832689
292,0.16239270952440077,0.08799148903739068,0.0,0.0744012207273514
293,0.1606379064821428,0.08744726113734706,0.0,0.07319064510445442
294,0.15901169661552675,0.08668004457027681,0.0,0.07233165228559126
295,0.15907995402812958,0.08667693142929385,0.0,0.07240302307951835
296,0.15945910133661761,0.08679365150390132,0.0,0.07266544959237499
297,0.16059773439361202,0.08725173410869413,0.0,0.07334600112611248
298,0.16201868653297424,0.0883715390678375,0.0,0.07364714746513674
299,0.16090482040759055,0.08790299152174304,0.0,0.07300183068840735
300,0.1618519449426282,0.08844365756357869,0.0,0.07340828773956146
301,0.1598355448053729,0.08730868322234,0.0,0.07252686050149702
302,0.15993255064372094,0.08742509950553218,0.0,0.07250745185921269
303,0.15966970834039873,0.08691549229045067,0.0,0.0727542172516546
304,0.16090534579369328,0.08778479286739903,0.0,0.0731205528061236
305,0.1589260312818712,0.08677254737384858,0.0,0.07215348378785195
306,0.1609203714516855,0.08800886835782759,0.0,0.07291150417539381
307,0.1602597688474963,0.08759806112897012,0.0,0.07266170711767289
308,0.16163950197158322,0.08838011276337408,0.0,0.07325938944855044
309,0.16008397744547936,0.08750310516165148,0.0,0.07258087408638769
310,0.16077336236353842,0.08808576580016844,0.0,0.07268759716422327
311,0.16058342687545285,0.08804532380834702,0.0,0.07253810198556992
312,0.16215329929705588,0.08876511767025917,0.0,0.07338818090577279
313,0.15896533573827437,0.08720339474178129,0.0,0.07176193979478651
314,0.1576083331338821,0.08645629065652047,0.0,0.0711520422370203
315,0.16241154843761074,0.08892920469084094,0.0,0.07348234290557523
316,0.15834991297414225,0.08670350668891784,0.0,0.07164640712641901
317,0.16146026359450433,0.08869514614343643,0.0,0.07276511648970266
318,0.15901409233770064,0.0872925988608791,0.0,0.07172149407767481
319,0.16190383895750968,0.08838243566213115,0.0,0.0735214014928187
320,0.16066980121597166,0.08801645040512085,0.0,0.0726533505705095
321,0.16022057302536502,0.08795541500852953,0.0,0.07226515801683549
322,0.16044479175921408,0.08811896270321261,0.0,0.07232582833497755
323,0.16345154566149558,0.0898657287320783,0.0,0.07358581572771072
324,0.1620339890641551,0.08900905688924174,0.0,0.07302493181440138
325,0.15754942163344351,0.08677902313009385,0.0,0.07077039814283771
326,0.16018872587911545,0.08796020597219467,0.0,0.07222852074811535
327,0.1607618365556963,0.08841128166644804,0.0,0.07235055585061351
328,0.15938054505855806,0.08765900014869628,0.0,0.07172154478969113
329,0.16146508724458755,0.08883842825889587,0.0,0.07262666018739823
330,0.1579605278468901,0.08704777638758382,0.0,0.07091275206015955
331,0.1576887244178403,0.08688417629849526,0.0,0.07080454607644389
332,0.1583225001250544,0.08724646847094258,0.0,0.07107603273564769
333,0.1583296041334829,0.08738320344878782,0.0,0.07094639948298855
334,0.15783523840288963,0.0867802664156883,0.0,0.0710549728283959
335,0.1587848009601716,0.08723292427678261,0.0,0.07155187668338898
336,0.15899686515331268,0.08763797629264093,0.0,0.07135888958169569
337,0.158303149284855,0.08749572043457339,0.0,0.07080742848976966
338,0.15914755819305296,0.08774215463669069,0.0,0.071405402955509
339,0.15859319750339754,0.08758369400616615,0.0,0.07100950445859663
340,0.15774540747365645,0.0870333225015671,0.0,0.07071208425106541
341,0.15756237506866455,0.08694028325619237,0.0,0.0706220933746907
342,0.15784911811351776,0.0873786814270481,0.0,0.07047043608561639
343,0.1575532675750794,0.0871072603810218,0.0,0.07044600887644675
344,0.15776792649299867,0.08727623810691218,0.0,0.07049168850625714
345,0.1602092356451096,0.08870947216787646,0.0,0.07149976263603856
346,0.1571511938687294,0.08681543579986019,0.0,0.07033575794869854
347,0.15565129681941,0.08606045164408223,0.0,0.06959084553583976
348,0.15613883926022437,0.08645917090677446,0.0,0.06967966907447384
349,0.15881199942481133,0.08791099536803461,0.0,0.07090100429711803
350,0.15823714915783174,0.08752508461475372,0.0,0.07071206502376064
351,0.1585358116895922,0.08785163899583201,0.0,0.07068417077102969
352,0.15745498191925786,0.08733193984916134,0.0,0.07012304146924327
353,0.1584555458637976,0.08774661537139647,0.0,0.0707089302520598
354,0.1559609467944791,0.08666691929101944,0.0,0.06929402774380099
355,0.15938768656023086,0.08821507615427818,0.0,0.0711726119681712
356,0.15820156085875728,0.08782125504747514,0.0,0.07038030533059951
357,0.15709841155236767,0.08717708241554999,0.0,0.06992133045869489
358,0.15980718068538174,0.08865360290773454,0.0,0.07115357657594065
359,0.15761362208474067,0.08762227167044917,0.0,0.06999135029412085
360,0.1589660795946275,0.08830884243211438,0.0,0.0706572380037077
361,0.1585752521791766,0.08776059987083558,0.0,0.07081465206799968
362,0.15577791006334366,0.08661516347239094,0.0,0.0691627474321473
363,0.1567218986249739,0.08718274990397115,0.0,0.06953914667810163
364,0.15800704061985016,0.08801172313190275,0.0,0.06999531544504627
365,0.15567842798848305,0.08680618794695023,0.0,0.06887223968102087
366,0.1565777918984813,0.08701234455070188,0.0,0.06956544806880335
367,0.15715430244322745,0.08758186020197407,0.0,0.06957244224125339
368,0.1574351696237441,0.08763264408034663,0.0,0.06980252638459206
369,0.15774271420894131,0.08774146365542565,0.0,0.07000125175522219
370,0.15816391908353375,0.0879723891135185,0.0,0.07019152997001525
371,0.15617346643440186,0.08703378636029459,0.0,0.06913967899257137
372,0.15609895077443892,0.08688699021454781,0.0,0.0692119600792085
373,0.15615382309882872,0.0871059553277108,0.0,0.0690478686123125
374,0.15694134129631904,0.08760590106248856,0.0,0.06933544095485442
375,0.15852501411591807,0.0884830305172551,0.0,0.0700419834784923
376,0.15598641047554632,0.0867609879182231,0.0,0.06922542375902976
377,0.15810650346740598,0.08819085167300317,0.0,0.06991565323645069
378,0.15609669733432033,0.08703386206780711,0.0,0.06906283430514797
379,0.15648797635109193,0.08724790042446505,0.0,0.06924007520560295
380,0.15566524238355697,0.08687006465850337,0.0,0.06879517712420033
381,0.1557740920012997,0.0869437345573979,0.0,0.06883035792458442
382,0.158675467775714,0.08857316403619704,0.0,0.07010230361934632
383,0.1559062119453184,0.08711384789597604,0.0,0.06879236320814779
384,0.15676942179279943,0.0873558095866634,0.0,0.06941361268681864
385,0.1587379483445998,0.0886065433582952,0.0,0.070131404505622
386,0.15471114939258945,0.08653085270235615,0.0,0.0681802980121105
387,0.15616379437908048,0.08751631383934329,0.0,0.06864748186161442
388,0.15548416154999886,0.08674316997489621,0.0,0.06874099073390808
389,0.15842982501752914,0.08838914503012935,0.0,0.07004068118910636
390,0.1567888356024219,0.08762236852799693,0.0,0.06916646695425434
391,0.1579142443595394,0.08831661482972483,0.0,0.06959763013066785
392,0.15824147530140414,0.08856868767930616,0.0,0.069672787622098
393,0.15741153109458186,0.08788048980697509,0.0,0.06953104116743611
394,0.1555206746824326,0.08688060098117398,0.0,0.06864007454245322
395,0.15693622202642502,0.08758804178045641,0.0,0.06934817772238486
396,0.1565696462508171,0.08778240627819492,0.0,0.06878724297688853
397,0.15590631336935104,0.08727495252124724,0.0,0.06863136108844511
398,0.1561907967252116,0.08769567406946613,0.0,0.06849512325659875
399,0.15527590003705793,0.08696377373510791,0.0,0.06831212666246199
400,0.1584981055028977,0.08821490839604408,0.0,0.07028319602531771
401,0.1588299774354504,0.0890541043012373,0.0,0.06977587205267721
402,0.15562373784280592,0.08721294806849572,0.0,0.06841079121635806
403,0.15765890286814782,0.08835769468738187,0.0,0.06930120709923006
404,0.15644809651759364,0.08781039474471923,0.0,0.06863770057116786
405,0.15429971679564444,0.08662858533282433,0.0,0.06767113086196684
406,0.15528350828155393,0.08697271971933303,0.0,0.06831078976392746
407,0.15666287176070676,0.08775655444591277,0.0,0.06890631731479399
408,0.15486265286322562,0.08703627172977693,0.0,0.06782638173430197
409,0.15749144794479494,0.08825218773657276,0.0,0.069239262010782
410,0.15471932195848034,0.0867443666342766,0.0,0.06797495508386243
411,0.15556748788202962,0.08729617489922431,0.0,0.06827131334331728
412,0.1575823801179086,0.08855962753295898,0.0,0.06902275198409634
413,0.15524317997117196,0.08716335892677307,0.0,0.06807982260661741
414,0.15485678420912835,0.08703437351411389,0.0,0.06782241273791559
415,0.15425479844693216,0.08675839127071443,0.0,0.06749640669553511
416,0.1563029726666789,0.08798431508964108,0.0,0.06831865373157686
417,0.15294390724551293,0.08582059750633855,0.0,0.06712331034002765
418,0.15798086600918923,0.08876314302605967,0.0,0.06921772214193497
419,0.1573116538986083,0.08842273897701694,0.0,0.06888891552244464
420,0.1564371023447283,0.087725852285662,0.0,0.06871125029940758
421,0.15521823302392038,0.08750693620212617,0.0,0.06771129742264748
422,0.15662812898235937,0.08817045510776582,0.0,0.06845767555698272
423,0.15390266189652105,0.08678321179843718,0.0,0.06711945166030238
424,0.15422369371498784,0.08681132812653819,0.0,0.0674123652279377
425,0.1546861615873152,0.08702884686570014,0.0,0.06765731315939658
426,0.15494254327589466,0.08715736193041648,0.0,0.0677851794227477
427,0.15678695372996793,0.08839602167567899,0.0,0.06839093205428892
428,0.15367113774822605,0.08651433837029242,0.0,0.06715679961827493
429,0.15543878054426563,0.0875294100373022,0.0,0.06790936858423295
430,0.15408107830632117,0.08696254679272251,0.0,0.06711853115308669
431,0.15561237931251526,0.08777859326331847,0.0,0.06783378580885549
432,0.15436893124734202,0.08717408223498252,0.0,0.06719484913253015
433,0.15516313141392124,0.08741501646657143,0.0,0.06774811434649652
434,0.15381498586746953,0.08675444895221342,0.0,0.0670605361942322
435,0.1554601966373382,0.08759588147363355,0.0,0.06786431456285139
436,0.15362202736639208,0.08675327488491612,0.0,0.0668687512797694
437,0.15344754822792545,0.08646103451328893,0.0,0.0669865140751485
438,0.1541478477658764,0.08708719837088738,0.0,0.06706064927481836
439,0.15366022913686692,0.08678299789467166,0.0,0.06687722992031805
440,0.15560939523481554,0.08747513568209063,0.0,0.06813425823084769
441,0.15390896604907128,0.08691813628519734,0.0,0.06699083024455656
442,0.1545340524565789,0.08736822706076407,0.0,0.06716582539581484
443,0.15216408333470743,0.08606521496849676,0.0,0.06609886812586938
444,0.1549860503404371,0.08749861342291679,0.0,0.06748743775871492
445,0.15262324194754323,0.08627290807424053,0.0,0.06635033459432664
446,0.15509620068534727,0.08760490484776036,0.0,0.06749129595775757
447,0.15373657932204585,0.08666323365703706,0.0,0.06707334578517944
448,0.1554604677423354,0.0877252124970959,0.0,0.0677352550048982
449,0.15444803814734182,0.08721839492359469,0.0,0.06722964394477106
450,0.155028393191676,0.0877545079396617,0.0,0.06727388573269691
451,0.1553405806902916,0.08777361387206663,0.0,0.06756696525600649
452,0.15373969510678323,0.08676419142753847,0.0,0.06697550295822081
453,0.15677988048522704,0.08788814708109825,0.0,0.06889173364447009
454,0.15547368290924257,0.08773181226945692,0.0,0.0677418696784204
455,0.15443380801908432,0.0874575624062169,0.0,0.06697624501201414
456,0.1549374081434742,0.08770369522033199,0.0,0.06723371364416615
457,0.15470880606482107,0.08760441551285406,0.0,0.067104390551967
458,0.15558395222310098,0.08810536899874287,0.0,0.0674785829840168
459,0.15281272078714064,0.0865506193330211,0.0,0.06626210121377822
460,0.15447446703910828,0.08744746470643629,0.0,0.06702700209233069
461,0.1530787589088563,0.08682336898580674,0.0,0.06625538920202563
462,0.1527046638150369,0.08640406400926652,0.0,0.066300600286453
463,0.15342984709047502,0.08704842338638921,0.0,0.06638142334357384
464,0.15416599377509085,0.0874295265924546,0.0,0.06673646718263626
465,0.15328114167336496,0.08702292990299963,0.0,0.06625821285190121
466,0.15396943448051328,0.08741684306052423,0.0,0.06655259226118365
467,0.15530593116437236,0.08784257211992817,0.0,0.06746335796290828
468,0.15609063784922322,0.0884548012287386,0.0,0.06763583565911939
469,0.1530118291416476,0.08676511217509547,0.0,0.06624671720689343
470,0.1519771953744273,0.08636454180363685,0.0,0.06561265345061978
471,0.15405790147281462,0.08736912954238153,0.0,0.06668877253128637
472,0.15530542019874818,0.0879724770784378,0.0,0.06733294408167562
473,0.1525924078399135,0.08626066220383491,0.0,0.06633174563607862
474,0.1531041375090999,0.08703963506606317,0.0,0.06606450328423132
475,0.1525236560452369,0.08654942339466463,0.0,0.06597423241023094
476,0.15415155527091795,0.08727060354525043,0.0,0.06688095304754473
477,0.15421069918140287,0.08752391415257607,0.0,0.06668678358677894
478,0.15447292789336173,0.08779737112983581,0.0,0.0666755571240379
479,0.15287168612403254,0.08674779942920131,0.0,0.06612388717551385
480,0.1522826273595133,0.08655312897697572,0.0,0.06572949946407348
481,0.15328051534391218,0.08714724956981597,0.0,0.06613326637494948
482,0.15633304801679426,0.0889255428506482,0.0,0.06740750420478082
483,0.15281400613246426,0.08701888712183121,0.0,0.06579512057285156
484,0.15324048697948456,0.0871984540454803,0.0,0.06604203269366295
485,0.15411690430295083,0.08755647294944333,0.0,0.06656043087282489
486,0.15360542122394807,0.08730807972531165,0.0,0.06629734017675923
487,0.1559766362751684,0.08850496550721507,0.0,0.06747167112846528
488,0.15359043305920017,0.08720723539590836,0.0,0.06638319838431574
489,0.15254212843794976,0.08675177155002471,0.0,0.06579035616690113
490,0.1531919644724938,0.08705026295877272,0.0,0.06614170271542764
491,0.154133141040802,0.08781276787481,0.0,0.06632037172394414
492,0.15338144331209122,0.08730253577232361,0.0,0.06607890705908498
493,0.15035260132243555,0.08562531658718663,0.0,0.06472728485541959
494,0.15346110107437258,0.08700000134206587,0.0,0.06646109937179473
495,0.15332766838612094,0.08730627235866362,0.0,0.06602139698882256
496,0.15229521235150675,0.08665194602743272,0.0,0.06564326608373273
497,0.15223829159813543,0.0868658469088616,0.0,0.06537244456910318
498,0.15137730442708539,0.0862308070063591,0.0,0.06514649766106759
499,0.15283060218057326,0.08693666107231571,0.0,0.06589394122842819
500,0.15327920356104452,0.0873193325054261,0.0,0.06595987189681299
