,total_loss,vq_loss,feature_loss
0,6.4516702505850025,1.110456959855172,5.3412133109185005
1,3.180311252993922,0.9501759832905184,2.2301352543215596
2,2.6093376144286125,0.9152294070489945,1.694108211225079
3,2.363147927868751,0.9063014032379273,1.4568465217467277
4,2.240671388564571,0.8979150268339342,1.3427563674988285
5,2.141062767274918,0.8933669645940104,1.247695795951351
6,2.0625039550565902,0.8867321504700568,1.175771798818342
7,2.0090861089767946,0.8871411190878961,1.1219449879661683
8,1.9398534970898782,0.878671738409227,1.0611817519510947
9,1.8964774550930146,0.8805230586759506,1.0159543868034118
10,1.8491831421852112,0.8761406944644067,0.9730424429139783
11,1.8096818193312614,0.8805898168394642,0.9290920015304319
12,1.764936141429409,0.8758665976985809,0.8890695427694628
13,1.7416504525369214,0.8751415293062886,0.8665089309215546
14,1.7201920728529654,0.8732432194294468,0.8469488476553271
15,1.6810833119576978,0.8624628772658687,0.8186204356531943
16,1.6508432511360414,0.8521904185894997,0.7986528383147332
17,1.6129206361309174,0.8354731548217035,0.7774474716955616
18,1.5946702207288435,0.8270070322098271,0.7676632010167644
19,1.57092712771508,0.8194068824091265,0.7515202462673187
20,1.5539560029583592,0.8164398699037491,0.7375161445909931
21,1.5513762754778708,0.8187999552296054,0.7325763164028045
22,1.535257754787322,0.8140255962648699,0.7212321527542607
23,1.527145876038459,0.8085568806817455,0.7185890030476355
24,1.5153919669889635,0.8078162343271317,0.7075757249709098
25,1.4856367245797188,0.7962342212277074,0.6894025120042986
26,1.4951991246592613,0.8017461107623193,0.6934530110128464
27,1.4801091455644177,0.7983801816740344,0.681728966774479
28,1.4807386263724296,0.7966713453492811,0.6840672762163224
29,1.461876373137197,0.7903318299401191,0.6715445355061562
30,1.4577003140603342,0.7883329891389416,0.6693673297282188
31,1.4375436056044795,0.7811516321474506,0.6563919609592807
32,1.4271555792900823,0.7778856571643583,0.649269925971185
33,1.4244806516555049,0.7783312105363415,0.6461494449646242
34,1.4335943441237173,0.7791183244797492,0.6544760273348901
35,1.3963379244650564,0.7643727294860347,0.6319652036313088
36,1.389404744871201,0.7636377503795009,0.6257669916076045
37,1.3923835754394531,0.7645380775774678,0.6278455065142724
38,1.3828491895429549,0.7624409737125519,0.620408211984942
39,1.3752427735636312,0.7591036192832454,0.616139163894038
40,1.3759263926936733,0.7596785368457917,0.616247849118325
41,1.3650397908303045,0.7565780580043793,0.6084617241736381
42,1.3707323401205,0.7606678105169727,0.6100645353717189
43,1.3564294461281068,0.754672646522522,0.6017567967214892
44,1.3612398120664781,0.7582712154234609,0.602968601930526
45,1.3393909181317976,0.7494302276642092,0.5899606928710015
46,1.3379834332773763,0.7484052411971553,0.589578190638173
47,1.3391612998900875,0.752096870253163,0.5870644301176071
48,1.3209103730417067,0.7424350400124827,0.5784753296644457
49,1.313757767600398,0.7370957395722789,0.5766620400451845
50,1.3188805349411503,0.7451363859638092,0.5737441513807543
51,1.3107906060834085,0.7406537503965439,0.5701368566482298
52,1.3038387702357384,0.7357545312373869,0.5680842428438125
53,1.3063480488715633,0.7394123817643812,0.5669356709526431
54,1.2983779349634725,0.737702541774319,0.5606753874209619
55,1.2923506959792106,0.7363027391895172,0.5560479563090109
56,1.2909521633578884,0.7336900714905031,0.5572620952321637
57,1.2872183399815713,0.7325262158147751,0.5546921251281616
58,1.2815811461017979,0.7319015975921385,0.5496795523551202
59,1.277022446355512,0.7279636513802313,0.5490587887264067
60,1.2745772619401254,0.7269209181108782,0.5476563409451516
61,1.278964707928319,0.7286002991660949,0.5503644188565593
62,1.2665463397579808,0.723112307248577,0.5434340286639429
63,1.2604918537601348,0.7205665178837315,0.5399253382798164
64,1.2764462924772693,0.7239258385473682,0.5525204520071706
65,1.2679093441655558,0.7235651208508399,0.544344219469255
66,1.2535110654369477,0.717853469233359,0.5356575990876844
67,1.2474044099930794,0.7145890516619529,0.5328153698675094
68,1.2460028240757604,0.7140171143316454,0.5319857150316238
69,1.2516712354075523,0.7178361156294423,0.5338351226622059
70,1.2481489585291954,0.7168311726662421,0.531317787785684
71,1.2414507346768533,0.7148597298129913,0.5265909957308923
72,1.2462131746353642,0.7154158892170075,0.5307972878217697
73,1.24328395435887,0.7144575234382383,0.5288264256331229
74,1.2368721212110212,0.7120061545602737,0.524865970976891
75,1.2346636306854986,0.7108842893954246,0.5237793364832478
76,1.2326576959702276,0.7119386811410228,0.5207190119451092
77,1.241716875183967,0.7148416446101281,0.5268752286511083
78,1.2333024201854583,0.7104573345953419,0.5228450870321643
79,1.2330917869844744,0.7142540351037057,0.5188377509194035
80,1.234696832395369,0.7138592350867486,0.5208375997120335
81,1.2264672633140319,0.7117370780437223,0.5147301867123573
82,1.2323928590743773,0.7142651648290695,0.5181276990521338
83,1.2250275265785955,0.7099284770027283,0.5150990505372325
84,1.2199996921323961,0.7083185209381965,0.5116811841726303
85,1.2293670888869994,0.7121458889976624,0.5172212061382109
86,1.2342101720071608,0.7180254815086242,0.5161846933826324
87,1.2296636566039054,0.7164075172716572,0.5132561335640569
88,1.234300144257084,0.7169545235172394,0.5173456298728143
89,1.2223795825435269,0.7114721517409047,0.5109074274378438
90,1.226834814394674,0.712850482233109,0.5139843239899604
91,1.2146261651669779,0.7071074324269448,0.5075187332207157
92,1.2110972096843104,0.7064324876954479,0.5046647205468147
93,1.2149761895979605,0.7092416286468506,0.5057345551829184
94,1.2098295823220284,0.7064073941399974,0.5034221968343181
95,1.2037659479725746,0.7039747747682756,0.49979116839747273
96,1.2161365247541858,0.7131985954699978,0.5029379379364752
97,1.2048171335651028,0.7055110787191698,0.499306054845933
98,1.2048886014569191,0.706222076569834,0.4986665220029892
99,1.2138168283047215,0.7113005989982236,0.5025162297871805
100,1.2076082594933049,0.706500857107101,0.5011074115191737
101,1.2109756758136134,0.7100395079581968,0.5009361721815602
102,1.1958536082698452,0.7033313637779605,0.49252224353051954
103,1.2036835974262607,0.7077898325458649,0.49589376151561737
104,1.1995581811474216,0.7053966474148535,0.49416153277120284
105,1.1935164659254012,0.7020754439215506,0.49144102344589846
106,1.1958260728466896,0.7039029598236084,0.49192311782990733
107,1.197187163176075,0.7054544619975551,0.4917327021398852
108,1.1928533084930912,0.7041162713881461,0.4887370419117712
109,1.1885298778933864,0.6995452267508353,0.4889846506618684
110,1.183318696675762,0.6972464005793294,0.48607229946121094
111,1.183807751824779,0.6996488369280293,0.4841589206649411
112,1.1814024352258252,0.6973333041514119,0.4840691305937306
113,1.177895055663201,0.6964973288197671,0.481397716749099
114,1.1720925502238735,0.6935311719294517,0.4785613725262304
115,1.1837863537573046,0.6996312035668281,0.48415514922911124
116,1.1759844845341099,0.6961711337489467,0.47981335559198934
117,1.1781704464266378,0.6985718290651998,0.4795986178421205
118,1.182292886318699,0.6998220287984417,0.48247085752025726
119,1.178499448683954,0.697775649447595,0.48072380163977224
120,1.1712126712645254,0.6942915233873552,0.47692114691580495
121,1.174577614953441,0.6962309758509359,0.478346636699092
122,1.1695977785894949,0.6936731059705058,0.47592467021557594
123,1.167817202306563,0.6936193396968227,0.4741978693392969
124,1.1765520245798173,0.6998279556151359,0.47672407040672915
125,1.175412856763409,0.698862035428324,0.47655082373849805
126,1.169365204149677,0.6951336351133162,0.4742315685556781
127,1.1704229289485562,0.6971651507962134,0.4732577762296123
128,1.168356628187241,0.6961679516300079,0.4721886770379159
129,1.170625086753599,0.6972799397283985,0.4733451484672485
130,1.1745251128750462,0.7001644171053364,0.4743606933662968
131,1.1606289167557993,0.6922908127307892,0.46833810354432753
132,1.1590894153041225,0.6900915638093026,0.46899784572662845
133,1.171854809407265,0.7003167742683042,0.47153803081281725
134,1.1599184582310338,0.692954481609406,0.46696398046708876
135,1.1590485995815647,0.6924436707650462,0.466604926893788
136,1.1728680441456456,0.7013217403042701,0.471546305764106
137,1.1534667380394474,0.6905733942985535,0.46289334085679823
138,1.1552968544344748,0.6912736056312438,0.4640232444770874
139,1.1556364220957602,0.6922771555762137,0.4633592602706725
140,1.1599232650572253,0.6948538220697834,0.46506944635222036
141,1.1506632470315503,0.6900905159211927,0.4605727277455791
142,1.1568851105628475,0.6925905116142765,0.4642945984678884
143,1.153906774136328,0.6920385581831778,0.46186821451110227
144,1.1554475724697113,0.6935285320205073,0.46191904477534756
145,1.1525212507094107,0.6922670372070805,0.46025421109891707
146,1.1465453120969957,0.6881543263312309,0.4583909857657648
147,1.163080386577114,0.6984138325337441,0.464666556446783
148,1.1545827138808467,0.6924373680545438,0.46214534198084184
149,1.1490515249390756,0.6898478192667807,0.4592037071143427
150,1.1534520368422232,0.6935824405762457,0.4598695933818817
151,1.1668936187221157,0.7001796018692755,0.4667140259858101
152,1.157035997798366,0.6959895155122203,0.46104648276682825
153,1.1502939116570257,0.6934078085807062,0.4568861016342717
154,1.1641638298188486,0.6998907443015806,0.46427308455590277
155,1.1562956859988551,0.6943396637516637,0.4619560203244609
156,1.144898598232577,0.6904592735152091,0.45443932327532
157,1.1416569179104221,0.6891182786033999,0.4525386320967828
158,1.145073038916434,0.6901949990180231,0.4548780471086502
159,1.1454571331700971,0.6908486081707862,0.45460852692204134
160,1.1345165429576751,0.6861752502379879,0.44834129752651336
161,1.1416036871171766,0.6887329547635971,0.45287073619904056
162,1.1454207868345323,0.6912599869312779,0.45416080951690674
163,1.1435078555537808,0.6885706820795613,0.45493717203217166
164,1.1453868852507683,0.6916497590080384,0.45373713249160397
165,1.1437140943542603,0.6910899262274465,0.45262416908817904
166,1.142198021373441,0.688749518125288,0.4534485080549794
167,1.1469626042150682,0.6918121970468952,0.4551504114943166
168,1.137192654032861,0.6876977634045386,0.44949489399310083
169,1.135848053040043,0.6861910387392967,0.44965702054962037
170,1.1501369187908788,0.6941281432105649,0.45600878375191845
171,1.1519187890714215,0.696643489983774,0.455275297164917
172,1.1394320082279943,0.6880202043441034,0.4514118086907171
173,1.1411801086318107,0.6902088532524724,0.45097125057251225
174,1.1347945236390637,0.6880887631447085,0.44670576818527713
175,1.1424752858377272,0.6912394838948404,0.4512357947326476
176,1.1408435875369656,0.6901397551259687,0.45070383721782314
177,1.1363462613474937,0.687189866458216,0.4491563852756254
178,1.139814596022329,0.6898609274818052,0.4499536743087153
179,1.1369615543273188,0.6897652466450969,0.4471963134504134
180,1.1390458230049378,0.6908031134836136,0.44824271288610273
181,1.1376138906325064,0.6889480169742338,0.448665875581003
182,1.1462573130284586,0.6928787308354531,0.45337858507710116
183,1.141686322227601,0.6912085269728014,0.4504777866025125
184,1.1306710320134317,0.6856869795630055,0.4449840486049652
185,1.13590637330086,0.6896641244811397,0.44624224785835515
186,1.1331833850952886,0.6875488411995673,0.44563454341503883
187,1.1305827959891288,0.6872521706165806,0.4433306272952787
188,1.127962520045619,0.6842671921176295,0.44369533225413293
189,1.1321803994717137,0.688086397224857,0.4440940027275393
190,1.1281789214380327,0.6857810914516449,0.4423978352738965
191,1.1236735755397427,0.6844898145045003,0.4391837519022726
192,1.132622928388657,0.6891418589699653,0.4434810617277699
193,1.1300355878568464,0.6873525659884175,0.44268302379115937
194,1.1255961829616177,0.685213731181237,0.44038244985765024
195,1.12476848594604,0.6854150199121044,0.43935347084076176
196,1.1272865043532463,0.687615071573565,0.4396714318183161
197,1.129786068393338,0.6889986674631795,0.4407874062176674
198,1.1244200833382145,0.68690608682171,0.4375139864221696
199,1.1292440641310908,0.6896264735729464,0.4396175939229227
200,1.1181273979525412,0.6824586631790284,0.4356687419837521
201,1.1175466064483888,0.6834581542399621,0.4340884598993486
202,1.125379248972862,0.6870552926294266,0.4383239539400224
203,1.1292950857070185,0.6877998344359859,0.4414952488676194
204,1.1286215589892479,0.6892841919775932,0.43933737374121146
205,1.1160420948459255,0.6837845771543442,0.4322575124040727
206,1.127788660987731,0.6908649715685076,0.4369236918226365
207,1.1279154746763167,0.6905713840838401,0.4373440944379376
208,1.127986458040053,0.6914976287272668,0.4364888302741512
209,1.1216981526344054,0.6869496895420936,0.4347484650150422
210,1.1180782914161682,0.6839918715338553,0.43408642949596526
211,1.1248995469462486,0.689642854275242,0.43525669315168936
212,1.1190345114277256,0.68755068798219,0.43148381863870927
213,1.1230581960370463,0.6884246487771312,0.43463355014401095
214,1.114507847255276,0.6848604592584795,0.4296473764604138
215,1.1169820591326682,0.6864263684518875,0.43055569404555905
216,1.1207280370496935,0.6887777140063625,0.4319503172751396
217,1.1239520176764457,0.6893394425992043,0.4346125765192893
218,1.1234160652083736,0.6896774230464813,0.43373864408462276
219,1.1248890219196197,0.6908777836830385,0.4340112391979464
220,1.1173617974404366,0.6854027432780112,0.43195906329539513
221,1.1108768505434836,0.682281901759486,0.4285949473419497
222,1.118574857711792,0.6882618617626929,0.43031298585476413
223,1.1183762761854357,0.6889222985313784,0.4294539843836138
224,1.1130069157769602,0.6852645018408375,0.4277424124940749
225,1.1100581624815542,0.6848862921037981,0.4251718674936602
226,1.1224960598253435,0.6916095114523365,0.4308865478923244
227,1.1085454196699205,0.6844731232812328,0.4240722949466398
228,1.1089015574224534,0.684465721730263,0.4244358342501425
229,1.1060223925498225,0.6830654682651642,0.4229569266880712
230,1.1106585360342456,0.6865222761707921,0.42413626082481876
231,1.1119592016743076,0.6858436388354148,0.42611555755138397
232,1.111555532101662,0.6862454664322638,0.42531005990120674
233,1.1132290719016906,0.6886095779557382,0.42461949538800026
234,1.1138289080512138,0.6883566071910243,0.4254723056670158
235,1.1043478933072859,0.6849876786431959,0.41936021658682054
236,1.1074359022801923,0.6860553112722212,0.4213805953341146
237,1.103120990337864,0.6830442019047276,0.4200767898751843
238,1.1085447274869489,0.6866588957848088,0.42188583170214006
239,1.1104872543965616,0.6866787489383451,0.42380850113207297
240,1.1106013463389488,0.6869358660713318,0.4236654744994256
241,1.1097439431375073,0.6888508229486404,0.42089312066954954
242,1.104169358168879,0.6868561429362143,0.417313217155395
243,1.0987733121841186,0.6834903032548966,0.415283017581509
244,1.1050546611509016,0.687939868819329,0.4171147870440637
245,1.10158991140704,0.685425792970965,0.4161641203588055
246,1.1116823832834921,0.6905557397873171,0.42112663820866614
247,1.1015246020209404,0.6856952530722464,0.4158293479873288
248,1.0976921435325377,0.6832065072751814,0.41448563241189523
249,1.1098626063716026,0.6894692365200289,0.4203933741777174
250,1.1051314626970599,0.6866641861777152,0.4184672813261709
251,1.1055980488177268,0.6869548549575191,0.4186431938602078
252,1.096935135702933,0.6860050828226151,0.41093005047690484
253,1.0915141951653264,0.6815973924052331,0.40991680276009346
254,1.095997033580657,0.6840221324274617,0.4119748963463691
255,1.0963497084956015,0.6840660033687469,0.4122837003200285
256,1.1093304541803175,0.6912535544364683,0.4180768973404361
257,1.1047193119602818,0.6893806726701798,0.41533863159918016
258,1.0956845504622306,0.685451622932188,0.4102329280107252
259,1.1005683877775747,0.6894715274533918,0.4110968574400871
260,1.102551108406436,0.6904156361856768,0.41213547270144185
261,1.0943572809619289,0.6856964634310815,0.40866081993426046
262,1.0979122404129273,0.6849129940232923,0.4129992411021263
263,1.0953015848513572,0.6865001839976157,0.4088014095060287
264,1.0909127314244547,0.6835651330409511,0.4073476084778386
265,1.099816511715612,0.689912651815722,0.40990385028623766
266,1.0977510713761853,0.6881221080979993,0.4096289704884252
267,1.0906011366075086,0.6836826714777178,0.40691846993661696
268,1.0938601186198573,0.686431828045076,0.4074282876906856
269,1.09287445006832,0.6844761679249425,0.40839827829791653
270,1.085335006636958,0.6815594098260326,0.4037756025791168
271,1.0876989441533242,0.6843021069803545,0.40339683861501757
272,1.0926783152164952,0.6870753169059753,0.4056029954264241
273,1.0901583346628374,0.6846839910553347,0.4054743378393112
274,1.0884992768687587,0.6860566302653281,0.40244264371933475
275,1.0847147741625387,0.683719769600899,0.4009950045616396
276,1.088327778923896,0.6856559255430775,0.4026718543421838
277,1.0822994228332274,0.681046002334164,0.40125341665360237
278,1.0815297442097818,0.6810615379964152,0.4004682042906361
279,1.0761882239772427,0.6789043036199385,0.3972839174732085
280,1.0959563534105978,0.6911028527444408,0.40485350499230044
281,1.0845669498366695,0.6835702628858628,0.4009966907962676
282,1.0808908352928777,0.682850601211671,0.3980402316777937
283,1.0843755583609305,0.6857510103333381,0.39862454898895755
284,1.0815225830001216,0.6845207454696778,0.3970018308008871
285,1.0815688073635101,0.6838222867058169,0.3977465312327108
286,1.0799244305779856,0.6824728010162231,0.3974516334072236
287,1.0768666046281015,0.6803905108282643,0.39647608610891527
288,1.0828774023440577,0.6862819983113196,0.39659540307137275
289,1.0803460930624316,0.6844076370039294,0.39593845894259794
290,1.088979955642454,0.687733756919061,0.40124620737568023
291,1.0876215744403102,0.6885788488772607,0.39904272412100145
292,1.08452290008145,0.6872569880177898,0.39726590725683397
293,1.0815617384449128,0.6870706860096224,0.3944910471477816
294,1.0722505277202976,0.6810471242473971,0.39120339770470897
295,1.0731094066173799,0.6815671468934705,0.3915422563591311
296,1.0736564243993452,0.6825802230065868,0.39107620619958444
297,1.0864475994340834,0.6906004144299415,0.3958471926950639
298,1.07633138087488,0.6848472058773041,0.3914841749975758
299,1.079060866948097,0.6851989540361589,0.39386191291193806
300,1.0734189287308724,0.6829869612570731,0.39043196699311655
301,1.077325185460429,0.6842219531536102,0.39310323038408834
302,1.0737870470170052,0.6845092052413572,0.38927784850520475
303,1.0756871748355128,0.6865447567355248,0.38914241473520955
304,1.071502616328578,0.6825952481838965,0.38890736526058567
305,1.0703693493720023,0.6831331637597853,0.3872361918610911
306,1.0761815655616023,0.6876091091863571,0.3885724554138799
307,1.067352968838907,0.6819128845968554,0.385440083761369
308,1.0709270219649039,0.6835971724602484,0.38732984950465543
309,1.0742369303780217,0.6852319980821302,0.38900493277657416
310,1.0739285186413796,0.6866163390298043,0.38731217480474905
311,1.0691781986144282,0.6832636623613296,0.3859145449053857
312,1.0614682253329986,0.6802126842160379,0.38125554352037366
313,1.06768776620588,0.6841742434809285,0.3835135236863167
314,1.0636520529946973,0.6807022786909535,0.382949776707157
315,1.0624624586874438,0.682525715520305,0.37993674028304314
316,1.0612664857218344,0.680633399755724,0.3806330830820145
317,1.0555226495189052,0.6775163777412907,0.37800627466171016
318,1.0705771744251251,0.6869534850120544,0.38362368412556186
319,1.0656609102602927,0.6839343674721257,0.38172653269383217
320,1.070745042254848,0.6879330969625904,0.3828119448115749
321,1.0630432194279087,0.6844379296225886,0.3786052869212243
322,1.0595943677809931,0.6832318094468885,0.3763625616988828
323,1.0649357313109982,0.6856282805242846,0.37930745655490505
324,1.0648554467385816,0.6860714314445373,0.3787840215429183
325,1.0570503934737174,0.6810573272166713,0.37599306145021993
326,1.0611299833943766,0.6854798784179073,0.37565010305373897
327,1.0564218759536743,0.682532153783306,0.3738897192862726
328,1.0540558118974008,0.681852642566927,0.3722031731759348
329,1.0564507149880933,0.6828261517709301,0.37362455744897166
330,1.052863113341793,0.6803306177739175,0.37253249845197123
331,1.0462578611989175,0.6773402287114051,0.36891762623863833
332,1.0532380525142915,0.6826057405241074,0.37063231150950154
333,1.0525403464994123,0.6826451440011302,0.3698951962494081
334,1.0574232935905457,0.6865742331550967,0.37084905658998796
335,1.058025045740989,0.6867216902394448,0.3713033612697355
336,1.0460839656091505,0.6804888065784208,0.36559515951141236
337,1.0611055474127493,0.686060179625788,0.3750453620187698
338,1.0542518832991201,0.6845156310066101,0.3697362575800188
339,1.0466756147723044,0.6814332152566602,0.3652423990349616
340,1.0472618918265066,0.6824158189758178,0.3648460747734193
341,1.0512600377682717,0.6857184315881422,0.365541604257399
342,1.043252173931368,0.6811409015809337,0.3621112843674998
343,1.053552807338776,0.6879214480999978,0.36563136020014364
344,1.0514077323098336,0.6842452758742917,0.3671624617230508
345,1.0489683708836954,0.6861166377221385,0.36285173075814403
346,1.041113192996671,0.6815712365411943,0.3595419583782073
347,1.0444052180936259,0.6842898524576618,0.3601153733268861
348,1.040847833118131,0.6801909487093648,0.3606568762371617
349,1.0399034369376399,0.6812326408201649,0.35867079563679233
350,1.052750184651344,0.6893632421570439,0.36338693576474346
351,1.0446189939975739,0.6861666969714626,0.3584522955840634
352,1.0413807217151887,0.6842540166070384,0.35712670558883297
353,1.0406251809289377,0.6836135041329169,0.35701167631533837
354,1.04189103361099,0.6847960593238953,0.35709497284504677
355,1.0348561185021554,0.6811482060340143,0.3537079047772192
356,1.041237626344927,0.6844824879400192,0.3567551408083208
357,1.0339866886215825,0.6817172938777555,0.35226938897563564
358,1.0331977701956225,0.6805377371849552,0.35266002435838023
359,1.0353087705950583,0.6805919399184566,0.35471683500274537
360,1.0350527811434962,0.6831152189162469,0.3519375607852013
361,1.0340869311363465,0.6836718907279353,0.3504150413697766
362,1.0360044442838239,0.6847551301602395,0.35124931941109316
363,1.0335950707235644,0.6831862368891316,0.35040883575716325
364,1.0402001950048632,0.6891585646137115,0.35104163039115166
365,1.0255288577848864,0.6804671085649922,0.34506174489375085
366,1.0350814653981117,0.6852984370723847,0.34978303601664884
367,1.0334240467317644,0.6837455870643738,0.3496784553412468
368,1.0279345848867971,0.6829329200329319,0.3450016614890868
369,1.0337114257197226,0.6849806174155204,0.348730803497376
370,1.0326998925978137,0.6842788131006302,0.3484210828619619
371,1.0262930758537785,0.680796193499719,0.3454968794699638
372,1.027921320930604,0.6823859589715158,0.34553536965001014
373,1.0289139420755449,0.6848814698957628,0.344032472179782
374,1.021781850245691,0.6814142715546393,0.3403675724421778
375,1.0264098711552159,0.6834498403533813,0.3429600327245651
376,1.0241295070417467,0.6829445121749755,0.3411849972701842
377,1.0201703511899518,0.6805887481858653,0.33958159915862546
378,1.0327007924356768,0.6878041163567574,0.3448966731948237
379,1.0271140288922094,0.6850435974136475,0.34207043292060973
380,1.0198350644880725,0.6815501711060924,0.3382848967467585
381,1.0152250547562875,0.6796325589379957,0.3355924900501005
382,1.0227383942373338,0.6831559423477419,0.3395824557350528
383,1.0175982242630375,0.6813616762238164,0.3362365475585384
384,1.0228123943651877,0.6856823563575745,0.337130039449661
385,1.0248728452190277,0.6861118501232516,0.33876099990260217
386,1.023564979914696,0.6858848304517807,0.33768014754018477
387,1.0191405790467416,0.6803392498723922,0.33880133301981036
388,1.0186664856249286,0.6833628704470973,0.3353036146971487
389,1.0220700800418854,0.6866584324067638,0.33541164427034315
390,1.0194395492153783,0.6836259105513173,0.33581364154815674
391,1.022620020374175,0.686398176416274,0.3362218487647272
392,1.0273575071365602,0.6893364585215046,0.3380210486150557
393,1.0271680191639931,0.6891925027293544,0.3379755140312256
394,1.016111740181523,0.6840869370968111,0.3320248040460771
395,1.0113353546588653,0.6821250165662458,0.32921033809261935
396,1.0104296063223193,0.6823951986528212,0.32803441295700686
397,1.0123003663555268,0.6824990828191081,0.3298012936307538
398,1.0100186496011672,0.6818454621299621,0.3281731917973488
399,1.0117262082715188,0.683455346092101,0.32827086410214823
400,1.0159118012074502,0.6872221635233972,0.32868963431927467
401,1.0084911094557854,0.6816052448364996,0.32688586317723795
402,1.007674083594353,0.6808491877971157,0.3268249039688418
403,1.0099996895559373,0.6834112444231587,0.3265884533043831
404,1.0024168135658387,0.6785779576147756,0.3238388617192545
405,1.0103787347193687,0.6842691811823076,0.32610955065296543
406,1.0111639615028136,0.6853420897837608,0.32582187748724417
407,1.0035295313404453,0.6812787084810196,0.3222508218980605
408,1.0077675475228218,0.6842525668682591,0.3235149758477365
409,1.0046784541299265,0.6806238514761771,0.3240546026537495
410,1.0018317468704716,0.6806338823610737,0.3211978659514458
411,1.0002575958928754,0.6796778296270678,0.3205797691499033
412,1.000057727098465,0.6802851942277723,0.3197725304672795
413,0.9999234907088741,0.6811781006474649,0.31874538237048733
414,1.0018037653738452,0.6799414523186222,0.3218623144972709
415,1.0042473279660749,0.6849182036615187,0.31932912670796915
416,0.9995630450787083,0.6821557379538014,0.31740730424081126
417,0.9996460387783666,0.6829291168720492,0.3167169195029043
418,0.9987235982571879,0.6811659999432103,0.317557597833295
419,0.9968832462064682,0.6822209531261075,0.3146622950030911
420,1.0015305078798724,0.6852569176304725,0.3162735960175914
421,0.9952171050733135,0.6808661068639448,0.31435099484459045
422,1.002343959385349,0.685880119762113,0.3164638377005054
423,0.9953512683991463,0.6807570457458496,0.314594219769201
424,0.9887925194155786,0.6793163380315227,0.30947618282610373
425,0.9939865873705956,0.6832336408476676,0.3107529513297542
426,1.000767453062919,0.6873215244662377,0.3134459266739507
427,0.9929909908002422,0.6812352893813964,0.3117556994961154
428,1.0001025036458047,0.6870138818217862,0.3130886232660663
429,0.9957241944728359,0.6836891337748496,0.31203505396842957
430,0.9913346594379794,0.6820593264795118,0.30927533295846754
431,0.9972939404749102,0.6860457370358128,0.3112482019970494
432,0.9961581441663927,0.6848967709848958,0.31126137366217954
433,0.9985699172942869,0.6859961603918383,0.3125737636320053
434,0.9943071728752505,0.6847985136893487,0.309508660147267
435,0.9922916687303974,0.6845017931153697,0.3077898770570755
436,0.9915037385879024,0.6837061095622278,0.30779762710294417
437,0.9937472112717167,0.6837269884924735,0.3100202222985606
438,0.9853240520723404,0.6810699249467542,0.3042541252028558
439,0.9883080826651666,0.6806251695079188,0.3076829174833913
440,0.9905834284520918,0.6837664909901158,0.30681693842334135
441,0.9921357458637606,0.6835779509236736,0.3085577896525783
442,0.9953279735580567,0.6830341431402391,0.3122938313791829
443,0.9978843792792289,0.6872547413072279,0.310629635568588
444,0.9873697844243818,0.6804203102665562,0.30694947608055606
445,0.9918109563089186,0.6828359278940386,0.30897503514443675
446,0.994130450871683,0.6842411468105931,0.3098892997349462
447,0.9901172403366335,0.6798124053785878,0.31030483399668046
448,1.00212201091551,0.6875476712180723,0.3145743401781205
449,0.9961645843521241,0.6844781973669606,0.3116863831397026
450,0.9952734285785306,0.6811847456039921,0.314088684897269
451,0.9890667603861901,0.6793313872429633,0.3097353760273226
452,0.9869274929646523,0.6794124630189711,0.30751503379114214
453,0.9897242457635941,0.6819494020554328,0.30777483818031126
454,0.9838775684756618,0.6771834781092982,0.30669408844363305
455,0.9866476789597542,0.6786344733930403,0.3080132077297857
456,0.9852052763585122,0.6772221663305836,0.3079831124313416
457,0.9958389843663862,0.6849997995361206,0.3108391829075352
458,0.9889830447012379,0.6798792654468168,0.3091037734862297
459,0.9834524239263227,0.6785642639283211,0.30488815855595375
460,0.9860187009457619,0.6800646858830606,0.30595401362065344
461,0.9798216175648474,0.6743822963007035,0.30543931934141344
462,0.9835476788782305,0.6766658925241039,0.3068817868348091
463,0.9856652684750096,0.6804831989349858,0.3051820632911498
464,0.9884951441518722,0.6806098059300454,0.30788533101158755
465,0.9863963992364945,0.6787772822764612,0.30761910878842874
466,0.9859767623486058,0.680978806749467,0.3049979548781149
467,0.9829785275843835,0.6795140062609026,0.3034645210831396
468,0.9812314664163897,0.677399593014871,0.30383187003674045
469,0.9798404382121179,0.6775664312224234,0.3022740026635508
470,0.9839439690113068,0.6798376441001892,0.3041063229883871
471,0.9711697707253117,0.6725272276709157,0.2986425428140548
472,0.9802013424135023,0.6787083831525618,0.30149296166435363
473,0.9723652332059799,0.6742321820028366,0.29813305504860416
474,0.986151268405299,0.6830336855303857,0.3031175790294524
475,0.9789529096695685,0.6776055116807261,0.3013473982291837
476,0.9727739124528824,0.6752317605480072,0.29754215983613846
477,0.9791018232222526,0.6791504602278432,0.2999513620330441
478,0.974412864254367,0.6764691741235794,0.2979436867660092
479,0.9733052609428283,0.6776901502763072,0.29561510393696444
480,0.9823014784243799,0.684690518725303,0.2976109635445379
481,0.9762960970401764,0.6812653099336932,0.2950307943167225
482,0.9778162577459889,0.6817619175680222,0.2960543401779667
483,0.9779696108833436,0.6814525963798646,0.2965170169068921
484,0.9802635283239426,0.681498384283435,0.2987651450018729
485,0.9669317824225272,0.6772087966242144,0.2897229925278694
486,0.9753889393421912,0.6817243099212646,0.29366462942092647
487,0.9723167438660899,0.6792099312428506,0.2931068159880177
488,0.9713868787211757,0.6788390846021713,0.29254779508036954
489,0.9715112063192552,0.6792133777372299,0.29229782858202535
490,0.9603665240349308,0.6732861428491531,0.2870803900784062
491,0.9695305132096813,0.6780676543712616,0.2914628569156893
492,0.9738827722687875,0.6819856743658742,0.2918970947784762
493,0.9631222015427005,0.6760351282934989,0.2870870756526147
494,0.9638424044655215,0.6772985333396543,0.2865438692031368
495,0.9619666799422233,0.6778851074557151,0.2840815775336758
496,0.9701814439988905,0.6805983887564752,0.2895830562037806
497,0.9603891593794669,0.6768392728221032,0.28354988271190273
498,0.9664323570266846,0.6798426201266627,0.2865897373807046
499,0.9726124271269767,0.6835094305776781,0.2891029893390594
500,0.9685471375142375,0.6825094251863418,0.28603771521199134
501,0.969688473209258,0.6830818912675304,0.2866065807400211
502,0.9586631540329226,0.6777843111945737,0.2808788387525466
503,0.9617481039416406,0.6800209697215788,0.2817271325376726
504,0.9578606121001705,0.6767958729497848,0.28106473506458346
505,0.9548810864648511,0.6768314569227157,0.27804962737906364
506,0.9587701895544606,0.6784543039337281,0.28031589283097175
507,0.9636391180176889,0.6789066387761024,0.28473247587680817
508,0.9544430009780391,0.6775474327225839,0.27689556801511395
509,0.9585794508457184,0.679857014648376,0.27872243715870765
510,0.963156561697683,0.6810696019280341,0.28208696073101414
511,0.9609366799554517,0.6817420557621987,0.27919462106881604
512,0.9580899303959262,0.6805601869860003,0.2775297412468541
513,0.959362365545765,0.6788271761709644,0.2805351872117289
514,0.9543021446274172,0.6778285445705536,0.27647360390232456
515,0.957098614784979,0.6817388630682423,0.2753597440258149
516,0.9565618547701067,0.6812692967153364,0.2752925585354528
517,0.957932815436394,0.6825919670443381,0.2753408486323972
518,0.9479867325675103,0.6743177935000388,0.27366894459532154
519,0.953959071828473,0.6765490731885356,0.2774099976785721
520,0.960871736849508,0.6847114601442891,0.2761602745421471
521,0.951864743425,0.6752910527490801,0.27657368827250695
522,0.9536340467391475,0.6786485804665473,0.2749854696373786
523,0.9464215386298395,0.6761817518741854,0.27023979252384556
524,0.9558422469323681,0.6822964385632546,0.27354581125320926
525,0.9508167764832897,0.6781424034026361,0.2726743733209948
526,0.9519046564255992,0.6796377147397688,0.272266949136411
527,0.9490707122510479,0.6795817488624204,0.2694889641096515
528,0.9479244716705815,0.6798108402759798,0.2681136333173321
529,0.9448843675275003,0.6743920647328899,0.2704923030349516
530,0.9452915018604647,0.6788610594887887,0.26643043708416725
531,0.9486127774561605,0.6791604853445484,0.269452290429223
532,0.955732088896536,0.683443856816138,0.27228823664688295
533,0.9565188961644326,0.6812620557123615,0.2752568447782147
534,0.9489435486255153,0.6786908161255621,0.2702527291351749
535,0.9566521048545837,0.6846149054265791,0.27203720111039376
536,0.9392098303764097,0.6760075140383935,0.26320231417494433
537,0.940636113766701,0.6762154727212845,0.26442064080507527
538,0.9414460764777276,0.676537299348462,0.26490877448551114
539,0.9380538357842353,0.675847069871041,0.2622067647114877
540,0.9418716594096153,0.6773428743885409,0.2645287826176613
541,0.9438451365117104,0.6811321166253859,0.26271301724257007
542,0.9454793247484392,0.6821502216400639,0.263329105992471
543,0.9462294780438946,0.6823368014827851,0.2638926820889596
544,0.9366281253676261,0.6760988206632675,0.2605293047043585
545,0.932329228808803,0.6745264962796242,0.2578027351729332
546,0.9483872459780786,0.684477211006226,0.2639100376156069
547,0.9391438268846081,0.6793886884566276,0.2597551384279805
548,0.9477693640416668,0.6847666444316987,0.26300271792757896
549,0.9388349546540168,0.6764539287936303,0.26238102682175174
550,0.9326765056579344,0.6768794155889942,0.25579708694450315
551,0.9360301042756727,0.679820587558131,0.2562095167175416
552,0.9349524311480983,0.6787354705795166,0.2562169612896058
553,0.944393809764616,0.6827136999176394,0.26168011393277874
554,0.9373236548516058,0.6797156064741073,0.2576080438110136
555,0.9360904780126387,0.6781230020907617,0.2579674816900684
556,0.9364646259815462,0.6804461959869631,0.2560184323979962
557,0.9390498015188402,0.6826977431774139,0.2563520588221089
558,0.9386910103982494,0.6825671705507463,0.25612383768443137
559,0.9362662088486456,0.6814787753166691,0.25478743425300043
560,0.9247368074232533,0.675291181572022,0.2494456224864529
561,0.9290530739292022,0.6781380609158547,0.25091501229232355
562,0.9400856831381398,0.6859933060984458,0.2540923719925265
563,0.9278542351338172,0.6782475940642818,0.24960664443431363
564,0.9273965108779169,0.6785056369919931,0.24889087484728906
565,0.9246447038265967,0.6773133393256895,0.24733136161681143
566,0.9256699719736653,0.6774643544227846,0.248205617791222
567,0.9330700193682024,0.6826014153419002,0.25046860739108057
568,0.9330758529324685,0.6844741596329597,0.24860169474155672
569,0.9322350409723097,0.6800538407218072,0.25218120289425694
570,0.9254123376261804,0.678232466982257,0.24717987280699513
571,0.9235317649379853,0.6775863478260655,0.24594541855396762
572,0.9269213157315408,0.681617925243993,0.24530339168925439
573,0.9227386184277073,0.6779140791585369,0.24482454335497272
574,0.9219358582650462,0.677232297197465,0.24470355746246153
575,0.9237022976721486,0.679095184610736,0.2446071130614127
576,0.9187252867606378,0.6764792040471108,0.24224608295386837
577,0.9293439551707237,0.6849849022203877,0.2443590579975036
578,0.9181529379660084,0.6771423634021513,0.24101058033204847
579,0.9263210306244511,0.6819484070424111,0.24437261709282476
580,0.9238654327008032,0.6788882565113806,0.24497717787181178
581,0.9177422081270525,0.6797948373902228,0.23794737025614707
582,0.9134847271826959,0.6758774211329799,0.23760730989517703
583,0.9223169290250347,0.680141689315919,0.24217523946877448
584,0.9183752988615344,0.6794056257893962,0.23896967259145552
585,0.9206382564959987,0.6800391020313385,0.24059915951182764
586,0.924259981801433,0.6829565311631849,0.24130345232063724
587,0.9135915262083854,0.676387523451159,0.2372040010748371
588,0.9154720239100917,0.6794280505949452,0.23604397283446404
589,0.9123605643549273,0.6768766132093245,0.23548395042457887
590,0.9174122800750117,0.6794631538852569,0.2379491269107788
591,0.9101262986660004,0.6753914577345694,0.23473484069108963
592,0.9209026425115524,0.6841705335724738,0.23673210893907853
593,0.9180794588981136,0.6803862087188228,0.23769324465144065
594,0.9051771904191663,0.6748556023643862,0.23032159165989968
595,0.9079403906099258,0.6776992620960358,0.2302411301962791
596,0.913222333115916,0.6817993560144978,0.2314229778224422
597,0.9172904376060732,0.6844896001200522,0.23280083676499705
598,0.9154670671109231,0.6815296296150454,0.23393743797656028
599,0.9064474028925742,0.677132438267431,0.22931496798992157
600,0.9057755383753008,0.6771956864864596,0.2285798518888412
601,0.9157963356664104,0.6831843401155164,0.23261199531055265
602,0.9149241053288982,0.6780906608027797,0.2368334435647534
603,0.9105199652333413,0.6808642485449391,0.22965571404464782
604,0.9013201267488541,0.6769574880599976,0.2243626401309044
605,0.902834476001801,0.6774612742085611,0.2253732027546052
606,0.8999858700460003,0.6768088283077363,0.22317704005587485
607,0.9040392271934017,0.6802560312132682,0.2237831971818401
608,0.9059330340354673,0.6818530357653095,0.22407999875084048
609,0.9037433728095023,0.6798499197729172,0.22389345303658517
610,0.8967797429330887,0.6748132628779258,0.22196647909379774
611,0.9019566947414029,0.678412962344385,0.22354373071462877
612,0.9060453387998766,0.6780640809766708,0.2279812611879841
613,0.900686587056806,0.6795435711260764,0.2211430173727774
614,0.9004187487786816,0.6797999480078297,0.22061880557767807
615,0.8996696529849884,0.6803049772016464,0.21936467866743764
616,0.8941207278159357,0.6762068800387844,0.21791384849817522
617,0.8911010565296296,0.6743393501927776,0.2167617097016304
618,0.899037774532072,0.6785559115871307,0.22048186342562398
619,0.899040077963183,0.6799013095517312,0.21913877009384095
620,0.9042678638812034,0.6821308107145371,0.22213704499506182
621,0.9032602800476935,0.6796761193583089,0.2235841626121152
622,0.8949394081869433,0.6790346147552613,0.21590479367202328
623,0.8950471378141834,0.679451281985929,0.21559585967371542
624,0.8896270923076137,0.6753768267170075,0.21425026510992357
625,0.8926458272241777,0.6767518972196886,0.21589393000448903
626,0.8991839049323913,0.6836276688883381,0.21555623484234657
627,0.8996545835848777,0.6814843646941646,0.21817022057310229
628,0.8973493422231367,0.6802746970807353,0.21707464658444928
629,0.8917110581551829,0.6760001720920685,0.2157108882261861
630,0.8896186294094208,0.6791602786510221,0.21045835147942266
631,0.8907516233382686,0.6764786378029854,0.2142729869773311
632,0.8911536364786087,0.6781293221058384,0.21302431220969847
633,0.8842557841731656,0.674439747487345,0.2098160378875271
634,0.8881612352786525,0.6794468279807798,0.20871440801889665
635,0.8897782516094946,0.6770283368326002,0.21274991669962484
636,0.8858873940283253,0.6753577330420094,0.2105296607459745
637,0.8830854037115651,0.6767406300190957,0.20634477273110421
638,0.8867113484490302,0.6784422166885868,0.20826913007805425
639,0.884597812929461,0.675643737277677,0.20895407613246672
640,0.8896433807188465,0.6802083907588836,0.20943499188269338
641,0.8874296161436266,0.676656154855605,0.21077346080733883
642,0.8896971864085044,0.6804518670805039,0.20924531836663524
643,0.8919130352235609,0.6836362586867425,0.2082767772578424
644,0.8849385515336068,0.6803475128066155,0.20459103920767385
645,0.8856304634001947,0.6794464751597373,0.20618398872113997
646,0.8842527952886396,0.6800664663314819,0.20418632366964895
647,0.8829946517944336,0.6777365938309701,0.20525805916517012
648,0.888098124534853,0.6800014011321529,0.20809672652713715
649,0.8814562511059546,0.6753974172376818,0.20605883651202725
650,0.8774570755420192,0.6768618687506645,0.20059520655101346
651,0.880378580862476,0.6779789145915739,0.2023996696356804
652,0.8798364141295033,0.6774131684534012,0.20242324591644348
653,0.8783572864147925,0.6780917481068642,0.2002655414323653
654,0.874364044397108,0.6746627121202408,0.19970133179618466
655,0.8833425035399776,0.6822709623844393,0.20107153658905336
656,0.8815853288096767,0.6774011927266275,0.20418413632339047
657,0.8751068874712913,0.6757281230342004,0.1993787649177736
658,0.8803193069273426,0.6796478100361363,0.2006714964105237
659,0.8785064306951338,0.677821813091155,0.20068461688295489
660,0.8785544230091956,0.6769997785168309,0.20155464617475385
661,0.8791733884042309,0.6776126527017162,0.20156073642353858
662,0.8724807693112281,0.6756060575285265,0.19687470961962977
663,0.8734711533592593,0.6769565718789254,0.19651458268204042
664,0.8830119640596451,0.6795982891513456,0.20341367971512578
665,0.8827691001276816,0.6812140432096296,0.20155505499532145
666,0.8729783854176921,0.678158906198317,0.1948194811421056
667,0.8742293004066714,0.6766165773714742,0.19761271846871223
668,0.8748940613961989,0.6755531622517493,0.19934089698137775
669,0.8721026297538511,0.6754955005261206,0.19660713259250887
670,0.8758019939545663,0.6781003792439738,0.197701615912299
671,0.8748301238782944,0.6770467777406016,0.19778334445530368
672,0.8678681994638135,0.6757578388337167,0.19211036087043823
673,0.8698326041621547,0.6785897449139626,0.1912428570851203
674,0.8766060990671958,0.6836457781253322,0.1929603231049353
675,0.8751973548243123,0.6813278227083145,0.19386953740350663
676,0.8772673751077344,0.6812155515916886,0.19605182255468062
677,0.8722357999893927,0.6789725826632592,0.19326321708579217
678,0.8691667924004216,0.6789462825944347,0.19022050668154994
679,0.870948028179907,0.6809115890533693,0.19003644128960948
680,0.8727101856662381,0.6797658704942272,0.1929443187771305
681,0.8819512321103004,0.6837091628582247,0.19824207333787794
682,0.8630515856127585,0.6757836197653124,0.18726796704915263
683,0.8647108337571544,0.6778686969510971,0.18684213536400948
684,0.8725139835188466,0.6779403003954119,0.1945736819217282
685,0.8673566185658977,0.6764175305443425,0.1909390860988248
686,0.8687931126163851,0.6802205424154958,0.1885725711622546
687,0.8676453396197288,0.677406108187091,0.1902392345570749
688,0.8705266329549974,0.6812859417930726,0.18924069452670314
689,0.8659566496649096,0.6785147709231223,0.1874418806645178
690,0.8655770709437709,0.6793921849419994,0.18618488792450197
691,0.8616894685452984,0.6752687433073598,0.1864207283623757
692,0.8727739376406516,0.6817110036650011,0.1910629339756504
693,0.866693748581794,0.6789154593021639,0.18777829480748023
694,0.8657336600365177,0.678199928614401,0.187533731662458
695,0.8670008874708607,0.6808046698570251,0.18619621881554205
696,0.8719871534455207,0.6823071568242965,0.1896799971019068
697,0.8680565982095657,0.6784202571838133,0.18963634390984813
698,0.8630821897137549,0.6782468884221969,0.18483529888814496
699,0.8610532341464874,0.6764092656873888,0.18464396845909856
700,0.8644754569376668,0.6815430281623718,0.18293242925597775
701,0.8579140526633109,0.6764878111500894,0.18142624127288018
702,0.8568908793310965,0.6756640615001801,0.18122681759057507
703,0.8583706338559428,0.679303825862946,0.17906680919470325
704,0.8653337936247548,0.6831934413602275,0.18214035418725782
705,0.862513848850804,0.6805959786138227,0.18191787312107702
706,0.8563556440414921,0.6738106531481589,0.1825449913740158
707,0.8530337474038524,0.6733024802900129,0.17973126543145027
708,0.8617393701307235,0.6809764677478422,0.18076290334424666
709,0.8605139015182373,0.6786545342014682,0.18185936755711032
710,0.8587514758110046,0.6785483706382013,0.1802031075762164
711,0.8586359956572133,0.6793632747665528,0.17927272401509747
712,0.8615568107174288,0.6802431796827624,0.18131363175569043
713,0.8587401076670615,0.6794680020501537,0.1792721046555427
714,0.8554387900137133,0.6782518625259399,0.17718693181391684
715,0.8676478574352879,0.6791516792389655,0.18849617603325075
716,0.8549001659116438,0.6759496062032638,0.17895056042940385
717,0.8521596010654203,0.6758730517279717,0.1762865536635922
718,0.8577220401456279,0.6816856688068759,0.1760363737421651
719,0.8547588798307604,0.6784064356357821,0.17635244635805006
720,0.8570913316742066,0.6783408013082319,0.17875053036597469
721,0.8540792628642051,0.677204926167765,0.17687434102258376
722,0.8609571841455275,0.6819069712392746,0.1790502141079595
723,0.8625581754792121,0.6789573671356324,0.18360080738221446
724,0.854017061571921,0.6773180923154277,0.17669896565137372
725,0.8580046911393443,0.6817002527175411,0.176304439863851
726,0.8549325302723916,0.6785814262205555,0.1763510970819381
727,0.8590472244447277,0.6794723974120233,0.17957482751338713
728,0.852731071172222,0.6785326302051544,0.1741984412074089
729,0.849930263334705,0.6765288787503396,0.17340138362300012
730,0.8543175074361986,0.6783679704512319,0.17594953578326009
731,0.8634855862586729,0.6837920883009511,0.17969350012079363
732,0.8544441134698929,0.6766248201170275,0.17781929407388933
733,0.8453516700575429,0.6736893442369276,0.17166232582061522
734,0.8537159744770296,0.6810622724794573,0.17265370151688975
735,0.8575745205725392,0.6802432027555281,0.1773313178170112
736,0.8543803903364366,0.6775281967655304,0.1768521930902235
737,0.8530990260262643,0.6770278186567368,0.17607120304338394
738,0.8474502640385781,0.6769162060752991,0.17053405483884196
739,0.8485637893599849,0.6784201658541157,0.17014362518825837
740,0.8552123346636372,0.6805470460845578,0.17466528954044466
741,0.8571188276813876,0.6770652705623258,0.18005355976281628
742,0.8482163673447024,0.6773885209714213,0.17082784324884415
743,0.8465155766856286,0.6775242878544715,0.16899129075388755
744,0.8462206106032094,0.6780573764154988,0.16816323635078245
745,0.8477655976049362,0.6755014225359885,0.1722641757899715
746,0.8481993127253747,0.6763899278256201,0.17180938369804813
747,0.855802793656626,0.6807400670743757,0.17506272778395685
748,0.8503684439966755,0.676737226786152,0.173631216008817
749,0.8443073918742519,0.6742782419727694,0.1700291532662607
750,0.8490683224893385,0.6772589039418005,0.1718094183071967
751,0.845734191517676,0.677553786385444,0.16818040489189087
752,0.8470852817258527,0.6787769861759678,0.16830829651125015
753,0.8467096772886091,0.6790305452962075,0.16767913583786256
754,0.8462082541758015,0.677869915000854,0.16833833797324088
755,0.8484168110355255,0.6798026744396456,0.16861413731690375
756,0.8543055211344073,0.6850263466758113,0.16927917445859603
757,0.8475515256004948,0.6804603261332358,0.16709120090930693
758,0.8530429226736869,0.6838823056990101,0.16916061817638336
759,0.8419070301517364,0.6765904388120098,0.16531658749426564
760,0.8477018783169408,0.6819703377062275,0.16573154277378513
761,0.8476001677974578,0.6790590680414631,0.1685410987946295
762,0.8464850812189041,0.6794862199214197,0.16699885384690377
763,0.8438918677068525,0.6767284966284229,0.16716336987672314
764,0.8423972225958302,0.6770726749973912,0.16532455192458245
765,0.8415603012807907,0.6766428082220016,0.1649174966639088
766,0.8447359338883431,0.6805740671773111,0.16416186719171463
767,0.8463966673420321,0.6818320376257743,0.16456462635147956
768,0.8414629495912983,0.6771990743375593,0.16426387573442153
769,0.8485611186873528,0.6800336241722107,0.16852749547650736
770,0.843832919674535,0.6794592199787017,0.16437369945549196
771,0.8491312476896471,0.683722702726241,0.1654085476071604
772,0.8448311898016161,0.6786505483811901,0.16618064262213245
773,0.8427800084314039,0.6794415856561353,0.1633384191701489
774,0.8407344270137048,0.6785805657986672,0.16215386049401376
775,0.8463159443870667,0.6820289771403035,0.16428696700642187
776,0.8469706379598186,0.680214032050102,0.1667566056693754
777,0.8459188918913564,0.6776946831134057,0.16822420925863327
778,0.8399527890066947,0.6770713723474934,0.1628814152171535
779,0.8461940057816044,0.6843822252365851,0.16181178390979767
780,0.8379696415316674,0.6772269471999137,0.16074269721584936
781,0.8343853046817165,0.6761913587970119,0.15819394468299805
782,0.8450549831313472,0.6816336358747175,0.16342134677594708
783,0.8447448303622584,0.6815091015831116,0.1632357286589761
784,0.8445979077969828,0.6828306009692531,0.16176730826977762
785,0.8370608677787166,0.6769591377627465,0.16010172761255695
786,0.8468128298559496,0.6829473308978542,0.16386550040014328
787,0.8313423222111117,0.6742163886947017,0.15712593447777531
788,0.8444372088678421,0.681441294570123,0.1629959176624975
789,0.8495934990144545,0.6868960021003601,0.16269749523170532
790,0.8363387901936808,0.6788349478475509,0.15750383898135153
791,0.8425495220768836,0.6817927447057539,0.16075678193761456
792,0.8457176358469071,0.6821411588499623,0.16357647363216646
793,0.8453962706750439,0.6826483347723561,0.1627479354220052
794,0.8399302661418915,0.678774905781592,0.16115536396541902
795,0.8411290386030751,0.6814735060737979,0.15965552844347491
796,0.8424499092563507,0.6802200521192243,0.16222985665644368
797,0.8305026936915613,0.6743792795365856,0.1561234129532691
798,0.8298880669378466,0.6743647475396434,0.1555233172351314
799,0.8379466504819931,0.6810515205706319,0.15689512798863073
800,0.8458349156764245,0.6785642100918677,0.16727070846865255
801,0.8355083234848515,0.6772962068357775,0.15821211232293036
802,0.8334197825001132,0.6786300338083698,0.15478975157583913
803,0.833297578557845,0.679194450378418,0.15410312601635534
804,0.8325563448090707,0.679863074133473,0.15269327211764552
805,0.833573422124309,0.6781585101158388,0.15541491020591028
806,0.8345276626848406,0.6797686584534184,0.1547590049524461
807,0.8265007820821577,0.6742956273017391,0.15220515333837079
808,0.8325551046479133,0.678507452049563,0.15404765524210468
809,0.8347217940515087,0.6807178691510232,0.15400392610219218
810,0.8403944642313065,0.683974043976876,0.15642042265784356
811,0.8400864005088806,0.6838782458536087,0.15620815177117625
812,0.8325507400497314,0.6787192811889033,0.1538314600625346
813,0.8333071402965053,0.6788397815919691,0.15446736447272763
814,0.8386025351862754,0.6795292477453908,0.15907328840224974
815,0.8338079423673691,0.6782965285162772,0.1555114122888734
816,0.83102917190521,0.6791219701690059,0.15190720125552146
817,0.843916174865538,0.6822050838701187,0.1617110929181499
818,0.836956246245292,0.6787267500354398,0.15822949681070544
819,0.8378371057971832,0.6770252796911425,0.16081182418331022
820,0.8244135302882041,0.6731070895348826,0.15130643498513005
821,0.8262746276394013,0.6768640597020427,0.1494105674566761
822,0.8427070177370503,0.6837114057233257,0.15899560744723967
823,0.839684643091694,0.6827514988760794,0.15693314397527325
824,0.8303545232742063,0.6789581429573798,0.15139637863443745
825,0.8267177429891401,0.6769056137531034,0.14981212695279428
826,0.8293344263107546,0.6776413023471832,0.15169312107947566
827,0.8292132096905862,0.6773058243336216,0.1519073827132102
828,0.8339197126127058,0.6797550512898353,0.15416466216406516
829,0.8351094636224932,0.6779126351879489,0.1571968277135203
830,0.8349629381010609,0.6804620690884129,0.15450086841179478
831,0.8271423626330591,0.6749283267605689,0.15221403515146625
832,0.8291927210746273,0.6771045538686937,0.15208816552354443
833,0.8304968178272247,0.6759248481642816,0.15457196798055403
834,0.8316793730182033,0.677239848721412,0.15443952333542607
835,0.8309067747285289,0.6808266630095821,0.15008011292065343
836,0.8307596070151175,0.678750810123259,0.1520087955699813
837,0.8334707281281871,0.6806787531222066,0.15279197548666307
838,0.8260316694936445,0.6771763034405247,0.1488553689372155
839,0.8293453628017057,0.6778250327033382,0.15152033057905012
840,0.8275385354795763,0.6768065104561467,0.15073202262001653
841,0.8338825221984617,0.6789019675024094,0.1549805573398067
842,0.8256480155452606,0.6748074927637654,0.1508405244638843
843,0.8312325775623322,0.6816861023825984,0.14954647662178164
844,0.8301992868223498,0.6792532936219247,0.15094599344076648
845,0.8270462684092983,0.6786157844528076,0.14843048539853865
846,0.8303859329992725,0.6801018849495919,0.1502840490110459
847,0.8324406300821612,0.6803166145278562,0.1521240145929398
848,0.8286750287778916,0.6773849600745786,0.15129006786211843
849,0.8305192003327031,0.6813325949253575,0.14918661105536646
850,0.829351806832898,0.6801864764382762,0.1491653277508674
851,0.836861890169882,0.6824272313425618,0.15443465714493104
852,0.8229875410756757,0.6758951804330272,0.14709236352674424
853,0.8302858423802161,0.681256297134584,0.149029545966656
854,0.8277158333409217,0.6777998468568248,0.14991598948836327
855,0.8257294354900238,0.6773668498762192,0.14836258537346317
856,0.8225787455035795,0.6746720892767752,0.14790665766885203
857,0.8340005086314294,0.6845631416766874,0.14943736815644848
858,0.8360271934540041,0.6815509786528926,0.1544762140800876
859,0.8295806886688355,0.6751318420133283,0.15444884665550723
860,0.8305795442673468,0.6774149056403868,0.1531646373050828
861,0.8348064316857245,0.6831942681343325,0.15161216403207473
862,0.8236173843183825,0.675232914186293,0.14838446869004157
863,0.8324852720383675,0.6815185796829962,0.1509666925957126
864,0.828435912247627,0.6804546656147126,0.14798124386898934
865,0.8379939169653,0.684749960899353,0.1532439558256057
866,0.8278815275238406,0.6807854358227022,0.1470960932633569
867,0.8279732715698981,0.6790357203252854,0.14893755232614855
868,0.8301383679912936,0.6801336753752923,0.15000469405804912
869,0.8231461461513273,0.6760770841952293,0.14706905859131966
870,0.824236209354093,0.6785585716847451,0.1456776358667881
871,0.8301241388244014,0.6801328130306736,0.1499913272357756
872,0.829403906099258,0.6813504157527801,0.1480534886640887
873,0.8283424290918535,0.6827933490276337,0.14554908030456112
874,0.8229313685048011,0.6744849710695205,0.14844639995886433
875,0.827311227398534,0.6779112594742929,0.14939996672253456
876,0.8255699603788315,0.6786796018000572,0.14689035665604375
877,0.8270318565830108,0.6803399353258072,0.14669192125720362
878,0.8265771952367598,0.6768922719263262,0.14968491826326616
879,0.8241501190970021,0.6777899121084521,0.14636020710872066
880,0.8248673360193929,0.6773198718024839,0.1475474655387863
881,0.8244817276154796,0.6772185621723052,0.14726316484232102
882,0.8365671798106162,0.680605068322151,0.1559621131708545
883,0.8251918506237769,0.6764052279533879,0.14878662062748785
884,0.8208399943767055,0.6758428312117054,0.14499716268431756
885,0.8217490334664622,0.6771670916388112,0.14458194086628576
886,0.8274471634818662,0.6824882405419503,0.14495892354076909
887,0.8271833783195864,0.6813261085940946,0.1458572685237854
888,0.8250522363570428,0.6803131853380511,0.1447390472937015
889,0.8277004909130835,0.6815346239074584,0.1461658666451131
890,0.8245132882748881,0.6773560758559934,0.14715720929445758
891,0.8227060321838625,0.6733000364995771,0.14940599856838102
892,0.824508027684304,0.6788186296339958,0.14568940021338
893,0.8255454897880554,0.6801762138643572,0.14536927424130902
894,0.8324709380826643,0.6849758250098075,0.14749510994841974
895,0.8245295747633903,0.6790161103971543,0.14551346544777194
896,0.8240560610448161,0.6788336528885749,0.14522240947811835
897,0.8245116414562348,0.6769841784431089,0.1475274651761978
898,0.8217006277653479,0.6780603393431632,0.1436402846968943
899,0.8215115272229717,0.6753629494097925,0.146148577212326
900,0.8263997243296716,0.680243952620414,0.14615577146891626
901,0.8276744840606567,0.6806504111136159,0.14702407438908854
902,0.8198426740784799,0.6758558096424225,0.14398686587810516
903,0.8237903435384074,0.6791243139774569,0.14466602968112116
904,0.8257099572689303,0.6800329021869167,0.14567705315928306
905,0.8251969852755147,0.6814231709126504,0.1437738158049122
906,0.8193591958092105,0.676426415481875,0.14293278297108988
907,0.8316700670026964,0.679961956316425,0.15170811224848993
908,0.8315480024583878,0.6796329521363781,0.15191504803876724
909,0.8282760064448079,0.683402318146921,0.14487368865839897
910,0.8281733855124442,0.6830217107649772,0.1451516740264431
911,0.8259360088456061,0.679202543150994,0.14673346521392946
912,0.8312082857854904,0.6854874078304537,0.14572087362889322
913,0.831770917100291,0.6822386960829457,0.1495322183735909
914,0.8322872904039198,0.6827971541112469,0.1494901360523316
915,0.8264458727452063,0.6789437849675456,0.14750209042141516
916,0.8228256452468133,0.6784976134377141,0.14432802760312635
917,0.8265649560959109,0.6803235421257634,0.14624141517185396
918,0.8256466830930402,0.6779674406974546,0.1476792413140497
919,0.8245692330022012,0.6785422515484595,0.14602697868981668
920,0.8205269632800933,0.6753379048839692,0.14518905839612406
921,0.819103100607472,0.6762301902617177,0.14287291106677824
922,0.8206750260245416,0.6763283687253152,0.14434665850093287
923,0.8244205588294614,0.6790246790455233,0.14539587738052492
924,0.8308218169596887,0.6812468747938832,0.14957494300700003
925,0.8296091844958644,0.6825547285618321,0.1470544576164215
926,0.8307061781806331,0.6831668019294739,0.14753937721252441
927,0.8326609980675482,0.6845118893731025,0.14814910797342176
928,0.8338947719143283,0.6849619198230005,0.1489328504089386
929,0.8288016040478984,0.6810704834999577,0.14773111814452755
930,0.8285500013059185,0.682957350246368,0.14559265129989193
931,0.8207285606092022,0.6753970374984126,0.14533152034686458
932,0.8242086316308668,0.6777599030925382,0.1464487298602058
933,0.8267468550512868,0.6800104975700378,0.14673636288892838
934,0.8151902758306072,0.6724273581658641,0.14276291694371931
935,0.8231662521439214,0.6792018067452216,0.14396444515835854
936,0.8259216623921548,0.67980503170721,0.14611663212699275
937,0.8357137182066517,0.6816279109447233,0.15408580822329368
938,0.8243326679352792,0.6757084227377369,0.14862424075122802
939,0.8222137545385668,0.6764661804322274,0.14574757434668079
940,0.8224852008204306,0.6768616562889468,0.14562353984482826
941,0.8269887787680472,0.6782862784401062,0.14870250056828221
942,0.8274986820836221,0.6789783873865681,0.14852029601893119
943,0.8365910678140579,0.687716011078127,0.14887505553422437
944,0.8381755707725402,0.68020327341172,0.15797229892303866
945,0.8265521910882765,0.6754647906749479,0.15108739993264597
946,0.8267568926657399,0.6788219040439974,0.14793499222686213
947,0.8252320635703302,0.6771226179215216,0.14810945177751203
948,0.8260773401106557,0.6772447968682935,0.14883254059860784
949,0.823875081154608,0.677475513950471,0.14639957201096318
950,0.822118015058579,0.6753162030250796,0.1468018126343527
951,0.8276392509860377,0.6779627098191169,0.14967654272913933
952,0.830651669732986,0.6830081084082203,0.14764356168527756
953,0.8319274465883931,0.6838393259433008,0.14808811944338582
954,0.8282687144894754,0.6793208141480723,0.1489478952942356
955,0.8243266795912096,0.6732385898790052,0.15108809223578823
956,0.8208562183764673,0.6739657857725697,0.14689042707604746
957,0.818342980838591,0.672684472414755,0.1456585027758152
958,0.8253440751183417,0.6781946997488698,0.14714937500895992
959,0.832910543487918,0.6822729293377169,0.1506376101845695
960,0.8305279987473642,0.6813065784592782,0.14922142233098706
961,0.8262463827286998,0.6786538766276452,0.14759250682207845
962,0.8227623720322886,0.6760063382887072,0.14675603410409344
963,0.8253684140020802,0.6783716390209813,0.14699677233734437
964,0.8283693963481534,0.6813269017204162,0.14704249739166228
965,0.8259189388444347,0.6781952967566829,0.1477236426886051
966,0.8368806050669763,0.6826620803725335,0.15421852072881115
967,0.8330397154054334,0.6841358725101717,0.14890384229440842
968,0.8262076204822909,0.6788866548768936,0.14732096440369083
969,0.8252141369927314,0.6786196078023603,0.14659453255514945
970,0.8332378950811201,0.6785206160237712,0.15471727797581303
971,0.8343037684117595,0.6801273822784424,0.15417638397024525
972,0.8273346914399055,0.6809569693380787,0.1463777218614855
973,0.8251902307233503,0.679163686690792,0.14602654511409421
974,0.8217664812841723,0.6760374547973755,0.14572902780867392
975,0.8237650298303173,0.6796019442619816,0.14416308556833574
976,0.823640679159472,0.6779111114240461,0.14572956413030624
977,0.8291315330613044,0.6830289729179875,0.1461025554566614
978,0.8274654150009155,0.6790852710123985,0.14838014687261275
979,0.8280867165134799,0.6783348216164496,0.14975189669959008
980,0.8215120127124171,0.6755070099907536,0.14600500007790904
981,0.8255992502935471,0.6798423778626227,0.14575687399314297
982,0.8224910411142534,0.6784703481581903,0.1440206891106021
983,0.8264306476039271,0.6793818579566094,0.1470487907288536
984,0.8206990851509955,0.6753075593902219,0.14539152251616602
985,0.8325219298562696,0.6846908590485973,0.1478310690051125
986,0.8272107445424602,0.6805444859689281,0.14666625929455604
987,0.8211702329497184,0.6765509170870627,0.1446193173047035
988,0.8252893897794908,0.6784774968701024,0.14681189086648724
989,0.8170195404560335,0.6754017876040551,0.14161775537556218
990,0.8194861825435392,0.6770034374729279,0.14248274543112324
991,0.8204777519549092,0.6782099181605924,0.1422678352363648
992,0.825092448342231,0.6800035411311735,0.14508890709088695
993,0.8305618936015714,0.6788307197632328,0.15173116674826992
994,0.822008922215431,0.6760122160757741,0.14599670493795025
995,0.8214135035391776,0.6799443469893548,0.1414691563094816
996,0.8205625501371199,0.6803601999436656,0.14020234706901735
997,0.8184787698330418,0.6785023500842433,0.13997641854709195
998,0.8190302175860251,0.679086402539284,0.13994381036008557
999,0.8209980264786751,0.677209617630128,0.14378840993008307
1000,0.8221601738083747,0.6799520177225913,0.1422081540428823
