,total_loss,mse_loss,duration_loss,reconstruct_loss
0,21.265143016028027,-1.273108927030412,0.5219263775008065,22.01632557218037
1,21.128493748013934,-1.3134653019526648,0.519349751964448,21.922609268672883
2,20.953884397234237,-1.3317759774980091,0.5173507928848267,21.76830966888912
3,20.66794707283141,-1.349645941976517,0.516063121103105,21.501529844980393
4,20.522024669344464,-1.370376846146962,0.5146413019725254,21.377760205950057
5,20.272449281480576,-1.3855642685814509,0.5137658852433401,21.144247781662713
6,20.351959743197003,-1.394832416186257,0.5131520586354392,21.233640125819615
7,20.184408157590834,-1.409566392974248,0.5143223939433931,21.079652211022754
8,19.93181510198684,-1.4276994883068024,0.5141974086799319,20.845317204793293
9,19.894640634930322,-1.441167470008608,0.5127631927293445,20.823044943431068
10,19.65671536279103,-1.4626789187628126,0.5112096378727565,20.608184602525498
11,19.52694520496187,-1.482750550148979,0.5117099734525832,20.49798571874225
12,19.353742781139555,-1.5069746687298728,0.509414574929646,20.35130270700606
13,19.270271967327783,-1.530955816072131,0.5077993666368817,20.293428421020508
14,19.067595981416247,-1.5467652574418083,0.5082614506993975,20.106099931020584
15,18.96112899174766,-1.5729937420950995,0.50685239736996,20.027270392766074
16,18.817967006138392,-1.5912017387057107,0.506103644768397,19.90306493971083
17,18.7736272357759,-1.614794445416284,0.5072507361570994,19.8811709388854
18,18.497732434953964,-1.6322411790726676,0.5062880232220605,19.623685624864365
19,18.277744505140518,-1.6555859910117254,0.506536644129526,19.426793900747146
20,18.106876131088015,-1.672818416640872,0.5058538965762608,19.273840465242902
21,18.059166938539537,-1.6842260190418787,0.5062898000081381,19.23710320487855
22,17.942894208998908,-1.7130226237433297,0.5057601053563375,19.150156656901043
23,17.81046820443774,-1.7299031700406755,0.5060212517541552,19.034350047035822
24,17.684541793096635,-1.7357600548910717,0.5048972391892993,18.91540463765462
25,17.5757480954367,-1.7544758717219036,0.5054795041916862,18.824744451613654
26,17.520933802165683,-1.767094576169574,0.5046287973721822,18.783399551633803
27,17.514295895894367,-1.7874375430364458,0.506277175649764,18.795456265646315
28,17.38074426802378,-1.7965442926164656,0.504088440584758,18.673200062343053
29,17.31986719464499,-1.800270230051071,0.5043094919787513,18.615827893453933
30,17.209056506081232,-1.8241034481260512,0.5043219890859392,18.52883796086387
31,17.12287073286753,-1.833079006936815,0.5046345004959712,18.45131516835046
32,17.15338078756181,-1.8369139319374448,0.5045078065660265,18.48578693753197
33,17.030089181566996,-1.8565644971908084,0.5039882361888885,18.382665391952273
34,16.94937961820572,-1.8650775807244437,0.5045469526260619,18.30991021413652
35,16.92907039702885,-1.8823622086691478,0.5033851866684262,18.308047521682013
36,16.967812704661537,-1.8877703348795574,0.5045819883308713,18.351001058306014
37,16.75420677851117,-1.8914658436699519,0.5040207921512543,18.141651789347332
38,16.749908780294753,-1.915097268800887,0.504262698075128,18.160743259248278
39,16.513699728345113,-1.9238533614173767,0.5038919472505176,17.93366111270965
40,16.872238613310316,-1.9233104520373874,0.504274109526286,18.291274994138686
41,16.641890359303307,-1.9131163282999917,0.5041780788747091,18.050828479585192
42,16.443266036018493,-1.942511762891497,0.5020048381790282,17.88377297113812
43,16.48664871094719,-1.9401976683783153,0.5041889959857577,17.92265746707008
44,16.39285741533552,-1.9481459723578558,0.502705327575169,17.838298040723043
45,16.71777033427405,-1.9325144480145167,0.5038044883145226,18.146480378650484
46,16.603403833177353,-1.9553679795492263,0.5036298845495496,18.05514187282986
47,16.52194104875837,-1.958351771036784,0.5037663072820694,17.976526411752854
48,16.503852677723717,-1.9556954436832004,0.5025619353566851,17.956986260792565
49,16.557929235791402,-1.9536576990097287,0.5024231710131206,18.009163750542534
50,16.570115755474756,-1.9671522814130027,0.5027131755200643,18.034554859948535
51,16.428594922262526,-1.9724494786489577,0.5033664428998553,17.897677860562762
52,16.35060287657238,-1.9717608444274417,0.503068043599053,17.81929570152646
53,16.295119739714124,-1.990208873673091,0.5021772072428748,17.783151354108536
54,16.563880193801154,-1.9572642492869543,0.5018102058342525,18.01933430868482
55,16.381910732814244,-1.9742975726960197,0.5026938787528447,17.85351444426037
56,16.52298417167058,-1.9575920237435236,0.5015910854415288,17.97898515065511
57,16.414633387611026,-1.9507458891187395,0.5009278546250056,17.864451484074667
58,16.380136338491287,-1.9682297290317596,0.5014169632442413,17.846949259440105
59,16.344997860136488,-1.955847045731923,0.5008461853814503,17.799998692103795
60,16.85623158348931,-1.8998163787145463,0.5024244501477196,18.253623568822466
61,16.641079115489173,-1.9206414847146898,0.5006866611185528,18.061033884684246
62,16.489897016494993,-1.950652279551067,0.501357668922061,17.93919165172274
63,16.24695679498097,-1.962508305670723,0.5007074158343058,17.708757642715696
64,17.10900947025844,-1.8620671393379333,0.502378385218363,18.4686980323186
65,16.921555186074876,-1.8457709531935433,0.50191997015287,18.26540632096548
66,16.429266066778276,-1.8862076127339924,0.5008080194866846,17.81466573382181
67,16.449593665107848,-1.9134415142119876,0.5009332256657737,17.862101993863543
68,16.88412212190174,-1.8602093193266127,0.5011947812542082,18.24313666328551
69,16.983629514300635,-1.8974058325328524,0.5009470932067387,18.380088200644842
70,16.747804641723633,-1.8745292538688296,0.5012187607704647,18.12111524551634
71,16.71522412981306,-1.8615825005940028,0.49990571727828376,18.076900875757612
72,16.622122931101966,-1.8952819430638874,0.4997908662235926,18.017613971044145
73,17.287882244776167,-1.8755315352999975,0.5012518867613778,18.662161872500466
74,17.18097960759723,-1.8255344553599282,0.5011892219384512,18.505324863252184
75,17.082358314877464,-1.8126664748267522,0.5006625704349034,18.39436225285606
76,16.770966893150693,-1.855715238858783,0.5010850798516047,18.12559718177432
77,16.679504788111128,-1.853439628131806,0.5003675170361049,18.032576848590185
78,16.74716723911346,-1.887661131601485,0.5003273510743701,18.134501018221417
79,16.55724319579109,-1.8736541176599169,0.501515233327472,17.929381945776562
80,16.753740552871946,-1.807470058637952,0.500965486443232,18.060245150611514
81,16.486732846214657,-1.8563891687090435,0.4982569695465148,17.844865011790443
82,16.601954021151105,-1.8345746256056286,0.4994035651759496,17.937125130305215
83,16.5656313517737,-1.8393485489345731,0.497983514789551,17.906996424235995
84,16.742777188618977,-1.832136795634315,0.5004831708612896,18.074430829002743
85,16.835451882983012,-1.8307464066005887,0.5009667655778309,18.165231523059663
86,16.80583319588313,-1.8063916573448786,0.4992611985357981,18.11296366131495
87,16.950448157295348,-1.7560293277104695,0.5011693854180593,18.205308187575568
88,16.640922743176656,-1.7984027351651872,0.5002940022756183,17.939031494988335
89,17.608319161430238,-1.6831225459537809,0.5034998688432906,18.787941796439036
90,16.765991044422936,-1.737889813998389,0.5014796881448655,18.002401155138774
91,16.558119910103933,-1.7739581815780154,0.49863390742786345,17.833444171481663
92,17.01688239687965,-1.7477028767267864,0.5013380443292951,18.26324730827695
93,17.2344848996117,-1.7227732245884244,0.500275709326305,18.456982370406863
94,16.69099495902894,-1.713184256402273,0.4981692778685736,17.90600990113758
95,16.937341886853414,-1.7151209115982056,0.4994848011031983,18.152977958558097
96,16.74694339812748,-1.7108474175135295,0.49946027379187324,17.958330517723446
97,17.090223024761865,-1.7211107015609741,0.5011472758792695,18.310186658586776
98,16.939030238560267,-1.705017432333931,0.5004860181657095,18.14356171138703
99,17.7131984196012,-1.6069313893242487,0.5034495729302603,18.816680272420246
100,18.00927810063438,-1.554314240576729,0.5027032891909281,19.060889047289653
101,18.170119709438747,-1.5432035714860945,0.5059159894784292,19.207407239883665
102,16.992190921117388,-1.6445226158414568,0.5008465638236393,18.135866922045512
103,17.54544815184578,-1.624772028317527,0.5011975637504033,18.669022605532692
104,17.18391474466475,-1.632479567376394,0.5002734031942155,18.316120965140207
105,17.555633802262562,-1.5683030609100583,0.4997275982584272,18.624209176926385
106,17.17388858492412,-1.6483774469012307,0.5001861107727837,18.322079915848988
107,17.06347890884157,-1.6255828482764108,0.4987033028451223,18.190358540368457
108,17.635250364031112,-1.5922186317897977,0.49923010761775666,18.728238908071365
109,16.949555003453813,-1.6092244462361411,0.4997979511344244,18.05898151700459
110,17.20609963129437,-1.5907275960558938,0.500509683574949,18.29631753951784
111,17.612679935636976,-1.5538173951799907,0.5010401951888251,18.665457225981214
112,17.31790500217014,-1.5613154627027965,0.5010856262275151,18.37813471234034
113,17.029328315977065,-1.5978025008761694,0.4999053596504151,18.12722539144849
114,17.187805720738,-1.573139396924821,0.498366531871614,18.262578540378147
115,17.614921554686532,-1.4891925368990218,0.4991207165377481,18.604993335784428
116,17.529729949103462,-1.548981990133013,0.4990619212862045,18.579650031195747
117,17.47396575080024,-1.5268992715411716,0.49946933937451193,18.501395694793217
118,17.68021043141683,-1.5225368738174438,0.5020536614788903,18.700693554348415
119,17.749822132171147,-1.5158391698958382,0.5007818705505795,18.764879378061448
120,19.499514625186013,-1.3541235488558572,0.5046597482666136,20.348978375631667
121,18.201956370520215,-1.4369307226604886,0.5022207422861977,19.13666634332566
122,17.338305412776887,-1.4907919773979792,0.4990565369999598,18.330040856013223
123,18.087135829622785,-1.4039860509690785,0.5020197535318042,18.98910207597036
124,17.069039465889098,-1.4985757536358304,0.4985080545856839,18.069107222178626
125,19.866922454228476,-1.2785956405457997,0.5089419233420539,20.63657624380929
126,18.678164588080513,-1.3557940986421373,0.5044250857262385,19.529533598158096
127,17.892656719873823,-1.4086387100673856,0.4995169426713671,18.801778460305833
128,17.52860213082934,-1.46983546113211,0.49951621227794224,18.49892134893508
129,18.05693096584744,-1.3762854640446012,0.5028066748664493,18.930409900725834
130,18.390968080550905,-1.3916176141254486,0.5023868500240265,19.280199081178697
131,17.898916925702775,-1.3466515370777674,0.5016320660000756,18.743936251080225
132,17.548488965110174,-1.4186352756288316,0.5022033273227631,18.46492093706888
133,18.228714473663814,-1.3407963211574252,0.5006757686062465,19.068834970867822
134,18.088213723803324,-1.3019681374231975,0.5040459169281853,18.886135888478112
135,18.01613015977163,-1.3531535863876343,0.5030154453383552,18.86626832447355
136,17.513825022985063,-1.3973111179139879,0.5023101951394763,18.4088261316693
137,17.94742078629751,-1.3671773255817474,0.5017420838749598,18.812856129237584
138,18.277059524778334,-1.2604243357976277,0.5021500559080214,19.03533378479973
139,17.933399260990203,-1.3052366290773665,0.5010590548553164,18.73757689339774
140,19.08887203156002,-1.2032324473063152,0.5099472044006227,19.78215732271709
141,17.7509214310419,-1.3468154820184859,0.5020220937236907,18.59571473560636
142,17.96028748769609,-1.2961998042606173,0.501688270814835,18.754799010261657
143,17.763983862740652,-1.297207750971355,0.5022110934295352,18.558980548192583
144,17.972328004382906,-1.272660393563528,0.501153944976746,18.743834419855997
145,17.834678755866157,-1.2701572860990251,0.5022379850584363,18.60259809948149
146,19.107443279690212,-1.1625574789349995,0.5079057651852804,19.762094860985165
147,18.35030478522891,-1.1586027731971136,0.5081466332314506,19.00076092614068
148,18.62532405247764,-1.2056352070399694,0.5053519918805077,19.325607118152437
149,19.170130426921542,-1.1204502223029968,0.5069794635924082,19.78360124618288
150,18.269724770197794,-1.1624280895505632,0.5008035884017036,18.931349254789808
151,17.94607849726601,-1.2547682561571636,0.502961105770535,18.69788560413179
152,17.87504918234689,-1.2773290229222132,0.5053887116530585,18.646989459083194
153,18.69680398608011,-1.169564407969278,0.5030575181756701,19.363310919867622
154,19.347578745039684,-1.0703147309167045,0.51287318837075,19.905020305088588
155,18.50448609912206,-1.1712818789103674,0.5078589329643856,19.16790895613413
156,17.705702675713432,-1.2288997078698778,0.5044461181239476,18.430156253633044
157,17.963481751699295,-1.2096720933914185,0.5036688697716546,18.669484971061586
158,18.511763678656685,-1.1814834617433094,0.5102310932817913,19.18301618666876
159,17.868628214276026,-1.2195576032002766,0.5074835533187503,18.580702357821995
160,18.744379588535853,-1.1436578962537978,0.5117829688011654,19.376254520719012
161,18.94210055517772,-1.078127586652362,0.5133823851744334,19.506845837547665
162,18.60635204920693,-1.1187631289164226,0.5078773247817207,19.21723801749093
163,19.218246974642316,-1.0125649580879816,0.5102867342176891,19.720525136069647
164,18.377959448193746,-1.0637937405752758,0.5089339779482948,18.93281927562895
165,18.017499181959366,-1.1653849643374246,0.5079664072347065,18.674917735750714
166,19.402968346126496,-1.084284780517457,0.5117339572263142,19.97551921057323
167,19.854423674326096,-0.9285228309177217,0.5183855314103384,20.264560911390518
168,18.335676390027242,-1.0818422994916401,0.507573439961388,18.909945170084637
169,18.151934184725324,-1.1259704033533733,0.5061487389935387,18.771755854288738
170,18.814178890652126,-1.041694202120342,0.5121005054504152,19.343772585429843
171,19.394184263925705,-0.9883502759630718,0.5107411500953493,19.87179344419449
172,18.55151900034102,-1.0516904687124586,0.5115741619041988,19.091635355873713
173,19.32690187484499,-0.9860365069101727,0.5095771158498431,19.803361226641943
174,19.278634631444536,-0.9179368075870332,0.5173220043144529,19.679249354771205
175,18.782121839977446,-1.0355378616423834,0.5074582435781994,19.31020152379596
176,18.22356192270915,-1.0729901714930459,0.5072221964124649,18.789329892113095
177,19.30373812478686,-1.00905618402693,0.513721688872292,19.799072538103378
178,19.799219767252605,-0.953016237607078,0.5125368795697651,20.23969904581706
179,19.791505934700133,-0.9016994824485173,0.5117423099184794,20.1814631810264
180,18.843180732121542,-0.9624124424798148,0.5104906667792608,19.29510243733724
181,18.184271433996777,-1.030937119135781,0.505516726346243,18.709691849965896
182,19.395578490363228,-0.884895266048492,0.5121915113358271,19.76828211829776
183,18.75099793691484,-0.9811131556828817,0.5106491560027713,19.22146197727748
184,18.624304574633403,-0.9767997378394717,0.5087365162751031,19.092367717197963
185,18.828546751113166,-0.9810662837255568,0.511246702500752,19.29836624387711
186,18.830773005409846,-0.9636311474300566,0.5114950291694157,19.282909030006046
187,18.653465770539782,-0.9762739075554742,0.5124384817622957,19.11730118403359
188,18.6524715423584,-0.9675759587969098,0.5076221752734411,19.11242527431912
189,19.07599871499198,-0.9579969417481196,0.5120314567808121,19.521964179144966
190,19.94203852093409,-0.888563110714867,0.5216364756463066,20.308965138026647
191,21.978798730032786,-0.6581842218126569,0.5337064696682824,22.103276540362646
192,19.47418082706512,-0.8177312839598883,0.5170930325984955,19.774819116743785
193,19.139912151155016,-0.8679552305312384,0.5179958878055452,19.489871554904514
194,19.268096772451248,-0.8277272629359412,0.5121653704416185,19.58365882389129
195,19.78346297854469,-0.8009239435195923,0.5202017620442405,20.064185339307027
196,19.43204596685985,-0.8157293493785556,0.5160913103156619,19.73168394300673
197,19.316222236269997,-0.8271271633723426,0.5171237649425627,19.626225698561896
198,19.085209195576017,-0.881588928283207,0.5158663141349006,19.450931760999893
199,19.217871771918404,-0.8344543945221674,0.5167500783526708,19.53557598780072
200,19.722733210003565,-0.7973848997600494,0.5180205480446891,20.002097508263965
201,20.042627667623854,-0.7011348747071766,0.5198482222973354,20.223914373488654
202,18.895818104819647,-0.8111976517571343,0.5153066785562606,19.191709094577366
203,19.839043647523912,-0.7860276850443038,0.5216316618616619,20.103439603533065
204,19.691990322536892,-0.7110479351073976,0.5213803298889644,19.881657888018896
205,20.106556877257333,-0.6993600470679147,0.5245517080738431,20.28136510697622
206,19.1535515558152,-0.7960567039156717,0.5176356037457784,19.43197256421286
207,18.92286585247706,-0.799031692837912,0.5159680488563719,19.20592951396155
208,19.15707209753612,-0.7973563879255264,0.5167201951382652,19.437708264305478
209,20.042198816935223,-0.6765721922829038,0.5257787704467773,20.192992195250497
210,19.55116726103283,-0.6875206534824674,0.5227977184076158,19.715890188065785
211,19.765145801362536,-0.6918636617206392,0.5278682935805548,19.929141120305136
212,19.393005522470627,-0.7070517407523261,0.5210196030518365,19.579037620907737
213,19.2496519240122,-0.729715623552837,0.5214893628680517,19.457878143068346
214,20.54151613750155,-0.6274489012975542,0.5290649046027471,20.63990014696878
215,19.749821950518896,-0.6516205299468267,0.5272677275869582,19.87417457217262
216,19.042977893163286,-0.7605395979351468,0.5230874073883843,19.28043017311702
217,18.997111381046356,-0.7073987589942085,0.5228352040525467,19.181674911862327
218,20.357161627875435,-0.6247684785297939,0.5299216471021138,20.452008444165426
219,19.506161341591486,-0.67415680204119,0.5261484701482076,19.65416965787373
220,18.822022634839254,-0.7440025484751142,0.5252565528665271,19.040768608214364
221,19.08423578171503,-0.7438478091406444,0.5210138370120336,19.307069748167006
222,19.8781195443774,-0.6095169347430033,0.5333115780164325,19.954324873666916
223,20.11599437774174,-0.5975825540603154,0.5371772642173465,20.17639962453691
224,21.375597333151198,-0.4982996857355511,0.5516873886660923,21.322209645831396
225,19.77674738566081,-0.6136583430426461,0.5370091592508649,19.853396521674263
226,19.37493848043775,-0.6685083517952571,0.5305338610732366,19.51291287134564
227,19.37246286301386,-0.6589822012280661,0.5336022490546817,19.497842697870162
228,21.28313439989847,-0.5698468268863739,0.5481259761348604,21.30485525585356
229,19.533374029492574,-0.6090217734140063,0.5350585740710062,19.607337285601904
230,19.61963008698963,-0.6076851439854455,0.5385852815612914,19.688729937114413
231,19.52979378473191,-0.6028616333764697,0.5329668209666297,19.59968866620745
232,19.10426942128984,-0.6315087004313393,0.5284757429645175,19.207302426534987
233,19.520577688065785,-0.6035169135956537,0.5362999959597512,19.587794591510107
234,20.116993979802206,-0.5258811844719781,0.5456035875138783,20.097271571083674
235,19.805392885965013,-0.5602472415046086,0.535897891199778,19.829742189437624
236,22.540304486713712,-0.30656710882035515,0.576549723507866,22.270321951972115
237,21.717772953094,-0.37557462851206463,0.5662614916052137,21.52708607628232
238,22.501367054288348,-0.3175525930192735,0.5660023698731075,22.252917183770073
239,20.373587532648965,-0.4154300292332967,0.557660741938485,20.231356787303138
240,20.559894773695206,-0.4507638518772428,0.546651606994962,20.464006908356197
241,19.45763911898174,-0.5278031693564521,0.5424264773489937,19.443015810043093
242,19.672752380371094,-0.5276887170852177,0.539576750899118,19.660864300198025
243,20.015609953138565,-0.4926064222578018,0.5399894175075349,19.968226902068608
244,19.79365875607445,-0.5000134592964536,0.5396464632617103,19.754025716630238
245,20.507861667209202,-0.4452392335921999,0.548936284723736,20.404164601886084
246,21.033682808043466,-0.3866454835921999,0.5608141781791808,20.85951420617482
247,19.746410642351425,-0.48030576062580893,0.5433984588062952,19.68331800188337
248,19.9191837310791,-0.4750660506505815,0.5439180514169117,19.850331715175084
249,19.87138687618195,-0.42929763264126247,0.5504866639773051,19.750197789025684
250,22.397389396788583,-0.31671347883012557,0.5783910557391152,22.135711912124876
251,22.02510555206783,-0.2114528805490524,0.5846207752114251,21.65193769666884
252,19.40502266656785,-0.44673174903506324,0.5476069019900428,19.304147599235414
253,19.20567306639656,-0.48596934666709296,0.5417782555496882,19.149864105951217
254,19.353176389421737,-0.48646071789756656,0.544065154734112,19.295571978130038
255,19.86273977491591,-0.4661050315887209,0.5461550066395412,19.782689851427836
256,19.828787152729337,-0.4146453653063093,0.5510982345967066,19.69233443245055
257,19.42111283256894,-0.45709114036862813,0.5500809569207449,19.328123107789054
258,19.359174577016677,-0.4735155597565666,0.5461642699582236,19.28652578686911
259,19.51314838348873,-0.42473415344480486,0.5528717428918869,19.385010734437003
260,20.77405766078404,-0.39755270405421184,0.5641206616447085,20.607489782666402
261,22.122345818413628,-0.2563753582182385,0.5785624101048424,21.800158697461324
262,19.691912757025825,-0.41717699217417886,0.5545425963780236,19.554547143360924
263,19.84289054265098,-0.3745241032706367,0.5553576227218385,19.66205708942716
264,20.391804256136457,-0.3414257537750971,0.5625080882556854,20.17072202288915
265,20.476224869016615,-0.30503705569675993,0.5689297592829144,20.212332074604337
266,19.79591899447971,-0.35354376974559965,0.5567871228096977,19.592675678313725
267,20.449571276467942,-0.2893624882849436,0.5718497298066578,20.167084042988126
268,21.238949760558114,-0.2812855328832354,0.5787018324647631,20.94153346712627
269,20.317837911938863,-0.29210776185232495,0.5699038150764647,20.040041847834512
270,20.676954360235307,-0.32177534935966373,0.5700082305877928,20.42872148846823
271,19.94858672126891,-0.31276012034643264,0.5712639651601277,19.69008285280258
272,19.47985270666698,-0.37279752890268963,0.5628386523042407,19.289811603606694
273,19.497893832978747,-0.38541611414107063,0.562500165095405,19.320809742761035
274,20.725609249538845,-0.28271528368904475,0.5728281334279075,20.435496375674294
275,21.003289358956472,-0.20512100628444127,0.5870035801615033,20.621406797378782
276,19.982912790207635,-0.2988248003853692,0.5690157474979521,19.71272187005906
277,20.507704992142934,-0.27364254281634376,0.5692137413554721,20.212133770897275
278,20.05438610864064,-0.28042699798705084,0.5757856704885997,19.759027450803725
279,20.72354961576916,-0.2714896353464278,0.5783873787001957,20.41665192255898
280,19.97970360044449,-0.2845764538598439,0.5775964870339348,19.686683594234406
281,20.920202981858026,-0.2247675723499722,0.5902809935902792,20.554689589000883
282,19.9006466941228,-0.28265340933724054,0.5725418561034732,19.610758342440167
283,20.213545269436306,-0.26465667524035014,0.5764166987131513,19.901785229879714
284,19.951723795088512,-0.27369637527163065,0.5804208550188277,19.64499927702404
285,21.056321825299943,-0.15538145720012606,0.5879147521087101,20.623788530864413
286,20.903156159416078,-0.16756310538640098,0.5836699893550267,20.487049163333953
287,19.852048964727494,-0.23286184810456775,0.5814453060664828,19.503465501088943
288,21.249665214901878,-0.1943330301178826,0.6021062149887993,20.84189218188089
289,20.478183534410263,-0.17655726273854574,0.5992145878928048,20.05552615816631
290,19.67104596940298,-0.26127333678896464,0.5810421620096479,19.351277215140207
291,20.362244500054253,-0.2120546651264978,0.5877833943518381,19.986515680948894
292,22.08633680192251,-0.06818324611300514,0.6168524764832997,21.537667562091162
293,22.993677169557603,-0.00582645715229095,0.6494735857797047,22.350030081612722
294,20.096468365381636,-0.18327733259352427,0.5937436024347941,19.68600200471424
295,20.387396070692276,-0.1463884294979156,0.5957170810018267,19.938067239428324
296,20.479917617071244,-0.1763364038770161,0.5977195392525385,20.058534440540132
297,20.47349063933842,-0.18529225436467972,0.5974354852759649,20.06134741646903
298,20.236522432357546,-0.15561950017535497,0.597468512398856,19.794673495822483
299,20.42884772164481,-0.1408677507960607,0.5980903033226256,19.971625191824778
300,20.898607738434322,-0.14746456392227658,0.603242755409271,20.44282943483383
301,22.384754907517205,-0.007722198963165283,0.6470085448688931,21.74546862405444
302,19.875340779622395,-0.12369056164272248,0.603512324038006,19.395519014388796
303,20.092062359764462,-0.17473078341711135,0.5990618930922614,19.66773123968215
304,20.37183292328365,-0.13815185001918248,0.6053694779910739,19.90461534167093
305,19.795640279376318,-0.16579024753873312,0.6023443416943626,19.359086233472066
306,19.817934702313135,-0.1855497057475741,0.5964508501310197,19.407033526708208
307,20.244770867483957,-0.150674873874301,0.6063893806366694,19.789056323823473
308,20.397384673830064,-0.11954436888770452,0.6063252829370045,19.910603780595082
309,19.81766812763517,-0.1637968969723535,0.607027245419366,19.3744377257332
310,20.6708317408486,-0.10196494677710155,0.6163707157922169,20.156426111857098
311,20.84497902885316,-0.05638130789711362,0.619398159640176,20.28196222819979
312,20.890922516111342,-0.02254916845806061,0.6182183065111675,20.29525348118373
313,21.127236532786537,-0.017839194290221683,0.6316225320573837,20.51345325651623
314,21.978978929065523,0.06549419297112359,0.6554094486766391,21.2580752599807
315,20.27696939498659,-0.06925732843459599,0.624384029517098,19.72184265984429
316,20.91246931893485,-0.027033211692931162,0.6223863878893474,20.317116116720534
317,20.641181976076158,-0.04310492863730779,0.6268090634118944,20.057477890499054
318,21.73079360477508,0.027779585785335965,0.6325807831590138,21.070433298746746
319,21.807691786024307,0.06508354062125796,0.6463087598482767,21.096299398513068
320,20.817858287266322,0.0015629198816087511,0.6255080089682624,20.19078733050634
321,21.40585478525313,0.09766656538796803,0.6412713925043741,20.66691692291744
322,20.564624695550826,-0.004805857226962135,0.6239034419968015,19.945527182685005
323,22.090274175008137,0.13152963585323757,0.6551656552723476,21.303578936864458
324,20.415125589522106,0.010921893611786858,0.6251269891148522,19.779076591370597
325,21.551523693024166,0.09053772498690893,0.6496323578887515,20.811353774297807
326,21.39182614523267,0.10828484807695661,0.6425338633476742,20.641007529364693
327,20.9459412287152,0.056790173053741455,0.6351555708854918,20.253995501805864
328,22.02981397840712,0.14880870353607906,0.6598656877638802,21.221139514257036
329,21.68416292705233,0.12490034103393555,0.6410705882405477,20.918192000616166
330,22.69076374598912,0.2030717252738892,0.6593926274587237,21.82829935588534
331,20.761322142585875,0.07375815368833996,0.6399834184419542,20.047580628168014
332,22.19950218806191,0.144036522933415,0.6560859249697791,21.399379821050736
333,21.799408019535125,0.1642193751675742,0.6541993334179833,20.980989335075257
334,21.855003145005966,0.22132669223679435,0.6475791051274254,20.98609751746768
335,21.751961783757285,0.1698347112489125,0.6474378932090032,20.934689173622736
336,21.108815662444584,0.13033503010159447,0.6361310926694719,20.342349491422137
337,20.728088409181627,0.08321575891403925,0.6266596847110324,20.018212969340976
338,20.93615668160575,0.10632746465622432,0.6281936944477142,20.20163563319615
339,21.101538309975275,0.1035024258825514,0.6202633399812002,20.37777252802773
340,22.03505298069545,0.18392723231088548,0.6372988488939073,21.213826981801834
341,21.48854022555881,0.12579499161432658,0.620322709045713,20.742422588287837
342,20.977991104125977,0.1008496710232326,0.6266998506727672,20.250441505795433
343,21.382056251404777,0.13550890438140384,0.626896842131539,20.61965046231709
344,20.91191894289047,0.13304255216840713,0.617577092042045,20.161299357338557
345,22.411104535299636,0.23649905503742277,0.6507494279316494,21.52385599651034
346,22.326166062127974,0.3115057817527226,0.6603651491422502,21.354295064532568
347,22.872474730960906,0.2710870395577143,0.6788131594657898,21.92257451254224
348,23.107384696839347,0.2679059235822587,0.688259240180727,22.151219504220144
349,21.59394173395066,0.2093608019843934,0.6384510501982674,20.746129898797896
350,22.154501930115714,0.2812841260243976,0.6563177903493246,21.21690002320305
351,21.83353757101392,0.26623012291060555,0.6429022068069095,20.92440532502674
352,21.535037449428014,0.2582274523992387,0.6288995071062966,20.647910496545215
353,21.269127800351097,0.17691732682879008,0.6191314193937514,20.473079106164356
354,22.58581630767338,0.2972613890019674,0.6495623881854709,21.63899246094719
355,21.319121133713494,0.21073443407104128,0.6208448797937424,20.487541955614848
356,22.269632854158917,0.2840828394132947,0.6357107408463009,21.34983922564794
357,22.396798966422914,0.3699700751947978,0.6412865812816317,21.385542400299556
358,21.086138165186323,0.20939498099069748,0.6038842390454005,20.27285899813213
359,21.10392709762331,0.2072998843495808,0.6019003362882704,20.29472684103345
360,21.48765730479407,0.23932335017219422,0.6165625084014166,20.631771390400235
361,22.053777452499148,0.26801940940675284,0.6099391589089046,21.175818882291278
362,22.758552793472532,0.3307364053196377,0.6364064935653929,21.791409992036364
363,21.909451984223864,0.26607494411014376,0.6124115799154554,21.030965411473833
364,21.510859928433856,0.23088266168321883,0.6197268423579988,20.660250466967387
365,22.088178483266677,0.3251402680836027,0.6382739610142178,21.12476430620466
366,22.03082487318251,0.3264312015639411,0.6192831491667127,21.085110558403862
367,22.332847262185716,0.3813811166891976,0.6218550673552922,21.329610975961838
368,21.575551502288334,0.27975434632528395,0.5960905287000868,20.6997066679455
369,21.037288574945357,0.26577007675927783,0.592063894347539,20.17945453098842
370,21.33525276184082,0.29910959327031694,0.5887308229529669,20.44741233946785
371,23.123623408968488,0.37199195557170445,0.61095168477013,22.140679858979723
372,22.744741500370086,0.4044757021798028,0.6285289081316145,21.7117367396279
373,21.645331518990652,0.28055735192601644,0.5930336699599311,20.77174050467355
374,22.63823103526282,0.4064859970221444,0.621528421602552,21.61021665542845
375,22.87399803646027,0.4012268431602962,0.6239169604248471,21.848854246593657
376,22.210922392587815,0.35759167349527754,0.5994020974825299,21.253928653777592
377,21.747571914915053,0.3750211937086923,0.593314465549257,20.7792361425975
378,22.288560534280442,0.3712356364916241,0.588169852419505,21.32915502881247
379,22.033466551038956,0.377160216134692,0.5833676495249309,21.072938586038255
380,21.814172775026353,0.344983585770168,0.5818898020282625,20.887299492245628
381,22.07497987293062,0.40145624298898,0.5897697948274159,21.083753737192307
382,22.691380334278893,0.4220332105954488,0.5756241735957918,21.693722891429115
383,22.432005110241118,0.40680219256688677,0.5772721388983348,21.44793080526685
384,22.468055967300657,0.4269591300260453,0.6027262570366027,21.438370598687065
385,22.128290660797603,0.4221063998956529,0.5567930932082827,21.14939114404103
386,23.265485248868426,0.4413341610204606,0.584979090898756,22.239171890985396
387,23.18822679065523,0.46170434781483244,0.5873276047290318,22.13919473072839
388,23.292233209761363,0.49860006665426587,0.602374907050814,22.19125823369102
389,22.81840036785792,0.47923596226979814,0.5708687423713623,21.76829565139044
390,22.702920187087287,0.4428968822199201,0.5572669307390848,21.702756336757115
391,22.707629521687824,0.4549228232058268,0.5691392516332959,21.68356741042364
392,23.78005487956698,0.5245066658845023,0.6118869455087752,22.643661317371187
393,24.519038487994482,0.5375121784588647,0.6463751561111875,23.33515112740653
394,23.91070638384138,0.5178816105638232,0.5837471612862178,22.809077641320606
395,22.48316958593944,0.42099807375953313,0.567461886103191,21.494709650675457
396,22.98790008302719,0.5069622392692263,0.5758026228064582,21.905135260687935
397,22.321980097937207,0.43302586674690247,0.5639991419655936,21.324955137949143
398,23.890256276206365,0.5028086035024553,0.5985500041454558,22.78889777168395
399,23.943669152638268,0.5574148302040403,0.6040180916824038,22.782236280895415
400,23.563331846206907,0.5236275867810325,0.5978696067181845,22.441834767659504
401,24.292866146753706,0.5762004123793708,0.610080384545856,23.106585336109948
402,24.372168344164653,0.5897761763088287,0.6169618420184605,23.165430311172727
403,24.02281125386556,0.5455218397435688,0.6052029194339873,22.872086449274942
404,24.160639293610103,0.5631774124645051,0.6307667966872926,22.96669505891346
405,25.25084077744257,0.5969400722829122,0.6825026131811596,23.971397975134472
406,24.767753873552596,0.5743482992762611,0.64338527927323,23.550020308721635
407,24.131438028244744,0.5579309903440022,0.6339339807866111,22.93957301548549
408,24.869413375854492,0.6546651862916493,0.6658476184284876,23.54890057397267
409,24.008676528930664,0.5734895926619333,0.6372671472647834,22.797919772920153
410,24.222461700439453,0.5293456183539497,0.6400682084144108,23.05304787650941
411,25.836928201100182,0.6536098808523209,0.7024316806641836,24.480886610727463
412,25.645362884279283,0.6401870515611436,0.7133572148898292,24.29181870960054
413,25.36202863662962,0.6151286756235456,0.6892763423541236,24.05762369670565
414,25.170751450553773,0.6736411887501913,0.6996888433183942,23.797421561347115
415,24.16761525472005,0.5998582589247871,0.667568254092383,22.900188809349423
416,24.47115328955272,0.5927024701284984,0.6745196954598502,23.203931021311927
417,24.671257291521346,0.5994013614124722,0.6466975344551934,23.42515842498295
418,27.033696220034646,0.6398070128191085,0.7591169353515382,25.63477237640865
419,25.24102758982825,0.5853766136699252,0.7002448250376989,23.955406098138717
420,24.52553827800448,0.5519382007538326,0.6517818106545342,23.321818427434042
421,24.427025083511595,0.5895841244667296,0.6694564772030663,23.16798452347044
422,25.27125979226733,0.591531965467665,0.7088498302868435,23.97087796529134
423,25.670400680057586,0.6556978178402734,0.7438184562183562,24.270884468441917
424,27.065950423952135,0.6794300419943673,0.7844705373521835,25.60204984271337
425,25.387731037442645,0.615486619018373,0.7267142619405474,24.045530198112367
426,25.026995462084574,0.5907873653230213,0.6858717259906587,23.750336359417627
427,25.624981471470424,0.5953224443254017,0.7401086205527896,24.289550387670122
428,25.948938248649476,0.6435360823358808,0.7645013436438546,24.540900790502153
429,25.619048375931996,0.6229629488218398,0.7175872803680481,24.278498059227353
430,25.81827215164427,0.5859072927444701,0.704731926085457,24.527632879832435
431,25.327560878935316,0.5884312187868451,0.7061511732283092,24.032978330339706
432,26.05481168958876,0.6232970896221343,0.7604932406591991,24.67102138579838
433,26.03197125026158,0.6266454462967221,0.7175163177270738,24.687809656536768
434,25.2717348431784,0.6084066889588795,0.6995917445137387,23.96373642815484
435,25.421941787477525,0.5970035564331782,0.7221917860091679,24.102746479094975
436,25.45860375298394,0.6048463658680991,0.7202450756042723,24.13351219419449
437,25.060480026971724,0.5855308752211313,0.7037978711582366,23.77115125504751
438,26.159406934465682,0.6584726084792425,0.7317816142051939,24.7691527472602
439,25.13653528122675,0.6153517460066175,0.6981934223856244,23.82299002390059
440,25.795668617127433,0.6403475734922621,0.7057375713946328,24.44958347744412
441,25.21005506364126,0.6077265909739903,0.6851211114535256,23.91720738486638
442,25.919741282387385,0.6914988221630217,0.711088100123027,24.517154390849765
443,25.845882779075986,0.6620532491850475,0.6961020557653337,24.487727543664356
444,25.900588807605562,0.6296060336014581,0.7332447625341869,24.537738012889076
445,25.34267867557586,0.5990023050043318,0.6844411662646702,24.059235254923504
446,25.230316404312376,0.5942642442763798,0.6753133204248216,23.96073880271306
447,25.48056487431602,0.6221336523691813,0.6857959112477681,24.17263536604624
448,25.958703631446475,0.6843637928130135,0.7303162694923462,24.54402348351857
449,25.19369876195514,0.5971935282623957,0.6663471394115024,23.930158070155553
450,26.3694401392861,0.9173313355635083,0.6786016665753865,24.773507072812034
451,26.011144183930895,0.657115031802465,0.634161986528881,24.7198671310667
452,25.589933698139493,0.6459552541611686,0.6338050346525889,24.31017333742172
453,25.11950738089425,0.6134365527402788,0.6190501484606001,23.887020716591486
454,25.010305737692214,0.6210121384688786,0.6102275488868593,23.779066176641557
455,25.01477789500403,0.6078699746775249,0.5822475888426342,23.824660376896933
456,24.934716270083474,0.6022373996083699,0.6012913684050242,23.73118751768082
457,25.015025789775546,0.6073583591552008,0.6149964767789083,23.79267102196103
458,25.124766274104044,0.5985272313867297,0.6046713074994465,23.921567674667116
459,25.11540170699831,0.6009342083855281,0.6229835095859709,23.891483942667644
460,25.020198186238606,0.602689886850024,0.604649323319632,23.81285900539822
461,25.424545500013565,0.6214162915472,0.6680725046566555,24.13505657135494
462,25.86715907142276,0.6265045201021527,0.6992125009733533,24.54144211420937
463,25.0551822299049,0.5880069685360741,0.647867265674803,23.819307902502636
464,25.121142341977073,0.6219474318481627,0.6201641815049308,23.87903074234251
465,24.74632980709984,0.6112011585916791,0.61990934468451,23.51521937052409
466,24.446595146542503,0.6003381884287274,0.5763188084912678,23.26993830241854
467,25.222837448120117,0.7258536475045341,0.5940280348535568,23.902955675882005
468,24.641218003772554,0.6091407021832844,0.5932440303620838,23.43883320641896
469,24.11341182769291,0.5615761866645207,0.5690854409384349,22.98275015089247
470,24.95151126195514,0.5625219065991659,0.6233382050007109,23.76565118819948
471,25.35708042931935,0.6805515402839297,0.5963053471512265,24.08022341652522
472,24.068302517845517,0.596774582351957,0.5741449064678616,22.897383069235183
473,23.79726225232321,0.587948264110656,0.5196576558408283,22.68965633331783
474,24.512025833129883,0.6036615570386251,0.5603706732628837,23.34799351767888
475,24.09431024581667,0.6229503613615793,0.5580848980517614,22.913274976942276
476,24.33882552858383,0.5868297928855533,0.5559387670622932,23.1960568503728
477,24.094262077694847,0.5728637973467509,0.5612975420459868,22.960100718906947
478,24.168833778018044,0.5452488859494528,0.5752462820401267,23.048338572184246
479,24.303356866987926,0.5799058453431205,0.5667145417796241,23.156736373901367
480,24.583143022325302,0.5914346760227567,0.5667893181717585,23.42491906786722
481,24.011734977601066,0.5420328085384671,0.5492861370245615,22.920416029672776
482,24.126229846288286,0.5656446114418998,0.5514722102218204,23.009113009013827
483,23.72153612167116,0.5620364362285251,0.5526808921306853,22.60681891062903
484,24.4313538869222,0.6093688593024299,0.5622717052225082,23.25971327887641
485,24.014956973847887,0.5741609595124684,0.5283412058202047,22.91245478675479
486,24.592561812627885,0.5955115296537914,0.5715577659152803,23.425492362370566
487,23.994340442475817,0.6094259439952789,0.5226757729810382,22.86223850552998
488,22.954243220980207,0.5163592582657224,0.482513953295965,21.95537000989157
489,23.555076901874845,0.5472699138853285,0.488362491840408,22.519444420224143
490,24.279107108948722,0.6014881280679552,0.5407704786648826,23.13684854053316
491,23.603061282445513,0.5588778257369995,0.5198013020886315,22.524382121979244
492,23.63483958774143,0.5750294464921194,0.507754659841931,22.55205554053897
493,25.83063340565515,0.8131363987922668,0.5954161693179418,24.422080812000093
494,23.22028923034668,0.578040547787197,0.48127223858757623,22.16097647046286
495,22.784664032951234,0.5198369215405176,0.46922905293722,21.79559810577877
496,23.536440591963512,0.5533528488779825,0.47150770397413344,22.511580119057307
497,23.626406805855886,0.575324580309883,0.4940799980882614,22.557002203805105
498,23.512089138939267,0.5942019985781776,0.45921181497119723,22.45867541479686
499,23.844831618051682,0.607870134096297,0.4864222024168287,22.750539386083208
500,22.753163655598957,0.5026505428647238,0.45531883457350353,21.79519438365149
501,23.947608311971027,0.6209238682474408,0.5609092466414921,22.765775226411364
502,23.02353952801417,0.5674615109723712,0.45944058563974166,21.996637465461852
503,22.417709986368816,0.49628419677416485,0.44904832849426873,21.472377625722732
504,22.584552159385076,0.4880750751684582,0.46901917457580566,21.627457966880193
505,23.162902044871498,0.5771876895238482,0.46378145094901796,22.121933043949188
506,22.942685596526616,0.5504202284510173,0.46658486790127224,21.92568055410234
507,22.828308438497878,0.5243849437388163,0.4686566212820628,21.83526687016563
508,23.487056005568732,0.5581120990571522,0.5172064810518234,22.411737623668852
509,22.92156204344734,0.560889446546161,0.47349908924292006,21.887173486134362
510,23.743085255698553,0.6413660333270118,0.500252730316586,22.60146655733623
511,24.414208851163348,0.7054969975872646,0.5266691720674909,23.182042681981645
512,22.947792355976407,0.5774875264319163,0.4741338560032466,21.896170964316717
513,22.458030761234344,0.5528479876026274,0.43952897569489857,21.465653828212194
514,23.946359271094913,0.634827058466654,0.48792253387352774,22.82360982138013
515,23.28678996979244,0.5694285881897759,0.4766107258342561,22.240750751798114
516,22.558596989465137,0.5197416122943636,0.45393308429490953,21.584922275845965
517,22.57505380539667,0.545213194120498,0.45198680365842486,21.57785373263889
518,22.863269382052952,0.5740351662749336,0.46570575663021635,21.8235284411718
519,23.088571306258913,0.5724869928662739,0.4759022517809792,22.04018217419821
520,22.506744899447003,0.518259552736131,0.4368940388399457,21.551591297936817
521,22.490976121690537,0.5301556487878164,0.43979145846669637,21.521028912256636
522,23.092186609903973,0.5233228892560989,0.5116403968561263,22.057223304869638
523,23.442976421780056,0.6142212143020024,0.507757383206534,22.32099787394206
524,23.383593574402823,0.6519391631323194,0.5360267838788411,22.195627666655042
525,22.974477828495086,0.5664014324309334,0.47520559411200264,21.93287089514354
526,22.470253596230158,0.5290704932477739,0.4588712065938919,21.4823119753883
527,22.290411934020028,0.4979186696665628,0.47008688156566925,21.322406466045077
528,22.62467466081892,0.5155640977715689,0.4645333502973829,21.64457726857019
529,23.307080435374427,0.5584066983253236,0.500344527146173,22.248329223148406
530,22.83135105314709,0.5569597984117175,0.495595592828024,21.778795575338698
531,22.267069559248668,0.5043853502424936,0.4590930039920504,21.303591380043635
532,24.122081090533545,0.6658042134746672,0.5026238414030226,22.95365312364366
533,22.509506437513565,0.5430915568556104,0.47566496521707563,21.490749934362988
534,22.139849042135573,0.5274185855237264,0.44325944497471764,21.169171166798424
535,22.105738443041606,0.507526073190901,0.44062519830370706,21.15758726331923
536,22.126229664636035,0.5113306036071171,0.4534796764926305,21.1614193083748
537,22.573006221226283,0.5238770714827946,0.45452757085126544,21.594601555476114
538,22.619229392399863,0.5803343928049481,0.4608668571426755,21.578028058248854
539,22.239749151562886,0.5550463138118623,0.4366115577637203,21.248091410076807
540,21.843508311680385,0.49187155517320785,0.4312856923493128,20.920350998167006
541,22.711217456393772,0.5575281182924906,0.48588638054946115,21.667803052871946
542,23.193281476459806,0.6305543610027858,0.4920766902348352,22.07065046401251
543,22.05986580016121,0.5184554462395017,0.419884325019897,21.121525930979896
544,21.91634844219874,0.5326030382088253,0.4201787038454934,20.963566704401895
545,21.746919692508758,0.5092296590880742,0.41751968009131296,20.820170357113792
546,22.51551876370869,0.5672679089364552,0.45542755912220667,21.49282319205148
547,21.950415868607777,0.5272916943307907,0.42827971445189583,20.994844376094758
548,21.58923706175789,0.5100001366365523,0.4235861360553711,20.655650789775546
549,21.927540521773082,0.5165412856472863,0.42844561641178436,20.982553663707915
550,22.31701193915473,0.5207909402393159,0.4407490605399722,21.355472050015887
551,21.66973050435384,0.5077551092420306,0.41220204437535907,20.749773449367947
552,21.26731360904754,0.44860782604368904,0.41391569659823463,20.404790151686896
553,21.8648197234623,0.5032783954862564,0.42942362645315746,20.93211779518733
554,21.50693745083279,0.4797644109006912,0.4182849185807364,20.60888808114188
555,21.95489444429912,0.5126487574880085,0.44913760962940397,20.993108022780646
556,22.026383960057817,0.5587375826305814,0.43109968588465736,21.03654664660257
557,21.554124317471942,0.5153559697052789,0.4261873350256965,20.612580950298007
558,22.080978605482315,0.5138255598999205,0.43783032421081786,21.129322596958705
559,22.161103021530877,0.5249494233774761,0.42177295826730277,21.214380657862105
560,21.80778582133944,0.5043057993290916,0.41466393168010407,20.888816197713215
561,22.088422018384176,0.5315884597717769,0.4036406422891314,21.15319297427223
562,22.121707280476887,0.5524064165259165,0.43084679331098286,21.13845407395136
563,21.80852899097261,0.5246414277288649,0.4166855878300137,20.86720203218006
564,20.763179082719105,0.4452043714977446,0.39120436471606057,19.926770437331427
565,21.57054528735933,0.5150014426973131,0.4037139694842081,20.65182982550727
566,22.107596018957715,0.5192706140260848,0.4305320514572991,21.157793347797696
567,22.12178557259696,0.5480651538523417,0.41468881212529685,21.15903173174177
568,20.777534454587904,0.42664673924446106,0.383288235891433,19.967599384368413
569,21.35432019309392,0.46662138851862106,0.4057243551526751,20.48197443523104
570,21.293610587952628,0.5337469416951376,0.40259719438969144,20.35726628984724
571,21.053721049475293,0.4726739539986565,0.38779281742042965,20.193254228622195
572,20.83634873042031,0.44044908739271615,0.37387783068513114,20.022021914285325
573,21.628124933394176,0.4997621902397701,0.39023023418017794,20.738132446531264
574,21.33262228587317,0.49133985572391087,0.38550688917674714,20.455775609092107
575,20.741531614273313,0.42905037034125554,0.36765010607621024,19.944831091260152
576,21.533435518779452,0.5316890620049977,0.40075352173002937,20.60099295964317
577,21.043040260436044,0.4592121858445425,0.3762349143387779,20.2075931609623
578,20.675190426054456,0.42011963942694286,0.3659019659435938,19.88916878473191
579,21.43765685671852,0.48747485119198997,0.3925081370841889,20.557673953828356
580,21.471844385540674,0.5413644980816614,0.3945800378209069,20.535899934314546
581,21.013676355755518,0.4820463704684424,0.3753055889928152,20.156324416872057
582,20.565952391851518,0.435190773199475,0.384589565415231,19.74617192101857
583,21.41068016536652,0.47620157921125017,0.40966537925932145,20.524813091944136
584,23.392366530403258,0.6350789249889435,0.5116437716143472,22.245643797374907
585,21.098043472047838,0.5085465316734616,0.4041533212340067,20.18534354558067
586,20.61380598280165,0.4473030311720712,0.3963712288273705,19.770131701514835
587,20.513213414994496,0.441574736246987,0.38495211279581465,19.686686530945792
588,20.272772047254776,0.40247641622074065,0.3685691077557821,19.501726483541823
589,20.592957632882253,0.44837225334984915,0.36654632668646553,19.778038993714347
590,20.614809005979506,0.44622741048298187,0.38395041605782887,19.784631153893848
591,21.022797418019127,0.4566586717726692,0.39816586838828194,20.167972867451017
592,21.332380143422927,0.4698180594141521,0.4120982327158489,20.450463764251225
593,20.800419519818018,0.4547980044569288,0.37169958532802644,19.973921942332435
594,20.602255291408962,0.47305993049863787,0.374678384926584,19.754516934591628
595,20.776490953233505,0.4675675252127269,0.3765927784972721,19.9323305705237
596,22.981518033951048,0.6702103113371228,0.4463537914885415,21.86495390392485
597,22.925628298804874,0.6943729373197707,0.39861891477827044,21.83263633364723
598,20.47118892366924,0.4686163654403081,0.34970884167012717,19.65286363874163
599,20.255848657517205,0.4310780394644964,0.35100679596265155,19.473763844323535
600,20.662786181010897,0.44709543765537324,0.3532271867706662,19.86246345156715
601,22.162107921781995,0.5865579834060063,0.4365047060308002,21.13904523092603
602,21.680735784863668,0.542534884006258,0.4126141236888038,20.725586785210503
603,20.838736276777965,0.5138086042706929,0.37276145271838657,19.952166360522074
604,21.120929233611577,0.48799017166334485,0.3872831593903284,20.245655937800333
605,20.901895734998917,0.5058194649597955,0.3909672427745092,20.005108999827552
606,20.084369417220827,0.4138104570290399,0.3478200066657293,19.322739041040816
607,20.47202658274817,0.46354981641920784,0.3681347204579247,19.640342167445592
608,20.012737001691544,0.4215744241835579,0.3512690594745061,19.239893474276105
609,20.138021605355398,0.3911410229546683,0.3559089331399827,19.390971668182857
610,20.4398251790849,0.42973964176480733,0.34992417835053946,19.660161427089147
611,20.473911951458643,0.4279915013956645,0.364404581605442,19.681515769352988
612,20.679755846659344,0.48184127135882304,0.3827556423724644,19.815158919682577
613,21.355425274561323,0.5326401624414656,0.3987109585413857,20.424074082147506
614,21.468184304615807,0.5809626006890857,0.3860069009519759,20.5012148599776
615,20.585099265688942,0.7385044310774121,0.40138191505083964,19.445212954566593
616,20.540926252092635,0.5559812822039165,0.4126941287328327,19.572250880892316
617,21.8386043064178,0.5667797558837466,0.4348917189571593,20.8369329240587
618,20.33071487668961,0.47490024613955667,0.3921559923698032,19.463658650716145
619,20.155357814970472,0.4447102229746561,0.39161025791887255,19.3190372709244
620,20.774193657769096,0.503429270925976,0.4148186052602435,19.85594561743358
621,20.44723656063988,0.45802434711229234,0.3922696014245351,19.5969426896837
622,21.21586717878069,0.5625361246722085,0.39606612140224096,20.257265030391633
623,20.65734645298549,0.48810294554347083,0.3774590955840217,19.791784407600524
624,20.467667231484064,0.4645307139744834,0.34845926104083896,19.65467713371156
625,21.5562381441631,0.5583119103832851,0.4158098224609617,20.582116323804097
626,20.63502980792333,0.5084440764926729,0.38462209039264256,19.741963643876332
627,20.108306370084247,0.4403959749236939,0.36444572040012907,19.30346467759874
628,19.772935367765882,0.41324175823302495,0.35826793478594887,19.001425622001527
629,21.201402755010697,0.5017776881891584,0.3880428009563022,20.31158223227849
630,20.523416216411288,0.4989880190955268,0.41156495800094,19.612863086518786
631,19.422505060831707,0.3927971645007058,0.34159761714556863,18.688110275874063
632,19.528172326466393,0.3780479355463906,0.3469267463873303,18.803197785029337
633,20.6979307447161,0.4757115136063288,0.42001259705377003,19.8022066600739
634,21.431693546355717,0.5877336443416656,0.41714243094126385,20.426817409575932
635,20.810919443766277,0.5134697277394552,0.40552507743002875,19.891924570477197
636,20.365129531375946,0.499542806829725,0.4041524657181331,19.46143428863041
637,19.568542374504936,0.3901684856604016,0.3529877743077657,18.825386123051718
638,20.148224997142005,0.447687333065366,0.37771039586218574,19.322827202933176
639,20.003273691449845,0.4713059725269439,0.3317332088001191,19.200234640212287
640,20.943937029157365,0.5496278078783126,0.38606538044081795,20.008243818131703
641,19.791322193448504,0.4902884685803974,0.35098485790547873,18.95004897647434
642,19.149536041986373,0.38134548257267664,0.3285311928817204,18.439659239753844
643,19.779147602262952,0.411595061184868,0.34045967885426115,19.02709290337941
644,20.29174153766935,0.48480448741761467,0.3529445867216776,19.45399248032343
645,19.785356582157196,0.4263296184085664,0.3507153625999178,19.008311529008168
646,20.70239170013912,0.504250148932139,0.3753705176096114,19.822771072387695
647,19.829585514371356,0.4301582229515863,0.34435465411534383,19.0550726935977
648,19.42573386903793,0.39814538993532694,0.33333216205475824,18.694256358676487
649,20.32965878077916,0.46258152430019683,0.34448479967457907,19.522592514280287
650,19.74331431918674,0.3927643800538684,0.35528169714269187,18.99526820107112
651,19.898739375765363,0.4266527517447396,0.36414713306086405,19.107939371986994
652,20.049932237655398,0.45227301499200245,0.3669771206757379,19.230682251945375
653,19.825563794090634,0.4061288053081149,0.34782932698726654,19.07160565209767
654,19.532931433783638,0.4274597844434163,0.3403842503589297,18.765087400163925
655,19.438912921481663,0.37523137245859417,0.34687169180029914,18.716809893411302
656,19.999609795827713,0.4493067903178079,0.35459502206908333,19.19570795694987
657,19.586246884058394,0.43726055205814424,0.35700184674490065,18.79198440672859
658,20.634064659239755,0.48522417933221845,0.4197800563914435,19.729060369824605
659,19.99200391012525,0.4261836244000329,0.3865331255254291,19.179287335229297
660,19.544651939755393,0.3838055157472217,0.3621263340825126,18.79872002677312
661,20.041839599609375,0.4604971943393586,0.3606535406812789,19.22068889557369
662,19.214586742340572,0.3672692912911612,0.34619769099212827,18.501119810437398
663,19.771581074548145,0.4353228930443052,0.3532556439675982,18.983002496144127
664,20.00554240696014,0.45001449140291366,0.349417249361674,19.20611062125554
665,19.204735407753596,0.39407368075279964,0.34614938828680253,18.46451232546852
666,19.247805368332635,0.36930027982545277,0.3397617330626836,18.53874339754619
667,19.376594588870095,0.4155485625304873,0.3537810423544475,18.607264988006108
668,21.376929510207404,0.5804396740027836,0.39859382689945283,20.397896055191282
669,19.395149654812283,0.42860577030787395,0.362002661067342,18.60454130929614
670,18.40689295814151,0.2989954740282089,0.31567033368443687,17.792227154686337
671,18.61931087857201,0.33752857030384126,0.31729433721020106,17.964487938653853
672,19.42472459399511,0.37419937338147846,0.34145016471544903,18.709075125436936
673,21.370769924587673,0.4983946028209868,0.4136159902527219,20.458759338136705
674,20.969108914572097,0.5047928984203036,0.37751476939708467,20.086801317003037
675,19.794688996814546,0.4800207789928194,0.34797314471668667,18.966695149739582
676,19.514514771718826,0.4291785108664679,0.3474295371108585,18.737906743609717
677,18.69964747958713,0.34718571106592816,0.3285713427596622,18.023890404474166
678,19.65048611353314,0.48356350357570344,0.3461893198509065,18.8207332368881
679,19.388656707037065,0.45652251773410374,0.34692571749762885,18.585208438691637
680,18.885087649027508,0.35773938090082197,0.31626941902296885,18.211078795175705
681,18.959193032885356,0.387551633611558,0.3302368103038697,18.241404639350044
682,20.863983214847625,0.5073139057272956,0.366914485182081,19.9897548584711
683,19.18499655950637,0.38729524470510934,0.33623390467393965,18.461467349340044
684,21.732927564590696,0.6511714519962432,0.413023632197153,20.668732567439005
685,19.24719032408699,0.4228810053023081,0.3415961785921975,18.48271307869563
686,18.245127541678293,0.31130072805616593,0.3196291031818541,17.614197625054253
687,19.846944248865523,0.5084443007196698,0.3625349745390907,18.97596498519655
688,19.06870427207341,0.38456415846234276,0.34406270394249566,18.340077491033647
689,20.394185989622084,0.5751067603391314,0.38076817327075535,19.43831121353876
690,19.813893060835582,0.47585708943624344,0.3472031151491498,18.990832919166202
691,19.37758936200823,0.4219336694195157,0.3316548450125588,18.624000912620907
692,18.6133609650627,0.35043269868880983,0.3205258725654511,17.942402385530016
693,18.589491087292867,0.33257635670994956,0.31657461869338205,17.940340042114258
694,19.23047725738041,0.3804618295222994,0.3277859191099803,18.52222934601799
695,19.30168142772856,0.42084225823008825,0.3344639057204837,18.546375244382826
696,19.262223712981694,0.43857848171203856,0.32654550009303623,18.497099861266122
697,18.398491314479283,0.33071116937531364,0.31923850755842903,17.748541559491837
698,18.908959706624348,0.41041745836772614,0.3236431001670777,18.174899161808074
699,18.373376725211976,0.33172071169293116,0.30632544841085163,17.735330657353476
700,19.770998863946822,0.41394239096414476,0.3686577786528875,18.98839867304242
701,19.89307349068778,0.43437546728149296,0.3804569383935323,19.07824104551285
702,18.67280902559795,0.3726975198776003,0.316012014235769,17.984099433535622
703,18.611324946085613,0.34376229038314216,0.31799178866166916,17.94957079206194
704,18.426081551445854,0.33381607608189656,0.320574857649349,17.77169044434078
705,19.07896483890594,0.3764649454563383,0.34190362076910713,18.360596293494815
706,19.473059926714217,0.441456752637076,0.3445485730965932,18.687054452441988
707,18.661629616268097,0.3279302654758332,0.33598684933450484,17.99771257430788
708,18.35049075172061,0.32957690055408173,0.3053533515286824,17.7155605951945
709,18.466300313434903,0.3437552158794706,0.30302031622046516,17.819524870978462
710,19.225121891687788,0.42123942053507246,0.34319524466991425,18.4606871529231
711,17.903832284231033,0.2779000761016967,0.3042779283391105,17.321654228937057
712,18.427198743063308,0.34819142638690886,0.3162688747757957,17.76273840949649
713,18.464796141972617,0.3265927325165461,0.31051736218588694,17.82768614329989
714,19.044834545680455,0.3705600249388861,0.3295081371352786,18.344766268654475
715,19.201664364527144,0.3711091497587779,0.33325022151545874,18.497305007207963
716,19.65302885146368,0.3959376097671569,0.36194025358510395,18.895151062617227
717,19.65743537176223,0.41024902321043466,0.3536037050542377,18.893582646808927
718,18.5421970155504,0.34172163028565666,0.31021793257622493,17.890257441808306
719,18.381685817052446,0.32414827838776605,0.2995206633257487,17.758016934470525
720,18.662595991104368,0.35900201967784334,0.3128722355006233,17.990721642024933
721,18.646524444458976,0.36947316120541285,0.33052661187118954,17.94652465033153
722,18.099327935112846,0.31712848799569265,0.30877247641956995,17.473426955086843
723,18.650720929342604,0.35437894860903424,0.3091215540965398,17.987220461406405
724,17.902143327016677,0.29916363765322973,0.29554190261969493,17.307437836177765
725,18.209195697118364,0.3482230296210637,0.3008941634306832,17.56007839384533
726,18.425355835566446,0.32576756676038104,0.31540337086669984,17.784184925139897
727,19.806405657813663,0.46349884829823934,0.3955928801544129,18.947313899085636
728,18.815366048661488,0.3824060327476925,0.33951133111166576,18.093448654053702
729,18.185897418430873,0.2889112782856775,0.3293405804369185,17.56764551192995
730,18.57383614494687,0.35666170952812076,0.338550360666381,17.878624022953094
731,18.142709974258665,0.3363466641259572,0.3194580477854562,17.48690532502674
732,18.113007787674192,0.31375514514862546,0.30671602251037716,17.492536696176682
733,18.792545515393453,0.37723004202994087,0.3148560327669931,18.10045940156967
734,17.757539083087256,0.28245575371242704,0.30171314615105826,17.17337019481356
735,18.142523084368026,0.3252864366485959,0.3009128457023984,17.51632381620861
736,18.96186855861119,0.3810630767118363,0.3406418010828987,18.24016371227446
737,18.507580000256734,0.35266801336454967,0.32962053328279467,17.82529137626527
738,18.54001850552029,0.32074684898058575,0.3295227639258854,17.88974895174541
739,18.03948820204962,0.3078757008862874,0.306285206760679,17.425327376713827
740,18.03143508850582,0.29343433607192265,0.3037987895428188,17.43420180063399
741,18.24010994320824,0.3441127496106284,0.34562734100553727,17.55036970168825
742,19.46096614050487,0.4505405615246485,0.3595746656258901,18.650850825839573
743,18.908656862046982,0.43763663182182916,0.34471796902399215,18.126302280123273
744,18.02950488196479,0.3092530459638626,0.30308454755752806,17.41716734568278
745,17.429127950516957,0.2497134700654045,0.30092883417530664,16.878485619075715
746,18.437261853899276,0.3290898378879305,0.31480339760818177,17.793368717980762
747,18.334060472155375,0.34358563073097714,0.31939258485559435,17.671082254440066
748,20.82676447005499,0.6166581889939686,0.40379349177791957,19.80631272754972
749,18.385922280568924,0.36770482479579863,0.3289480973330755,17.689269595676
750,18.38188866206578,0.3440325227048662,0.32302224328593604,17.714833880227708
751,18.653274884299627,0.3450289529467386,0.3507824431336115,17.957463506668333
752,18.552355766296387,0.36164225992702304,0.3387217292236903,17.85199185023232
753,18.01848248073033,0.30531049105856156,0.31853636933697593,17.39463574545724
754,17.961409841265,0.29824165787015644,0.3266232094121358,17.3365450510903
755,18.555208085075257,0.3957034983332195,0.32479423000699,17.834710211980912
756,18.75084021734813,0.42134979887614177,0.3513260514490188,17.978164294409375
757,18.511753052000014,0.3533335451095823,0.3409236016727629,17.817495845613024
758,18.407337657989018,0.4250878332153199,0.32895723008920275,17.653292716495574
759,18.833424643864706,0.4019981547007485,0.350603282688156,18.0808232019818
760,17.92423083290221,0.31773425520412507,0.31150322395657737,17.294993415711417
761,17.350263807508682,0.24766357266713704,0.2972206125656764,16.805379595075333
762,18.309913771493093,0.3306606307862297,0.3299692024787267,17.649283938937717
763,18.656454252818275,0.37978070595907787,0.33492608770491583,17.94174749889071
764,17.789989244370233,0.2937748980900598,0.30961845555002726,17.186595947023424
765,17.94110051412431,0.30460208701708963,0.3207442460079042,17.31575417897058
766,17.92500090220618,0.30176339688755216,0.3180649018003827,17.305172587197923
767,17.803287823994953,0.3057987056081257,0.3043999359721229,17.19308927324083
768,19.0699921713935,0.42021661239957053,0.31244722931157975,18.337328365870885
769,18.646991245330327,0.465583204276978,0.34893327123588985,17.832474738832506
770,17.278320145985436,0.2595929635895623,0.3004172782576273,16.71830984145876
771,17.025321248977903,0.2191854469359867,0.28732568356725907,16.51881006028917
772,17.47242694430881,0.29151600741204764,0.30276882743078565,16.878142235771058
773,17.13205283028739,0.22792326552527292,0.29471667181877864,16.60941293504503
774,17.166445822942826,0.2482931405778915,0.2899220921690502,16.62823070041717
775,18.474743040781174,0.3578015286771078,0.3333597689393967,17.783581733703613
776,18.45413291265094,0.36246460723498514,0.31843945171151844,17.77322881183927
777,17.50911063239688,0.2951241301165687,0.30117296013567185,16.912813519674636
778,17.18694007207477,0.2504180035893879,0.29333422936144327,16.643187886192685
779,17.33135417151073,0.2577941928591047,0.3110800747360502,16.762479948619056
780,18.468458205934557,0.3785850273238288,0.3249783210811161,17.764894773089697
781,17.631989221724254,0.26939033894311815,0.31390448931663756,17.04869444408114
782,17.745834501962815,0.27477829513095675,0.31758714337197563,17.153469100831046
783,17.7670836372981,0.2865046187052651,0.3047979258828693,17.175781083485436
784,17.32610531458779,0.2522973087098863,0.3014971086430171,16.772310968429323
785,16.869491864764502,0.19188300768534342,0.2877500527907932,16.389858805944048
786,17.131911308046373,0.2276076731227693,0.2962286557470049,16.60807499052986
787,17.286975724356516,0.2688662528045594,0.3045115733430499,16.71359778207446
788,17.498379253205798,0.301517991792588,0.2983197333320739,16.89854151105124
789,17.865789398314462,0.2893850945291065,0.3143175178103977,17.26208676232232
790,17.641979111565483,0.3090516404500083,0.3062795689181676,17.026648052155025
791,17.2461122482542,0.2291931746497987,0.30927234178497676,16.70764668782552
792,17.72505243997725,0.2614904074441819,0.3151542012180601,17.148407890683128
793,17.797856936379084,0.2713637323606582,0.31196118016091606,17.214531928773912
794,17.170838371155753,0.21705065549366057,0.2937823414566025,16.66000541808113
795,17.56293140895783,0.2322802808549669,0.3209218822774433,17.0097292339991
796,17.79567515660846,0.25232862763934666,0.317063314337579,17.22628310370067
797,17.872142004588294,0.2812775912738982,0.3117028408580356,17.279161544073197
798,17.28932061271062,0.23113852550113012,0.29603386256429887,16.762148130507697
799,17.48361793396965,0.2673995466459365,0.29328135980500114,16.92293701474629
800,17.102882203601656,0.21771907711785937,0.29091480894694255,16.594248272123792
801,18.340016410464333,0.2838203746175009,0.32923833860291374,17.72695763905843
802,17.52188199663919,0.24223074837336464,0.3145320119838866,16.965119210500564
803,18.232497699676998,0.30155510798333185,0.3328672633284614,17.598075276329403
804,17.309157749963184,0.26539118375097004,0.31007957127359176,16.733687067788743
805,17.089583699665372,0.22384941577911377,0.2890572663810518,16.576677019633944
806,17.23278322673979,0.19544722825761826,0.29804648411652396,16.73928955623082
807,17.213396874685134,0.2908335351754749,0.29072905154455275,16.631834348042805
808,17.034103378417,0.2003456231147524,0.2888236478680656,16.544934060838486
809,17.86930268908304,0.3124321533573998,0.3014087946642013,17.255461768498495
810,16.69565430898515,0.19069674469175793,0.285085723750175,16.21987185402522
811,17.794886513361856,0.27157581751308746,0.3179335423878261,17.205377170017787
812,17.24893085540287,0.23604876370657057,0.3130627227207971,16.699819398304772
813,17.047408058529808,0.22066406976609004,0.2889102590935571,16.53783378903828
814,16.863760827079652,0.19531452088128953,0.2896881541089406,16.37875817314027
815,17.007347333998908,0.20527196403533693,0.3078257900381845,16.49424958607507
816,16.50909938509502,0.179423020945655,0.28090105596042814,16.048775370158847
817,17.016193541269455,0.25242108816192266,0.290776789188385,16.472995652092827
818,18.06975176977733,0.30653719722278533,0.3237285143326199,17.439486079745823
819,17.576910185435462,0.28976756807357545,0.30866261370598325,16.97848011198498
820,16.654525787111314,0.17413344742759826,0.288141629289067,16.192250751313708
821,16.334334903293186,0.17136306611318436,0.27158688600101166,15.8913849270533
822,16.579260599045526,0.1451305728110056,0.27268620757829576,16.1614437708779
823,17.365186857798744,0.23635732465320164,0.30806657459054676,16.820762876480345
824,17.15106727963402,0.2379928988123697,0.2872049768292715,16.62586932712131
825,16.779828949580118,0.20193976636916872,0.28061999049451614,16.297269200521804
826,16.530688467479887,0.15055133331389653,0.272524689634641,16.107612382797967
827,17.118822143191384,0.23754240501494633,0.292587858816934,16.588691893078032
828,16.874655193752712,0.1905188730784825,0.2945230118339024,16.38961330292717
829,17.29961953844343,0.2695511986338903,0.2970046585514432,16.73306377350338
830,17.129458397153822,0.22605687663668678,0.2891672007621281,16.614234349084278
831,17.489906265622093,0.25795798074631465,0.3112610178807425,16.920687191070073
832,17.830405295841278,0.2323710492679051,0.31899963863312253,17.2790345994253
833,17.063172491769944,0.22102223502265084,0.30468528493056224,16.53746503496927
834,16.45426417153979,0.16810276205577548,0.2800747264945318,16.006086773342556
835,16.89421774849059,0.18826115699041457,0.2852917282827317,16.420664817567857
836,18.258689925784157,0.3016065169894506,0.3340680894870607,17.62301525237068
837,17.642191674974228,0.26060760399651905,0.319214365075505,17.06236960395934
838,16.426174511985174,0.17088209447406588,0.2823643048131277,15.972928062317864
839,16.341670384482732,0.14403223896783496,0.2817376648622846,15.91590051802378
840,16.305047095768035,0.15039860066913424,0.27383679364408764,15.880811736697243
841,16.642641657874698,0.1804172330432468,0.2877603972715045,16.174464089529856
842,16.80785746801467,0.19864069469391354,0.28715357397283825,16.322063218979608
843,17.276307817489382,0.2523403735387893,0.30865340384226,16.715314108227926
844,17.24805009932745,0.21584929265673197,0.30808994576098425,16.724110769847083
845,16.449632871718634,0.1590443007529728,0.2832603598870928,16.007328124273393
846,16.738333066304524,0.19467104522008744,0.28165005596857223,16.262011982145765
847,16.652302469526017,0.17757483512636216,0.28548364246648456,16.18924393729558
848,17.535986431061275,0.28486574358410305,0.3109447369499812,16.94017599499415
849,16.684814710465687,0.1912882441566104,0.2797108167220676,16.213815734499978
850,17.164230906774126,0.2366528388053652,0.2936738514237934,16.63390423002697
851,16.624968543885245,0.19666123957861037,0.279609022159425,16.148698322356694
852,16.26729907686748,0.14460892147488064,0.2781753156866346,15.844514846801758
853,16.86764573294019,0.21261791766635954,0.2898717572291692,16.365155931503054
854,16.674528470115057,0.16018440231444345,0.2875515702697966,16.226792502024818
855,18.042213016086155,0.2731968751029363,0.3279596938500329,17.44105649372888
856,16.692785490126838,0.18143146662485032,0.28846508501067997,16.222888870844766
857,17.286654215010387,0.2557893991470337,0.3047283935168433,16.726136389232817
858,16.699541909354075,0.19638129169978794,0.29285123400271884,16.210309467618426
859,16.646392156207373,0.20915033892979698,0.28424559628206586,16.15299626002236
860,17.104991912841797,0.24511325927007765,0.289316672654379,16.570561953953334
861,17.340856658087837,0.23558936705664982,0.32261187216592213,16.782655382913255
862,16.19756006816077,0.13029666079415214,0.27298244715683045,15.794281051272439
863,17.168301143343488,0.23682268365981088,0.28707307104080443,16.644405410403298
864,16.666158721560524,0.16903067297405666,0.27797117829322815,16.219156901041668
865,16.608687113201807,0.16339272260665894,0.27609098903716556,16.16920341007293
866,16.571140092516703,0.16705300315978036,0.27964080964762067,16.12444633907742
867,16.136795104496063,0.13142501267175827,0.26470772165154655,15.74066236284044
868,17.562321587214395,0.2665074685263255,0.29347739380503457,17.00233672914051
869,16.76629130045573,0.21046043104595608,0.2914597018370553,16.264371221027677
870,16.701217348613437,0.18932820501781644,0.2970020759200293,16.214887104337176
871,17.934983677334255,0.3327868003693838,0.3575409281821478,17.244656017848424
872,16.641282081604004,0.21696941057840982,0.2949734985355347,16.129339097038148
873,16.045605023701984,0.11250072150003343,0.28141075561917017,15.65169354090615
874,15.936977583264548,0.09302331341637506,0.27965815720104037,15.564296132042294
875,16.062306479802206,0.1218524622538733,0.27583971643258653,15.664614253573948
876,17.432180495489213,0.2398324783832308,0.3156818849226785,16.876666235545326
877,17.587087585812522,0.28585164130680146,0.30376058722299243,16.997475351606095
878,16.450368396819584,0.15072342422273424,0.2888762409251834,16.010768739003982
879,16.148629400465225,0.10655834372081453,0.2849433703555001,15.757127716427757
880,16.75601863861084,0.2300023389241052,0.31149048961344217,16.21452584342351
881,16.696767262050084,0.17710719789777482,0.28910833076825215,16.230551810491654
882,16.281789794800773,0.14624757331515115,0.2825813049834872,15.852961040678478
883,15.859625316801525,0.11026712258656819,0.26010212467776406,15.489255980839806
884,16.596596899486723,0.16027074673819164,0.2857334150208367,16.150592758542015
885,16.006250336056663,0.13696345261165074,0.2739428584537809,15.595344074188716
886,15.77600862109472,0.08417314007168725,0.26891909303173184,15.42291645776658
887,17.578091712225053,0.22680726552766467,0.3279562954391752,17.023328175620428
888,16.373806332784987,0.2010240535887461,0.28298401264917283,15.88979819464305
889,15.601943666972812,0.08964656175128997,0.2703638157201192,15.241933353363521
890,16.04005377633231,0.149590169626569,0.2708575746842793,15.619606093754845
891,16.802598862420943,0.177937490599496,0.29246139242535546,16.332199914114817
892,16.465973536173504,0.16517867739238437,0.2893591244069357,16.011435750931028
893,15.933689662388392,0.11754562835844737,0.26836491080503616,15.547779174078078
894,15.978811142936586,0.12495883022035871,0.2761289789563134,15.577723245772104
895,16.190225237891788,0.11675498126045106,0.27255500947672223,15.800915263947987
896,15.674206612602113,0.07478955908427162,0.27049780790767974,15.328919274466378
897,15.613583852374365,0.07449525783932398,0.26398311649996137,15.275105476379395
898,15.919761460924905,0.10703692928193108,0.2761310946846765,15.536593376644074
899,16.71737171354748,0.11574287736226642,0.2862274341640018,16.315401470850386
900,18.14743652040996,0.268447582683866,0.3472178140802989,17.531771054343572
901,17.58349019005185,0.19527455454780943,0.3273165039126835,17.060899204678005
902,15.942049662272135,0.1082046627998352,0.26551233421242426,15.568332778082954
903,15.64883177621024,0.07573663904553368,0.25926859996148516,15.313826455010307
904,16.185536308894083,0.12697825923798575,0.2919529688263696,15.76660522582039
905,16.42972979469905,0.20892516015067933,0.2754223048686981,15.945382330152723
906,15.70838873726981,0.09944508378467863,0.26167773656428805,15.3472658187624
907,15.87302687811473,0.11805294903497847,0.2694370841223096,15.485536817520384
908,16.269726874336364,0.13566570622580393,0.26728649425601203,15.866774695260185
909,15.992499396914528,0.12148260786419823,0.2727385402198822,15.598278181893486
910,15.975606025211395,0.10854249246536739,0.27105513333328185,15.596008467295814
911,16.297888604421463,0.12059784597820705,0.284157295785253,15.893133481343588
912,15.898697731986879,0.10704628626505534,0.2669384186230009,15.52471303182935
913,16.528960364205496,0.15479417925789243,0.2783693784759158,16.095796781872945
914,15.629235434153724,0.07904424459215194,0.2669892507413077,15.28320188370962
915,15.771254796830435,0.07125182662691389,0.25382485583661096,15.446178057837107
916,15.334232981242831,0.061769544132172116,0.2624894293054702,15.009973995269291
917,16.063142988416885,0.11485379177426534,0.28151031075015903,15.666778897482251
918,16.19130269307939,0.13087752035685948,0.28010524312655133,15.780319955613878
919,16.671496921115452,0.20490379371340312,0.2977104558358117,16.16888279385037
920,16.57630184718541,0.21408355614495655,0.29400819752897533,16.06821011740064
921,18.25158753470769,0.5807013189981854,0.3492868963688139,17.32159932454427
922,15.887971666124132,0.1603827192669823,0.2794593938049816,15.448129593379914
923,15.337153131999667,0.05439255824164739,0.259699005574461,15.023061510116335
924,15.234709119039868,0.05037779656667558,0.2579756315265383,14.926355679829916
925,15.14473130967882,0.05183509607163687,0.25838802116257803,14.834508123851958
926,15.24927769010029,0.02929190889237419,0.2568831803306701,14.963102537488181
927,16.79196026211693,0.2181083257236178,0.2912436461164838,16.282608350118
928,15.955851751660544,0.13104578899958777,0.26505830103442785,15.559747680785163
929,15.295764166211326,0.049453347448318724,0.2562312088788502,14.990079682970803
930,15.50957631307935,0.06271067592832777,0.2573231030551214,15.189542619008867
931,15.606222773355151,0.06763755329071529,0.2549000708829789,15.283685169522725
932,15.902369559757293,0.06643737213952201,0.27524651397788336,15.560685596768819
933,15.81940976400224,0.10112761315845308,0.2697199301587211,15.448562228490436
934,16.070054750593883,0.16078518543924605,0.28291997715594275,15.62634953998384
935,16.029656152876598,0.1760152436438061,0.2803283818657436,15.573312502058725
936,15.626419173346626,0.08020145647109501,0.2664339194695155,15.279783869546558
937,15.544113431658063,0.08647580090023223,0.26023697048898725,15.197400592622303
938,16.04451710837228,0.1135875592156062,0.2912739628837222,15.63965552193778
939,15.59515280950637,0.09114633193091741,0.26395134982608615,15.240055069090827
940,15.082589300851973,0.02391671755957225,0.2613348956145937,14.79733763800727
941,15.998005791315956,0.08950333652042207,0.2695769476039069,15.638925461542039
942,16.63931263817681,0.14340154046104067,0.2992060009449247,16.196705152118017
943,16.35940124875023,0.17770804299248588,0.28909586109812296,15.892597319587829
944,15.784735755314903,0.0686889858472915,0.2697695555194976,15.446277134002202
945,15.682186701941111,0.05454989179732308,0.2618736461514518,15.365763104151165
946,15.718462777516198,0.04597502757632543,0.2798081028556067,15.392679562644354
947,16.540783639938113,0.12571649560852657,0.29307285589831217,16.121994366721502
948,16.0347229791066,0.12765423646048893,0.2738273038514077,15.633241532340882
949,16.180112974984304,0.11865753219241187,0.2717527598142624,15.789702687944684
950,16.187378398955815,0.08122245849124969,0.28603457671309274,15.820121295868404
951,16.895228204273042,0.16963297980172293,0.30445687591083465,16.421138309297106
952,16.138512232946972,0.11596131324768066,0.29126058400623384,15.731290287441677
953,15.578927902948289,0.05757741133371989,0.27236475026796736,15.248985729520284
954,15.719158263433547,0.09230769248235793,0.2662196885498743,15.360630852835518
955,15.483931496029808,0.04174683964441693,0.2688760873344209,15.17330861470056
956,16.12959345560225,0.07833569106601533,0.2918345088523532,15.759423180231972
957,16.184637660071964,0.09640466788458446,0.2946813437673781,15.7935517174857
958,15.684519692072792,0.06340568500851827,0.2866648797477995,15.33444905659509
959,16.149991580418178,0.0865415268474155,0.2957735969906762,15.767676504831465
960,15.991593254937065,0.09445503779820033,0.27777031915528433,15.619367977929494
961,15.137448613605802,0.021909817816719176,0.26105598868831753,14.854482892959837
962,15.147864099532839,0.010051430217803472,0.26412276616172187,14.873689923967634
963,15.983264105660576,0.057291536104111446,0.2850147998995251,15.640957771785676
964,16.715724687727672,0.17558853209964811,0.2926641229599241,16.247472006177144
965,15.491055140419611,0.06210104624430338,0.27158565417168634,15.157368326944018
966,15.647614448789566,0.03910520625492883,0.27268057091841624,15.33582866002643
967,15.770770860096764,0.06571597712380546,0.2698621712033711,15.435192713661799
968,16.381032459319584,0.158506953527057,0.2856810565978762,15.93684450785319
969,16.25905568259103,0.11461427192839366,0.27865181993397453,15.865789534553649
970,15.276287351335798,0.022499716471111965,0.2631943944900755,14.990593274434408
971,17.21078401898581,0.2549701711488149,0.3049786809890989,16.650835279434446
972,15.79670915149507,0.07523907933916364,0.2680860918665689,15.453384066384936
973,15.335719789777484,0.051019301490178186,0.25854575563044774,15.026154730055067
974,15.083922673785498,-0.020674933516789996,0.25494682670585694,14.849650821988545
975,15.642348834446498,0.036085714423467245,0.270377720395724,15.335885396079412
976,15.920077006022135,0.09398299077200511,0.27576284512640936,15.55033122168647
977,16.53827512831915,0.15858130417172872,0.2914645430587587,16.08822919452001
978,16.14007288312155,0.09518578695872473,0.27504716009374647,15.769839937724765
979,15.298244173564608,0.02991708592763023,0.2542488940414928,15.01407820080954
980,15.44354812682621,0.0292469755051628,0.25819904179800124,15.156102135067893
981,15.933315549577985,0.1179387020686316,0.2748909110114688,15.540486017862955
982,15.280007922460163,0.024059035475291903,0.25932249048399547,14.996626399812245
983,15.128760852510966,0.0338587448710487,0.254890245814172,14.840011869158063
984,17.247165225801012,0.16828076233939518,0.31618196836539675,16.762702548314653
985,15.441130653260247,0.08264684866345118,0.26827797884978943,15.090205873761859
986,14.618862106686546,-0.03415406317937942,0.2433307007664726,14.409685407366071
987,14.936212827288916,-0.02498226979422191,0.2520594242073241,14.70913569132487
988,15.128995955936492,0.030389249324798584,0.2502447667102965,14.84836190844339
989,15.570120463295588,0.03647600847577292,0.2611905587097955,15.272453959026034
990,15.553943028525701,0.0351490264847165,0.27225203812122345,15.246541946653336
991,15.297323681059337,0.024814147797841874,0.2578100460389304,15.01469942123171
992,15.083907399858747,-0.01749327542289855,0.24789784919647945,14.853502803378635
993,15.896257960607135,0.05616869434477791,0.29520542411104084,15.54488387940422
994,15.534768240792411,0.08786023798443023,0.2748945944366001,15.172013449290443
995,15.083802616785443,-0.0017907023429870605,0.25244598871185664,14.83314739711701
996,14.957716578528995,0.000413898437742203,0.25371221228251384,14.703590483892532
997,15.18865916842506,0.0016534044629051572,0.27950260634460145,14.907503082638694
998,15.421063271779863,0.020845716907864527,0.27159563582094887,15.128622024778336
999,15.422334898085822,0.05053593147368658,0.27317022402135155,15.098628725324359
1000,14.952933962382968,0.0483136810953655,0.26805988048750257,14.636560424925788
