,total_loss,spectral_loss,vq_loss,audio_loss
0,71.93510161430386,35.95996493546564,10.299317385166141,25.675819288369176
1,50.440546028978886,18.465356283764823,9.826962357314033,22.148227460867993
2,36.123827408217025,16.22156335959655,9.284251162165848,10.618012991664248
3,21.7980971523027,12.442423116269909,5.982815493044056,3.372858639713708
4,16.503354954974082,9.465532194252965,3.841049234213778,3.196773485781035
5,14.903359548901324,8.551342538243087,3.542905152480373,2.809111836117782
6,14.116123111222562,7.949173430106818,3.4471836026453038,2.719766075500814
7,13.466632018309895,7.5330254989162455,3.3131894106542514,2.620417153708027
8,12.855171244339587,7.087192440372345,3.2024289496852836,2.565549833494573
9,12.526500325185973,6.838404882845081,3.1038081798689223,2.5842872175033405
10,12.101926189300428,6.546772335771989,3.032173265341762,2.5229805975197896
11,11.81749338781282,6.369499808952901,2.966403711308788,2.4815898556726257
12,11.552071876797388,6.173830376825299,2.8944590783204047,2.4837824356513516
13,11.326256193724392,6.010539052325211,2.8759320164066193,2.439785109720196
14,11.241455363209138,5.908728085378735,2.833198937657041,2.499528324900997
15,10.995441701488563,5.747048822586223,2.802230299155483,2.446162574231837
16,10.880014142956174,5.662014380892825,2.7689534285738797,2.449046327550216
17,10.755757102762677,5.563112299637438,2.758968977741499,2.43367579653594
18,10.62193050588153,5.457454342010607,2.737234825765535,2.4272413381053886
19,10.550021870704732,5.372933666901232,2.7337238406795623,2.4433643690631905
20,10.47444650711114,5.335649110244263,2.728009201453674,2.4107881869285555
21,10.357469231208448,5.261915411389171,2.700534512139724,2.395019294952583
22,10.304005512563359,5.197691085075569,2.7070240431408865,2.399290415315866
23,10.191203380394661,5.117319902915547,2.6846584650121126,2.389224997618869
24,10.130816615773265,5.079331665276633,2.676634946751849,2.3748500105325014
25,10.06609704740531,5.022894158482127,2.676026199636086,2.367176737649585
26,10.016882305891913,4.977011682299957,2.65891148993129,2.3809591289941103
27,9.959174775568192,4.940289572040381,2.6623109837868038,2.356574218044077
28,9.945273859220892,4.903100447298369,2.681247887662297,2.360925520866367
29,9.86805151026444,4.868253083415727,2.6550145649825128,2.3447838652600597
30,9.821823661437662,4.820506713568528,2.6498916077019907,2.351425335500588
31,9.797657515230553,4.7919486977451635,2.6524504499503303,2.3532583777166347
32,9.765812315550564,4.767840273439672,2.6453660378676718,2.352605967335005
33,9.722280145964165,4.738573632630589,2.645094709888472,2.338611822959791
34,9.672115541437767,4.699914370567349,2.6387467600696874,2.3334543721955865
35,9.593241547350358,4.650127320951414,2.6215852702639704,2.3215289633469225
36,9.561833096568694,4.620975232209175,2.616825609020491,2.3240322612782816
37,9.517962187634668,4.592074717491123,2.595110772343293,2.3307766973760202
38,9.449126881636758,4.5594686367333574,2.593734211344736,2.2959240059835633
39,9.427302596407854,4.547731564986748,2.5917230666320097,2.287847970304116
40,9.40810167916729,4.528272649147333,2.592792510562096,2.2870365232759524
41,9.404693936113786,4.515919651425182,2.6117161296016382,2.2770581958132707
42,9.375388296473494,4.490799787629966,2.5919091463937454,2.292679364146711
43,9.30670288364234,4.454738068835167,2.583203646211862,2.2687611893826958
44,9.306302659452173,4.447703745865737,2.5911492728677934,2.2674496568394726
45,9.303790696575124,4.452849419515752,2.5867211021138257,2.264220180460567
46,9.275794129354674,4.41747506827222,2.5897116487136516,2.2686074272169336
47,9.223405785407884,4.390175916121948,2.5776535051997445,2.2555764137213763
48,9.205594320738443,4.377282573659225,2.5839729669679525,2.244338760596577
49,9.17133082019901,4.354324955108751,2.573040418353369,2.243965476857386
50,9.17709454777402,4.351512086773258,2.5834524682408126,2.2421300254258396
51,9.146571936556454,4.326873226946359,2.5775186374942605,2.2421800869639656
52,9.17820253066745,4.342818636911195,2.585312529815049,2.2500713694562267
53,9.135182777757747,4.307965185294372,2.5733694156293767,2.253848183197483
54,9.141913139098904,4.307340300380123,2.5840698887869133,2.2505029656284643
55,9.080356063367633,4.283953367178975,2.5645517161732467,2.2318509401375715
56,9.051688123003869,4.252748413866525,2.569770854563051,2.229168857543918
57,9.024388016330814,4.2334011585262745,2.5577910294312174,2.2331958135251897
58,9.01737342780171,4.216559024043779,2.566414617134583,2.2343998103803586
59,9.01294039322388,4.216321777194421,2.57485595631854,2.2217626452870216
60,8.960345931748902,4.190448688018364,2.554966196046605,2.214931073137874
61,9.049830652216576,4.2025128505408125,2.5830596477535694,2.2642581853153865
62,8.988026094606338,4.195853526057721,2.564692185442643,2.2274803852271354
63,8.95879721726387,4.171091102620461,2.5632351072657573,2.2244710154380662
64,8.950596390245648,4.15394697070546,2.563056613202621,2.233592811428355
65,8.954838596629079,4.150429513530799,2.5546383984996757,2.2497706782351186
66,8.872350249850452,4.117609998085321,2.536981008655236,2.2177592100197736
67,8.896590745321797,4.128906936407938,2.547469928171287,2.2202138871060573
68,8.845595157867649,4.096256217922605,2.547519610021462,2.2018193358628353
69,8.86261957989893,4.096768227336246,2.544192971283855,2.221658389763476
70,8.856591024432742,4.0847243337868795,2.551031641264403,2.2208350544722477
71,8.888777507157512,4.097349649646528,2.5506025752138837,2.2408253005390915
72,8.848927704889155,4.075308146425837,2.5511499151216284,2.222469670068327
73,8.851954602686112,4.078809193444846,2.547346626312283,2.225798786747074
74,8.823449241733211,4.061446614112718,2.533199208486971,2.2288034068307843
75,8.784699904961094,4.040780693610792,2.528212644875686,2.21570657623196
76,8.803197127644278,4.033075612634951,2.5253771793799893,2.244744348356308
77,8.78533924347141,4.0308910128909075,2.5346941337042432,2.219754066331531
78,8.732563928352981,3.9986014637658602,2.5215217214462173,2.2124407325350943
79,8.758094066402666,4.018662178643658,2.531673427154161,2.2077584381205333
80,8.710672480355802,3.982591674845414,2.5211972159423013,2.2068835802349756
81,8.731580522136756,3.9874287109782265,2.5289748160440304,2.2151770057203084
82,8.715734018549801,3.953850105563941,2.521219226389169,2.240664701444823
83,8.662414788351365,3.9509073304960314,2.5022584191420747,2.2092490336224704
84,8.696237445301858,3.967700977766641,2.51383988119105,2.2146965994953685
85,8.67402890738219,3.9486788244009867,2.51463564986436,2.2107144602677153
86,8.685184295491391,3.942804845626668,2.5198961233329094,2.22248334562227
87,8.659536617930673,3.934283830092895,2.5080848478337625,2.217167947215966
88,8.660862644372036,3.9391388519802977,2.514867196727902,2.2068565536648355
89,8.632859581305887,3.9229535131692037,2.509560884954242,2.200345165788915
90,8.621304705473877,3.9195255452627813,2.5057545348842796,2.1960246138725417
91,8.625560375295075,3.913404300119529,2.5083189850600163,2.203837073994701
92,8.620093238735539,3.912207002741586,2.5042333946533475,2.203652843885999
93,8.569388269105415,3.8813036446893765,2.4961961278711775,2.1918884897571442
94,8.60439007138018,3.890441607750183,2.5032344284430943,2.2107140428230854
95,8.581446936122038,3.8689185164577173,2.5062398108723323,2.206288575277634
96,8.590220829770233,3.8701174030100325,2.4968193926420925,2.223284026481927
97,8.526250394637898,3.8479164512131985,2.481001375833016,2.1973325705613105
98,8.542865430757244,3.8585108497388845,2.4918496918423743,2.1925048739036206
99,8.541464172648366,3.8691493081876818,2.502819886411212,2.1694949831402597
100,8.519240107824794,3.8564776101570537,2.496184474208601,2.166578034064948
101,8.50804245429531,3.8556549014570027,2.4874267361766504,2.164960810298173
102,8.460165127316404,3.8291561145375206,2.4752889485545855,2.155720074405874
103,8.505722746730275,3.8285050680628876,2.4795059419611594,2.197711725676187
104,8.476406297649778,3.817229075788179,2.4915539454735045,2.167623264509588
105,8.460177542051811,3.8205217407267287,2.4780071307755875,2.1616486641860093
106,8.491654979800838,3.8190975019516045,2.4830746985839354,2.189482755508287
107,8.467215442996856,3.804225278494621,2.490011338661574,2.172978792326306
108,8.433946511075165,3.7950772450063575,2.4785586845832364,2.1603105691828337
109,8.412484090947595,3.7883740116268716,2.472583662996937,2.1515264188691816
110,8.412190157323545,3.783307970630741,2.4740619180041277,2.154820266991748
111,8.438790416378144,3.780795672610137,2.4893432957421844,2.168651456086237
112,8.392543080014265,3.762641929646828,2.4772837068686706,2.152617439256444
113,8.4398905017622,3.7701958702128127,2.4774627982509516,2.192231829056112
114,8.407492201523425,3.7678074174928495,2.4785326617468293,2.1611521163444927
115,8.365117320810773,3.7488957384727177,2.46762710067301,2.1485944672411446
116,8.354837258091177,3.748273424406493,2.459154379325405,2.1474094955098164
117,8.351407717979676,3.7420296948999696,2.457877421294243,2.151500597967372
118,8.375524968863383,3.7501147853946346,2.471263638594821,2.1541465363892796
119,8.333053091666876,3.7295945174329224,2.4595584076070276,2.1439001674753917
120,8.336260094761425,3.723652557970366,2.464221094002503,2.1483864504247374
121,8.3730995001742,3.736585963239025,2.480353484374348,2.156160077166303
122,8.328012357827184,3.7167477225917938,2.4636748541292346,2.147589747591799
123,8.426551250376312,3.706969267957151,2.4613205470224293,2.25826142266976
124,8.393339954661306,3.7359623875057992,2.4608292842674935,2.19654825361598
125,8.35350149975977,3.7061649845164015,2.454446728967687,2.192889789245307
126,8.324851935444354,3.7011983835824442,2.447258092754676,2.1763954404410093
127,8.324141874007907,3.7099795069983,2.4567330647193666,2.1574293124718174
128,8.314278862230294,3.7031774045733794,2.4535410926011108,2.1575603680254303
129,8.257346650459588,3.6676722361948144,2.443962615579897,2.145711815654171
130,8.303373766115127,3.688867981323568,2.453383841124294,2.1611219699696713
131,8.338620362332707,3.683157019767897,2.455544556587192,2.1999187719779507
132,8.249377303276198,3.6611405547403355,2.444775498210323,2.1434612795975707
133,8.226968283330843,3.657547081916782,2.4369450718482617,2.1324761206569196
134,8.232965216517872,3.655667812374563,2.4404118807714603,2.1368854885847965
135,8.241726432406605,3.6579618148532203,2.4427559116981206,2.1410087130672144
136,8.251860662711472,3.6565360140545935,2.455415209841474,2.1399094095433733
137,8.217869453158666,3.631560000660581,2.4415544305407706,2.144755036381216
138,8.233720833720685,3.6469975595372426,2.451074845426023,2.135648435120905
139,8.240746508289487,3.647483275878472,2.4442437399324572,2.1490194890846985
140,8.26105607531673,3.6719072459007074,2.449149566613058,2.1399992530456218
141,8.234571814961281,3.6368957694314976,2.4489981729364905,2.1486778823506367
142,8.208047729370008,3.6216857501196267,2.4367433128832072,2.1496186506705777
143,8.20149228751023,3.6103040365986128,2.436878616275312,2.154309632515144
144,8.233213770856212,3.6319867673717785,2.449740668632806,2.1514863399424162
145,8.177464050754534,3.6025621840113846,2.435811417382807,2.1390904404514623
146,8.203959466723784,3.605326803553571,2.435117136965443,2.163515539355974
147,8.223015778429568,3.6069232407838,2.447889283458533,2.168203257581093
148,8.19484320229907,3.6078329799014055,2.4393730863557592,2.14763716022315
149,8.217262096676539,3.620116335641447,2.437470483185982,2.159675291424544
150,8.155361837339571,3.5934680093649867,2.4359045834727984,2.1259892500168065
151,8.183337019855866,3.614540318153083,2.4370665172665142,2.1317301670427424
152,8.222416646964184,3.627106500265861,2.445841102837668,2.1494690493756767
153,8.160672349013467,3.5974392415789946,2.437290132257862,2.125942964570802
154,8.165517092599563,3.5645591449058776,2.438024373241167,2.162933588027954
155,8.176033722548299,3.5881175808210815,2.4416393771290354,2.1462767578104636
156,8.199229014725871,3.5944790848633574,2.4341742640288273,2.1705756628640605
157,8.164073058294656,3.5962054356137205,2.441976797962528,2.1258908221730133
158,8.176311815336506,3.6009849271740353,2.4407964719996333,2.1345304229505544
159,8.128521622287845,3.581723249679783,2.426477599822754,2.120320781694188
160,8.133857080520684,3.572369318415686,2.43314790725708,2.1283398586660094
161,8.133602666685166,3.5824655807739476,2.4283409093198403,2.1227962041664803
162,8.112669888764513,3.569849008342974,2.423898110186078,2.118922785932059
163,8.1303701468634,3.5798085889782345,2.4323769031470355,2.118184646253484
164,8.084980674485719,3.5463159203105126,2.4238984818136142,2.114766270240431
165,8.07639431189812,3.5496802788188027,2.4186237549866645,2.108090275123026
166,8.13391693291715,3.5591326862891797,2.4364007308389795,2.1383835365763764
167,8.114394601978017,3.559869000920197,2.4306915217871343,2.123834095815747
168,8.130146277756877,3.5601441741413917,2.4323264763448584,2.1376756556941947
169,8.171244699335608,3.5934869403092464,2.448763238577656,2.128994500509785
170,8.132465752842588,3.567091369968292,2.4464838682968844,2.1188905251832195
171,8.09020443743234,3.551977794789759,2.430169139468373,2.10805749087147
172,8.083150042333637,3.5494340730307363,2.425204856115728,2.108511114459869
173,8.088375419060107,3.542817994793115,2.4228499304781606,2.1227074980311547
174,8.110692925300462,3.5512508862383423,2.434863220754467,2.1245788123683997
175,8.061088626495035,3.526140566822473,2.4284619708078186,2.1064860820770264
176,8.0729588002921,3.5171511572026697,2.4345550023788234,2.121252636044051
177,8.079897362990735,3.5245214781303,2.4353816046833567,2.1199943018129286
178,8.066051452609567,3.525546593173967,2.4328469390122494,2.107657900060199
179,8.055827003356825,3.5307411714804977,2.4223917340892913,2.1026940914235506
180,8.057157562296586,3.5288316507780677,2.428973693440393,2.099352210866175
181,8.051462492484639,3.5271826486146325,2.420696841864399,2.103583025338387
182,8.047687897054326,3.524069586682574,2.4236962591626043,2.0999220690269063
183,8.038733599448967,3.521763149953822,2.4154363951224873,2.101534057342285
184,8.028128403361581,3.5113885453587326,2.4190135884539514,2.0977262623369484
185,8.063412707047107,3.5147554602911466,2.423690470087995,2.1249667652136917
186,8.030252013766468,3.5142981955165116,2.41964407281095,2.0963097611356036
187,8.040087679526984,3.5234588397355266,2.422413705506783,2.094215138102766
188,8.03038276726665,3.5111628732647335,2.42241819643041,2.09680167466296
189,7.97855045956649,3.487004610991563,2.4056942649583375,2.0858515691926893
190,7.967080547292038,3.4814468397364497,2.402346040430442,2.0832876743370954
191,7.9898649891076134,3.489979969649128,2.412187527082993,2.0876975012843717
192,8.005057699739721,3.495302712790058,2.4159167521364746,2.093838258145967
193,7.968410805875297,3.4671882904297093,2.4100344104698967,2.091188100733367
194,8.01750945875229,3.4979888977105085,2.418857778942882,2.100662793977405
195,7.949477859239137,3.4602401103837632,2.4063047230031565,2.082932994034791
196,7.994459036830481,3.4897576863231183,2.415187876843897,2.0895134685726777
197,7.982935297955822,3.481786943415306,2.414912145757166,2.086236204965259
198,7.98992439690858,3.4774882623733574,2.4213900799428867,2.091046041865366
199,7.959643986725722,3.465661851536761,2.405660313643595,2.088321803303376
200,7.982703885998166,3.482470957834101,2.412556515893902,2.0876764428148915
201,7.9732857055935575,3.474247565897334,2.410401735017308,2.0886364178301178
202,7.957074314674024,3.4674729511831153,2.405305220987449,2.084296130200722
203,7.952636888442939,3.4621139777512737,2.4094153880224534,2.081107542608132
204,7.977747598152568,3.470034331189356,2.418148003439038,2.0895652775238416
205,7.983025729019871,3.4724855618120514,2.420857338718672,2.089682812368318
206,7.959801398986599,3.4707653217044165,2.402384985808376,2.0866510944434333
207,7.948623197358698,3.455279547124571,2.4059813548661637,2.087362306822237
208,7.961793051071439,3.465639185650917,2.405361404622577,2.090792484554956
209,7.95387646142274,3.4591940077174175,2.408602362849958,2.086080093400758
210,7.941401491809994,3.455421317938808,2.4039376193518316,2.082042523550393
211,7.927093870699194,3.4406879677891307,2.400065758898589,2.0863401406176147
212,8.029576607021998,3.4442282936326976,2.419328272130566,2.166020018350187
213,7.982913631561388,3.4452136071975543,2.422680687225586,2.1150193121085388
214,7.932008405597185,3.4328822020534093,2.4062767660914792,2.092849458239681
215,7.992677822656055,3.455582381991729,2.4163150761899574,2.1207803873829145
216,7.966932855042699,3.4386057616128616,2.4233982036970687,2.1049288863389095
217,7.979251678303892,3.457626063628553,2.427020393656666,2.0946052295033195
218,7.924082998703383,3.426248865195441,2.4081204179342954,2.089713721088667
219,7.933255400946132,3.4445885984074605,2.407887800308309,2.080778985685301
220,7.914062467758342,3.433995608333167,2.4036939848360217,2.0763728716195264
221,7.908316444247643,3.4312604636059962,2.4003114895464264,2.076744508912979
222,7.894028132496356,3.4239954329046065,2.399011001892361,2.0710216845481844
223,7.901832699351464,3.4258030445126026,2.4041560438604117,2.0718736203115604
224,7.907996720690744,3.4251983564519373,2.4064780444012843,2.0763202990501375
225,7.894105403872995,3.420992668837415,2.4005629736333556,2.072549746554093
226,7.904550294434897,3.426803441234331,2.4032378777914625,2.074508968197154
227,7.923482207641059,3.441307810277701,2.4113391837191327,2.0708352089776687
228,7.871289517955848,3.4079697327257477,2.3979025756761274,2.0654172002208613
229,7.917085594978197,3.424305702867881,2.4133509995674323,2.0794288810886097
230,7.907266929056297,3.4141010101155453,2.409841835710926,2.0833240637151373
231,7.899539497823477,3.418005937359087,2.404078456854905,2.0774551095487386
232,7.900354809608324,3.4214241411338073,2.402260091805373,2.076670600850387
233,7.878146436290809,3.414153456263695,2.3978394575390527,2.066153537760426
234,7.885482469063213,3.415188068172686,2.4016384467535596,2.0686559554096644
235,7.834753942659317,3.380753281277694,2.391078157781282,2.0629225146303822
236,7.863387510021386,3.3949577621717895,2.3998914464936987,2.0685383047497568
237,7.854229563920099,3.396902291375971,2.3944428896140373,2.0628843595973114
238,7.8699764238133545,3.389936232481987,2.4131835448784336,2.0668566451802373
239,7.908559875556159,3.4163414057463513,2.4150188817672458,2.0771995710732676
240,7.88359685300508,3.4132295698457766,2.404458258924111,2.0659090403560216
241,7.861335499855123,3.398386504726478,2.3996504600361996,2.0632985143050604
242,7.844231804070524,3.3890317317854044,2.3933240947350063,2.0618759656716072
243,7.848518492064017,3.393445768390262,2.393640908482236,2.061431805434176
244,7.849348631617862,3.388043590287721,2.39781453431289,2.063490507017251
245,7.864268119649107,3.396017469121044,2.400234743793664,2.068015901219378
246,7.897295027016745,3.4149035202650837,2.411969923039772,2.0704215688637566
247,7.868171810679589,3.3956534658886786,2.405065767705653,2.0674525707217724
248,7.837011264312309,3.377290069844799,2.399445386119585,2.0602758091963906
249,7.822957588684517,3.3701231776607417,2.392167880017562,2.060666526763889
250,7.889932510267373,3.387189731054883,2.4034219912362693,2.0993207964608676
251,7.8476927187094905,3.371571403381239,2.4036644099021722,2.072456897365665
252,7.863827506842562,3.385581473014533,2.4096289745853463,2.068617043546086
253,7.811241538499174,3.366904190002387,2.3896396995863456,2.0546976900609786
254,7.833447237455972,3.382900296581173,2.393609436805562,2.05693752994741
255,7.806803027930209,3.3691130286858173,2.3841762992410898,2.0535136783674517
256,7.825956768836839,3.3816519199317034,2.3879301408007474,2.056374716589035
257,7.8317776693568115,3.374683867145688,2.3924726862924377,2.0646211265244943
258,7.8174578269605535,3.3640210450331938,2.3942934007407084,2.0591433896712985
259,7.8162292568709075,3.3694084819101353,2.388406753115807,2.0584140328750067
260,7.840123522748303,3.388222304951678,2.3950050106252214,2.0568962033533116
261,7.825463887211267,3.370851604963961,2.3965778405980283,2.0580344318919335
262,7.815681583092306,3.3649016716302076,2.3871332364574447,2.063646692822412
263,7.790556079552267,3.351228075095343,2.383271994115619,2.0560559645242114
264,7.831317112539162,3.3936033953127063,2.3879106324762636,2.049803087719819
265,7.786833495007715,3.3568597832608478,2.3788517900208985,2.051121928089454
266,7.812252981382757,3.362658997023233,2.3878212127821303,2.061772783880132
267,7.795526879537997,3.355242451739057,2.3827991782558344,2.0574852376645993
268,7.774016996295427,3.342361918547824,2.3790040342833225,2.052651045585442
269,7.791634254184058,3.349972194624117,2.384543539790496,2.0571185265571623
270,7.8032939323751105,3.3536702627813266,2.393547403006367,2.05607625810277
271,7.7929719860443445,3.3635456180233123,2.3811119718483758,2.0483144178085055
272,7.81874945494628,3.3688161211930137,2.3895818559300435,2.0603514926713555
273,7.787070023207478,3.351380752923226,2.3853800525868913,2.0503092210912195
274,7.804353505266943,3.3623084843795072,2.3916329578148514,2.0504120634968173
275,7.7545893930455545,3.328510312423163,2.3762439340883303,2.0498351384736466
276,7.765137226131888,3.3377206130384125,2.3826473747708197,2.0447692658977576
277,7.8018941387162934,3.3595766342407445,2.389169354455751,2.0531481317778075
278,7.827553704964308,3.3513143715909366,2.3888793933433994,2.0873599633627515
