,total_loss,spectral_loss,vq_loss,audio_loss
0,2.4851653915405274,0.26884176203012466,0.045293514254689214,2.1710301149368285
1,2.1293977035522462,0.2561881854355335,0.045625823678076265,1.8275836933135987
2,1.760284591960907,0.12855190889537335,0.04394920081794262,1.5877834796905517
3,1.7009605864524842,0.06804472411572933,0.044075161139667036,1.5888406989097594
4,1.6139861841201781,0.08813614773005247,0.04431459836214781,1.4815354378700256
5,1.5332167105674743,0.057073712684214115,0.04357310352772474,1.4325698939323426
6,1.5961586495399476,0.058376146771013736,0.04287976387143135,1.4949027380943298
7,1.6102101615905762,0.07706339850872755,0.04218704532533884,1.4909597175598144
8,1.7289244487762452,0.06631352192535997,0.04196691614687443,1.6206440111160278
9,1.6333490306854248,0.06462762271165848,0.04113511063605547,1.527586294555664
10,1.5186679726600647,0.058484659324586394,0.04145323863625527,1.4187300758361816
11,1.5281551136016847,0.05980790469497442,0.04536589308232069,1.4229813150405883
12,1.50610376329422,0.05381780382990837,0.040410773320496085,1.411875186252594
13,1.4850145991325379,0.047935875519365075,0.040477923579514026,1.396600799560547
14,1.4521068904876708,0.040598894964158534,0.04061096099019051,1.3708970343589784
15,1.436345796585083,0.03739186712577939,0.04086247087866068,1.3580914608955383
16,1.4478953627586364,0.0401277277097106,0.03622474135756493,1.3715428951263429
17,1.5387488317489624,0.04428553459346295,0.035628905081748964,1.4588343932151795
18,1.509133936405182,0.040265684323757885,0.03549590193480253,1.4333723505020142
19,1.4529492506027222,0.04216949586346745,0.0354500854358077,1.3753296686172485
20,1.4496578224182128,0.039930371049046516,0.03545501225814223,1.3742724388122558
21,1.5874367784500123,0.04937093432843685,0.035622694121301174,1.5024431494712829
22,1.4785661812782287,0.040814461590349675,0.03529892165511846,1.4024527980804444
23,1.5871729357719422,0.053173018981516364,0.03550852330476045,1.4984913956642152
24,1.4331985718727112,0.04266147343367338,0.03609859207570553,1.3544385062217712
25,1.4750095891952515,0.046444313795864584,0.03611900966614485,1.3924462649345397
26,1.442197782230377,0.042621375481784345,0.036170227363705634,1.3634061789512635
27,1.7096027597427368,0.0515822798743844,0.035670669174194335,1.6223498106956482
28,1.5197947150230409,0.06142018409371376,0.03584093677699566,1.422533594417572
29,1.8862167958259584,0.08242540028914809,0.03576886668205261,1.7680225304603576
30,1.474742461490631,0.0549084773093462,0.03520861603915691,1.384625368785858
31,1.4168822826385499,0.041610224686563016,0.03580552366524935,1.3394665342330934
32,1.4614356439590455,0.044410813291370865,0.03598855274170637,1.3810362777709961
33,1.635221866607666,0.05196571842208505,0.035707276989519594,1.5475488702774047
34,1.4562050099372863,0.04721385964229703,0.036728066547214985,1.3722630827903748
35,1.4130232800483704,0.038428047966212034,0.03601654521971941,1.3385786867141725
36,1.6070739197731019,0.059810352690517904,0.03689257447272539,1.5103709938049317
37,1.429697684288025,0.04751666455939412,0.03681067510545254,1.3453703448295593
38,1.458792991256714,0.0549160635560751,0.036190078662335874,1.3676868507385254
39,1.4113792126655578,0.043696935760974887,0.03632271429896355,1.331359561443329
40,1.4093060174942016,0.03869188287332654,0.03488712693154812,1.3357270087718964
41,1.4963489749908447,0.042019109961390494,0.03457684255987406,1.4197530229568482
42,1.3933209325790405,0.03431429248228669,0.033337384670972824,1.3256692556381227
43,1.403964806985855,0.04046972906067967,0.0339498513944447,1.329545227432251
44,1.5295550539016725,0.042977918798476455,0.034514668841660025,1.4520624682426453
45,1.70632297372818,0.04260500878766179,0.033737435103952884,1.6299805305480957
46,1.4301664588928222,0.04880659406334162,0.03443417085558176,1.3469256937980651
47,1.4029295948982239,0.04032457169815898,0.03328356787860393,1.3293214545249938
48,1.4436963319778442,0.041437225674837826,0.03302261458337307,1.3692364911079407
49,1.4110306818008422,0.03593394780978561,0.033194888762384654,1.3419018448829652
50,1.400316463279724,0.039077520401030776,0.03314222976192832,1.3280967130184174
51,1.4496342906951905,0.04537239220887423,0.032751968921720984,1.3715099301338196
52,1.3906670852661134,0.03416499180942774,0.03298663869202137,1.3235154541969298
53,1.4665915431022645,0.0384808755479753,0.03336083818376064,1.3947498265266418
54,1.480260337638855,0.05257429400756955,0.03238647693246603,1.3952995652198792
55,1.4294781851768494,0.046597166650742296,0.03224489416480064,1.3506361248016356
56,1.398240830039978,0.040925043739378456,0.03257191160991788,1.3247438761711121
57,1.4587456359863282,0.041923401379585265,0.03313597335368395,1.3836862617492676
58,1.3922291178703308,0.0368653753310442,0.03514909804612398,1.3202146459579467
59,1.4232755151748657,0.030610538429021835,0.03399634446799755,1.358668633556366
60,1.4188825962066651,0.04020842047259211,0.033891677701473236,1.3447824987411499
61,1.3784345948219299,0.030818584595620632,0.032950689998269084,1.3146653192520141
62,1.3753350231170653,0.029491936987638474,0.03334769947379827,1.3124953854560852
63,1.469158822631836,0.03484076377227902,0.0314356501147151,1.4028824085235596
64,1.4902927629470826,0.043586636942625046,0.032462261556088924,1.4142438643932342
65,1.4275769876480102,0.03671744623556733,0.031831180373579265,1.3590283605098725
66,1.3731807721138,0.03235520231574774,0.030794213004410268,1.3100313568115234
67,1.3824770305633545,0.0368800439119339,0.031084683099389075,1.3145123022079468
68,1.3930728492736817,0.03709725981801748,0.031870921041071414,1.3241046699523926
69,1.404099319934845,0.036321629632264374,0.03250318242311478,1.3352745076179504
70,1.3899251327037812,0.03323988018706441,0.03114914022535086,1.3255361131191254
71,1.3768749689102173,0.03679792688041925,0.031192071606218816,1.3088849703788756
72,1.3801297434806823,0.03245986045673489,0.031054205199331046,1.3166156799316406
73,1.463090535736084,0.03984078129529953,0.03138962623775005,1.3918601276397704
74,1.3747379543304443,0.03235088896676898,0.03112566355317831,1.3112614027023315
75,1.3795376955032348,0.031598552924394605,0.03078316191136837,1.3171559797286987
76,1.4202093252182006,0.03599270856156945,0.031409929940104483,1.3528066855430603
77,1.3712747895240784,0.03397372382134199,0.03156778501868248,1.3057332808494568
78,1.3766983194351197,0.034649970266222956,0.03144419865235686,1.3106041498184204
79,1.367860491657257,0.030944922292232512,0.03137664075344801,1.305538929271698
80,1.3771765476226807,0.03666742670536041,0.032001616264879705,1.308507503604889
81,1.3684865692138672,0.029304868139326572,0.03175270169973374,1.3074289999961852
82,1.3698095447540284,0.03425064393132925,0.031247471050918102,1.3043114292144775
83,1.376102864074707,0.03406888609901071,0.03195457449406385,1.3100794037818908
84,1.4542405648231507,0.03813201076686382,0.03248617885708809,1.3836223749160768
85,1.3748252835273742,0.03434700870066881,0.03264608819186687,1.3078321875572205
86,1.3680550741195678,0.03228548556119203,0.03252445698082447,1.3032451303482055
87,1.3592837329864502,0.030288318841904402,0.03219931524395943,1.2967961003303528
88,1.367188822746277,0.03148356752768159,0.032384236653894186,1.3033210195541383
89,1.3578201684951783,0.030096849946677686,0.03195483943521976,1.2957684794425965
90,1.417606662464142,0.03341673640087247,0.03234103592187166,1.3518488897323608
91,1.3972822353363037,0.037809580578655,0.032918831585347655,1.3265538232803344
92,1.377698141860962,0.03957983740121126,0.03220106039345264,1.3059172451972962
93,1.382145000743866,0.03285953435748815,0.03199570273756981,1.3172897626876832
94,1.3655270476341248,0.032914817422628403,0.03188267602622509,1.3007295545578004
95,1.3612152989387512,0.03010576099976897,0.03206530472934246,1.2990442329406737
96,1.3964719396591188,0.03200304470285773,0.03198446237817407,1.3324844331741332
97,1.3790399494171142,0.03219302694350481,0.03218275971412659,1.3146641633987426
98,1.444392710018158,0.03388100843653083,0.03158839909285307,1.3789233030319215
99,1.4096585022926331,0.03328185305967927,0.03152718029916286,1.3448494692802428
100,1.3614754300117493,0.03183329188972712,0.031413946921378375,1.2982281911849975
101,1.358666463947296,0.03189548717364669,0.031534582468867305,1.29523639421463
102,1.3677868969917297,0.03457074801251292,0.03260253784805536,1.3006136108398438
103,1.3630678471565247,0.03024665533155203,0.03221860906928778,1.3006025817871094
104,1.4955882957458495,0.04368949258700013,0.0331637929096818,1.4187350092887878
105,1.3654439262390137,0.03165961180254817,0.032516867473721504,1.3012674464225769
106,1.3629489442825318,0.032907843048870566,0.032197303573787216,1.2978437994003296
107,1.3620972989082336,0.03257093793526292,0.03227901682332158,1.2972473449707032
108,1.3651310666084289,0.03493487142920494,0.032705789862573144,1.2974904063224793
109,1.3588397152900695,0.03393747638389468,0.03259364050626755,1.2923085968971253
110,1.3667711736679078,0.0354034365080297,0.033168675890564915,1.298199060344696
111,1.3613463768959044,0.03187588630765677,0.03374531337022781,1.2957251753807069
112,1.3758397844314576,0.0339061612829566,0.03380237889289856,1.3081312450408935
113,1.361668158721924,0.033354114789515735,0.03446936585307121,1.2938446772575378
114,1.364000566959381,0.031693140660971404,0.03490671476572752,1.297400710773468
115,1.4362832130432128,0.03425690545886755,0.034376299419999125,1.367650008392334
116,1.4307190111160277,0.038074572804570196,0.033754559077322485,1.3588898761749268
117,1.3661909665107728,0.03448170489370823,0.03431899142414332,1.2973902701377868
118,1.3736029213905334,0.032820563159137964,0.03366381657421589,1.3071185408592225
119,1.3531173645019532,0.03102105700597167,0.03329553081542253,1.2888007766723633
120,1.3703412656784058,0.032635392753779885,0.033822549483180045,1.3038833231925964
121,1.4096741289138794,0.03769394355788827,0.03489860386252403,1.3370815834999084
122,1.3597201481819152,0.030989216516911982,0.034446480613946916,1.2942844521522523
123,1.3625660940170288,0.03256967277377844,0.03409360962212086,1.295902811050415
124,1.364790052509308,0.03178224231228233,0.03416496699154377,1.2988428434371948
125,1.360028054714203,0.032122976771742105,0.0349111128538847,1.292993964099884
126,1.3551514461517333,0.030432665184140204,0.034429473347961904,1.290289307498932
127,1.3566319089889527,0.03264594234824181,0.03403809370100498,1.2899478716850281
128,1.3646981004714966,0.03380394037514925,0.03433972902446985,1.296554430103302
129,1.3544696405410768,0.030223601802438497,0.033525846880674365,1.2907201917648314
130,1.36836802482605,0.029497788272798062,0.03263552430719137,1.3062347121238709
131,1.3497954566001893,0.029950853818655015,0.032494543462991715,1.2873500589370728
132,1.3494548875808716,0.0291129660397768,0.03175063296407461,1.2885912877082826
133,1.5480246474266053,0.03298669468462467,0.03249775560349226,1.4825401971817016
134,1.360827900314331,0.030472272206097842,0.03286493905633688,1.2974906885147095
135,1.3432631328582765,0.02541200717613101,0.030656238576024772,1.2871948860168456
136,1.3668235810279845,0.02941195637509227,0.03092803432494402,1.3064835900306702
137,1.3506997576713562,0.030750922090560198,0.031003730786591768,1.2889451053619385
138,1.3717058947563172,0.032786116065084935,0.031182634122669698,1.307737144947052
139,1.3536361847877503,0.028679078398644923,0.030671375242620705,1.2942857321739196
140,1.356785267162323,0.03166014080420136,0.031018539302051066,1.294106588077545
141,1.3560480157852173,0.03148594027981162,0.030897322180867194,1.2936647541046142
142,1.355581434249878,0.03233923260346055,0.031082411160320043,1.2921597893714905
143,1.3563900855064392,0.028762514544278382,0.030690365916490554,1.2969372042655944
144,1.355550516986847,0.026970621056109666,0.031251426722109316,1.297328469133377
145,1.3977195583343507,0.02874622942134738,0.031153756806254387,1.3378195720672608
146,1.3545616020202638,0.03301186524182558,0.030550177008658648,1.2909995604515077
147,1.3583666068077087,0.025220828165113927,0.029884709882736206,1.3032610699653626
148,1.3416065032958984,0.025775533402711152,0.02950014895647764,1.2863308197498322
149,1.3529193264961243,0.028611149855703115,0.0300769915305078,1.2942311848640442
150,1.346977727127075,0.027470611008256676,0.030137301141023635,1.289369816017151
151,1.3459870168685912,0.025920280537754296,0.030079388944804667,1.289987345647812
152,1.341047805404663,0.025139659060537816,0.029335730411857365,1.2865724172592163
153,1.4087880061149598,0.030216668622940777,0.02964286840930581,1.348928467464447
154,1.6211811986923217,0.038970815977454186,0.030571742781996727,1.5516386388778687
155,1.68296902217865,0.03714656844958663,0.03013494790121913,1.6156875046730041
156,1.585787453174591,0.03695506786257029,0.029594737263023852,1.519237649154663
157,1.5563811610221863,0.04022750887945294,0.03070055744200945,1.4854530939102173
158,1.5291171769142151,0.030852650552242993,0.030462911255657674,1.4678016150474549
159,1.5246031554222106,0.02918144587725401,0.02995432847738266,1.4654673818588257
160,1.5187798953056335,0.0301964287891984,0.029806782619655133,1.4587766823768615
161,1.520317231273651,0.03196732799708843,0.03043916985541582,1.4579107347488403
162,1.5392558296203613,0.03300395408496261,0.030686093766987325,1.47556578207016
163,1.51979805393219,0.032438040925562385,0.030075085164606573,1.457284926509857
164,1.524435800266266,0.033366691909730434,0.03143549861758947,1.4596336095809936
165,1.5329403193473816,0.03345964901521802,0.030770618234574793,1.4687100533485413
166,1.5199454716682435,0.03241206261590123,0.03121597363948822,1.456317434978485
167,1.5234751669883728,0.03498253465294838,0.03190947890281677,1.4565831550598145
168,1.5314702754974365,0.036111432083696125,0.031969218675792214,1.4633896245956421
169,1.5272082942962646,0.035536222043633464,0.031171357356756926,1.460500715637207
170,1.5179717577934264,0.033309207167476415,0.03140743551254273,1.4532551149368287
171,1.5287303442001343,0.03571634148806334,0.0312953748524189,1.4617186265945434
172,1.53085698261261,0.03908625742346048,0.03206010844707489,1.4597106150627137
173,1.5228738348007202,0.03290177763551474,0.03351315633952617,1.4564589004516602
174,1.5423571246147156,0.030800523399561644,0.03427823646068573,1.477278364086151
175,1.5255121967315675,0.03154408051148057,0.030747615425288678,1.4632204988479613
176,1.5238776434898376,0.03701122750639915,0.03249337543398142,1.4543730427742005
177,1.4798424450874328,0.043854703096300365,0.032725214859843255,1.4032625261306764
178,1.5210502833366395,0.03721268096491694,0.033516032668948176,1.450321568965912
179,1.5101643528938293,0.03818715829402208,0.032820065911114214,1.4391571291923524
180,1.4501390203475952,0.040029654762148856,0.033090009316802026,1.3770193562507629
181,1.4189823116302491,0.04144318791329861,0.03232807830870151,1.3452110458374023
182,1.4091545853614806,0.04056891084089875,0.032480209474265574,1.336105465221405
183,1.4188101615905762,0.03946884334906936,0.03206447177156806,1.347276846885681
184,1.4599564219474792,0.04491275339275599,0.03251303517520428,1.3825306311607362
185,1.3944672545433043,0.03749636505097151,0.03309278624504804,1.3238781016349792
186,1.4459480402946472,0.041433220355212685,0.032166655312478545,1.3723481634140016
187,1.3891476824760438,0.03810155189856887,0.03241948849856854,1.3186266434669494
188,1.4111597013473511,0.047068991412222386,0.033399453726410865,1.3306912556648254
189,1.4246809031486511,0.03931859995722771,0.03332463912814856,1.3520376644134522
190,1.3991978649139405,0.04232556798607111,0.0330581700310111,1.3238141274452209
191,1.3821669939041137,0.036303595708310606,0.032982619898021225,1.3128807809829712
192,1.394047721195221,0.03627077487260103,0.03565851765722036,1.3221184293746948
193,1.387921046924591,0.034970730050653216,0.034372237467765805,1.3185780793190003
194,1.3809095728874206,0.03346555895954371,0.033793519207835195,1.3136504940986633
195,1.404051961708069,0.041156953055411574,0.035177858881652355,1.3277171495437623
196,1.3956143858909607,0.039584909123927356,0.03318459802120924,1.3228448801994324
197,1.3898235439300537,0.0367618872448802,0.033520050068199636,1.319541607761383
198,1.4045460388183593,0.04147037609815597,0.035986390303075315,1.3270892720222474
199,1.3831819527626037,0.03589151767864823,0.03492427057921887,1.3123661641120912
200,1.3800927240371703,0.03554259500876069,0.03391817146837711,1.310631956577301
201,1.3749631547927856,0.035235601674765346,0.03405590435117483,1.3056716478347778
202,1.377440781211853,0.035099130042642354,0.034403076562285424,1.3079385734558104
203,1.3727812902450562,0.034004889196157455,0.034205183772742745,1.3045712166786194
204,1.3634206854820252,0.028838499362766744,0.03348138279020786,1.3011008038520813
205,1.3661493683815003,0.03340340661033988,0.0335316128924489,1.2992143486976624
206,1.372485681438446,0.03207154813930392,0.033039417108893396,1.307374716758728
207,1.3676249341964721,0.02990543605685234,0.03221881968528032,1.305500678730011
208,1.3614616317749024,0.028615285728126764,0.031846149736642834,1.3010001962661744
209,1.3638494731903077,0.030535927008837463,0.03220496086329222,1.3011085865974426
210,1.3738146993637086,0.033253133844584226,0.03178544379249215,1.3087761219024658
211,1.3629097680091857,0.03185487052500248,0.03209363599121571,1.2989612611293793
212,1.3644791426658631,0.03029006229713559,0.031779988059401514,1.3024090927124023
213,1.3604744035720826,0.03003517684713006,0.032235509350895884,1.2982037179470063
214,1.3642914778709412,0.03305905450135469,0.0319780332557857,1.2992543904304505
215,1.3844609189987183,0.03068427287340164,0.03339562707394361,1.3203810194015504
216,1.475211804485321,0.03404958469048142,0.03365244006216526,1.4075097816467286
217,1.3751629311561584,0.03622712598070502,0.03365722025036812,1.305278584957123
218,1.3643801204681396,0.03389053856730461,0.03359875358194113,1.2968908269882202
219,1.3694468945503235,0.03220787549465895,0.033404252701997754,1.3038347674369812
220,1.3703920864105226,0.033465036866813895,0.03389139243364334,1.3030356561660768
221,1.3718157147407533,0.036038938193768265,0.03349779492020607,1.3022789814949036
222,1.3645072608947755,0.030739218796789647,0.03320233682096004,1.3005657048225403
223,1.3821834115028382,0.032803579481691124,0.03384939990788698,1.3155304335594178
224,1.4060177659988404,0.03618897945359349,0.03386096853911877,1.3359678168296814
225,1.3595069182395936,0.0305458211325109,0.033572736011445524,1.2953883615493775
226,1.3617792251586913,0.029208772705495357,0.032984098066389564,1.2995863549232483
227,1.3762569873809813,0.03786070428043604,0.03415319335758686,1.3042430898666382
228,1.3706626934051513,0.03311986396983266,0.033679097761958834,1.3038637325286866
229,1.363131541442871,0.03077047339975834,0.033648030491173264,1.2987130356788634
230,1.362039298915863,0.029847860222309827,0.03285626261904836,1.2993351764678955
231,1.3600296402931213,0.029869933324307204,0.032262591482698916,1.2978971155166625
232,1.3611397769927978,0.028611758295446633,0.03329472311288118,1.2992332952976227
233,1.3685933763504028,0.03360476461052895,0.03337392974793911,1.3016146815299987
234,1.3554846503257751,0.029719840817153453,0.033126486561447385,1.292638323020935
235,1.3463143715858459,0.02621882230937481,0.03299965987727046,1.2870958876609802
236,1.348398180580139,0.026640086595714093,0.032320891486108304,1.2894372035026551
237,1.34431763048172,0.02647597569152713,0.03316721477657557,1.2846744382858277
238,1.3518024876594543,0.02719715136513114,0.03317616807669401,1.291429168844223
239,1.3518798581123352,0.02707374950274825,0.03271393164247274,1.2920921774864196
240,1.354018575668335,0.027275392523407938,0.032196069379150864,1.2945471138000488
241,1.3483773527145386,0.02676943411976099,0.03177290014624596,1.2898350191116332
242,1.3645253828048707,0.035331130889058114,0.032734855285286905,1.296459395980835
243,1.3644097100257873,0.03111323300898075,0.03226065757274628,1.3010358196258545
244,1.3541368605613708,0.030974829966574906,0.03247148145139218,1.2906905492782592
245,1.360663000202179,0.028206618209928275,0.03171345681473613,1.3007429250717164
246,1.3448960900306701,0.026054739889502524,0.03064496386349201,1.2881963848114013
247,1.3529194389343262,0.027788066878169777,0.031164931704103945,1.293966439628601
248,1.3512330988883972,0.02772539016082883,0.03147941686064005,1.2920282915115358
249,1.3593391297340394,0.027986776849627495,0.03175046796053648,1.2996018850326538
250,1.3501134073257446,0.02636411547884345,0.030768963301181795,1.2929803279399872
251,1.3444245104789734,0.02418923705816269,0.030503875163942575,1.2897313997268676
252,1.3390592343330383,0.023808990925177933,0.030594652131199836,1.284655590724945
253,1.3409341394424439,0.024113639244437216,0.030289243173599243,1.2865312565803528
254,1.340885827255249,0.024207294497266413,0.030845005764812233,1.2858335289001466
255,1.3457841566085815,0.028690446374565363,0.030821760314702986,1.2862719490051269
256,1.3420554724693299,0.026098576644808053,0.030131912919878958,1.2858249827861785
257,1.3482372249603272,0.02705673976242542,0.030896655612438918,1.2902838292121888
258,1.3429896668434143,0.02705281352326274,0.030683875830471517,1.2852529774665833
259,1.3513739583015443,0.03096446155458689,0.03077658470273018,1.2896329132556916
260,1.440482233428955,0.0334609198063612,0.03116243320852518,1.3758588820457458
261,1.3482291282653809,0.029047979555279015,0.031709478359669446,1.2874716702461242
262,1.348799472618103,0.027359419514238835,0.03149562169909477,1.2899444314956665
263,1.3486022230148316,0.029340449960529803,0.03132724373340607,1.2879345301628113
264,1.3468269401550292,0.02841431365534663,0.031836993430554864,1.28657563495636
265,1.3457991467475892,0.02852669936493039,0.030865102127194406,1.2864073456287384
266,1.3460029304504395,0.027606036850064995,0.030959644252061845,1.2874372491836548
267,1.3426368781089784,0.025527692779153587,0.030781347728520633,1.2863278384208678
268,1.3370706715583802,0.024879636467248202,0.030866710689663887,1.2813243260383607
269,1.5005481866836547,0.034103116171061994,0.031775198447704316,1.4346698702812195
270,1.3454782480239869,0.02950021151676774,0.03139475724548101,1.2845832799911499
271,1.344835600566864,0.02748900963999331,0.03083454319536686,1.2865120469093323
272,1.347026217842102,0.02825883922725916,0.03150296366214752,1.2872644156455995
273,1.350374388217926,0.0293681200414896,0.03167119956612587,1.2893350690841674
274,1.3564922734260558,0.0259793763294816,0.03054547668993473,1.2999674208641052
275,1.3389210418701172,0.024775661098957062,0.03041633356139064,1.2837290493011475
276,1.3407250143051148,0.025977490283548833,0.030871531131863594,1.2838759931087493
277,1.3442146620750428,0.027730845566093922,0.030327562102675436,1.286156255531311
278,1.3393808827400207,0.027879615332186223,0.03043686106055975,1.2810644072055817
279,1.3492981145858765,0.03163810545876622,0.03049615008831024,1.287163858985901
280,1.341633014202118,0.02940661115795374,0.03190759153217077,1.2803188113212585
281,1.3461756724357605,0.028917961081117393,0.030759253297746182,1.2864984597206115
282,1.3364928825378417,0.026421028631180524,0.03047709337323904,1.2795947603225708
283,1.3362762455940247,0.025201567643135785,0.0305540147960186,1.2805206626415253
284,1.3417036365509034,0.026648214311897754,0.03067427913993597,1.2843811416625976
285,1.3356655848503112,0.0249571762599051,0.029878513242304325,1.2808298942565919
286,1.331442645072937,0.022482893785089254,0.02953345025330782,1.2794263008117677
287,1.340465037727356,0.02561398593634367,0.03142022478282452,1.2834308279037476
288,1.3366059003829955,0.02568402416817844,0.030647151152789594,1.2802747246742248
289,1.3332502020835877,0.024251710875704883,0.029680305863916873,1.2793181862831116
290,1.3328780234336852,0.024502866903692484,0.029120851481705904,1.2792543046474456
291,1.3323468400478362,0.022475711189210414,0.02937090259939432,1.28050022687912
292,1.3356131855964661,0.022974295280128718,0.029280585154891015,1.2833583058357239
293,1.3364505277633667,0.025356140267848968,0.029595837454497814,1.2814985497474671
294,1.3397237761497498,0.024941925335675477,0.029771354162693022,1.2850104973316192
295,1.3327990487098693,0.025808736193925142,0.02908268171325326,1.277907628917694
296,1.3356566596984862,0.025936480855196713,0.029306741980463267,1.280413437128067
297,1.3280257863998413,0.02194346189647913,0.029579224897921086,1.2765030986785888
298,1.331647986793518,0.022160946391150356,0.029273131568729877,1.28021390914917
299,1.3293279718399047,0.024887546984106303,0.02887887879163027,1.2755615461349488
300,1.3346044387817382,0.02215326939187944,0.029074113331735135,1.2833770555496216
301,1.3312779573440552,0.023904273200407625,0.029203679285943508,1.2781700050354003
302,1.3395748099327087,0.02378203552104533,0.03053029041439295,1.2852624855041503
303,1.3307183332443238,0.023926618932932617,0.028212156426906585,1.2785795554161072
304,1.329137003993988,0.02315633020102978,0.027809021378308534,1.2781716518878936
305,1.3301757745742797,0.023401052836701273,0.027637959240376948,1.279136762714386
306,1.3306390175819396,0.02481943390853703,0.02722382466122508,1.2785957592964172
307,1.3298177271842957,0.023270761252194645,0.02730804983749986,1.2792389167785645
308,1.3331816127777099,0.024416885578632353,0.027458016286045314,1.2813067113876342
309,1.3328108910560608,0.022011231128498912,0.02976395121589303,1.2810357089996338
310,1.3326968455314636,0.022463361931592225,0.028810563503950833,1.2814229212760926
311,1.3367563685417174,0.024842822178453208,0.031107779194414615,1.2808057669639588
312,1.332014570903778,0.02368806165754795,0.028755706822127105,1.2795708017349243
313,1.3326231021881103,0.02118246813826263,0.027189997293055056,1.2842506366729736
314,1.3361235635757447,0.025269799655675888,0.029415388314425944,1.281438376712799
315,1.3295193543434143,0.02240840667039156,0.028458041228353978,1.2786529049873352
316,1.3270512224197388,0.021949330612272024,0.026905294907838107,1.2781965974807739
317,1.3310991415023803,0.0223206813454628,0.026942049915343522,1.281836410856247
318,1.3336180250167846,0.02330840632580221,0.026974022551625967,1.283335596561432
319,1.3263255701065064,0.02185334551073611,0.026600019627809526,1.2778722037315369
320,1.3294381685256957,0.023823783202841876,0.02666661616191268,1.2789477696418763
321,1.3468074195861817,0.023640375695377587,0.026756660147756336,1.2964103830337523
322,1.323950993347168,0.023245575637742877,0.025952063175290824,1.2747533531188966
323,1.363475741481781,0.02497394553720951,0.02629445993900299,1.3122073368072509
324,1.3291463176727294,0.024896209363639354,0.026193086917698383,1.2780570214271545
325,1.3205535998344422,0.021050883431360124,0.02598886122033,1.2735138551235199
326,1.3229024646282197,0.02321257861889899,0.02581342475041747,1.2738764610767364
327,1.325522752380371,0.02304586508758366,0.026008881241828204,1.276468006324768
328,1.3253812892913819,0.023036009469628332,0.026338527638465167,1.2760067512512208
329,1.3247381965637206,0.022757763704657555,0.02609884570688009,1.2758815875053406
330,1.3226231370925903,0.020729308750480412,0.025361412600427867,1.2765324150085449
331,1.3248400810241698,0.024016401790827514,0.025928899047523737,1.2748947796821595
332,1.3316118444442748,0.02440483132265508,0.026553886960446835,1.2806531270980834
333,1.3326761856079101,0.025310860747098922,0.02728811787366867,1.2800772068023683
334,1.3266702264785766,0.021825889464467764,0.027130567814409732,1.2777137684822082
335,1.32832429523468,0.023267579625546934,0.026858521296828985,1.2781981946945191
336,1.325673828983307,0.02268515697568655,0.02688340295702219,1.2761052676200866
337,1.3243020495414735,0.019686812329292296,0.027007281221449374,1.2776079556941986
338,1.3272169619560241,0.023876580767706036,0.026714952636510133,1.2766254276275635
339,1.3157414008140564,0.017692491084337233,0.026156488773226738,1.2718924222946166
340,1.3208681408882141,0.022591892689093947,0.025811373988538982,1.2724648730278014
341,1.319752747631073,0.0204904122389853,0.02564058529213071,1.2736217497825622
342,1.3210611333847047,0.02332868409305811,0.025926751598715783,1.2718056979179382
343,1.3260287092208862,0.02343807351216674,0.02612900283038616,1.2764616334915162
344,1.3291365262985229,0.023863732872903345,0.026785526894032956,1.278487266588211
345,1.329979145526886,0.023988006288930774,0.027057641085982322,1.2789334964752197
346,1.3259882857322693,0.02436354391053319,0.025930515752732752,1.275694226884842
347,1.3389950412750244,0.025194724562764167,0.02595450378730893,1.2878458124160768
348,1.327087064743042,0.024328808798640966,0.025970999217778443,1.276787256526947
349,1.3238331968307495,0.021866738830134274,0.02656037011370063,1.2754060875415802
350,1.325317167186737,0.02420937537141144,0.025774705804139375,1.2753330848693847
351,1.3192565229415893,0.019917236515134572,0.02642182516530156,1.2729174616813659
352,1.3220210930824279,0.02080762062780559,0.02637754994481802,1.2748359243392944
353,1.3292149611473083,0.02134469440281391,0.028481862150132656,1.27938840341568
354,1.3398942743301392,0.0243618292696774,0.02606045386865735,1.2894719908714294
355,1.3607323442459107,0.024554049775749445,0.02515001541301608,1.3110282782554628
356,1.3242273024082183,0.024043824387714265,0.02552785140350461,1.2746556262493134
357,1.3278067792892456,0.024057919304817914,0.025956352411210536,1.2777925092220306
358,1.3194521235466004,0.021283815327659248,0.025785166284441947,1.272383141708374
359,1.3213787281036378,0.02078963538967073,0.02566134244725108,1.2749277497768403
360,1.3283899305343627,0.024460019874945282,0.027879582772403957,1.2760503282546998
361,1.3233533889770508,0.023176482037082315,0.02602798683568835,1.2741489214420318
362,1.3260332006454467,0.02391346987299621,0.02615963436216116,1.27596009683609
363,1.3266950246810914,0.024271712769940494,0.02598840429931879,1.2764349083900453
364,1.3317177690505981,0.022698274512216447,0.02555317871198058,1.2834663171768188
365,1.3197667674541473,0.022016793758794666,0.02563130384609103,1.2721186712741852
366,1.3220230668067932,0.02211999001726508,0.02571852028146386,1.2741845576286317
367,1.331548711681366,0.021607203947752715,0.02578581784889102,1.284155690574646
368,1.3307565181732177,0.024194931259378792,0.025841517560184,1.2807200699806214
369,1.3231567146301269,0.021868713511899115,0.026084562160074713,1.2752034379959107
370,1.3181431761741638,0.019219583805277943,0.025621004328876734,1.2733025871276855
371,1.3224905841827392,0.022082985162734985,0.02575147049501538,1.27465612783432
372,1.3227831036567688,0.02119022480621934,0.02586876940652728,1.2757241102218628
373,1.3209142906188964,0.021813372864574194,0.025674303044378757,1.2734266149520874
374,1.3168272706985473,0.01954684848487377,0.025467926207184792,1.2718124959945678
375,1.318401465845108,0.01956228046119213,0.025358369573950768,1.2734808130264281
376,1.317720307826996,0.01952260873168707,0.025271357382833957,1.2729263416290284
377,1.3207796083450318,0.024671174652501942,0.025049447644501923,1.2710589846611022
378,1.323844813156128,0.022173736967891454,0.025005661674588918,1.276665413570404
379,1.3278237084388733,0.024511784613505005,0.02621809137389064,1.2770938327789307
380,1.401218992614746,0.02451858506128192,0.026064132384210827,1.3506362749099732
381,1.3227446378707886,0.02427339254319668,0.026123317809402944,1.2723479273319245
382,1.3211192531585694,0.02423639361821115,0.026520352671295405,1.2703625069618225
383,1.3187919916152955,0.020320725993812083,0.026019990791380405,1.2724512747764587
384,1.353975305557251,0.027544504598528148,0.027128182233870028,1.2993026183128358
385,1.3233785828590392,0.02459895849376917,0.02651195843219757,1.272267666912079
386,1.3223308168411254,0.02354291650541127,0.02665060504004359,1.2721372944831848
387,1.3311919209480285,0.028119694977253674,0.027373471549153327,1.275698754787445
388,1.3345816669464112,0.029254692244529725,0.028145610731840135,1.2771813643455505
389,1.3279748434066772,0.025531607507169245,0.026987276393920182,1.275455959033966
390,1.3312577832221986,0.027750603672116996,0.027721862398833036,1.275785316181183
391,1.3223389259338378,0.02296363652125001,0.027020876363664865,1.272354412174225
392,1.326604509449005,0.02589321995675564,0.026832355837523938,1.2738789333343505
393,1.332182619190216,0.025365052794665097,0.029080638943612576,1.277736926651001
394,1.3258915385246277,0.022101275155320763,0.030370029707252978,1.273420233297348
395,1.327808776664734,0.024528293704241515,0.0267707062125206,1.276509777021408
396,1.3230946990013122,0.023612219294905663,0.027432784743607046,1.2720496950626374
397,1.3246784633636475,0.01959973709844053,0.02681723301410675,1.2782614919662476
398,1.324948623085022,0.022793176713585852,0.026274259016662836,1.2758811866760253
399,1.3260608063697814,0.025563168244063853,0.02660901621505618,1.2738886224746704
400,1.3477280975341797,0.02621028742864728,0.026825269200652837,1.294692539691925
401,1.3288760724067687,0.025408229589462282,0.02665143011137843,1.276816412639618
402,1.3278342505455016,0.02616626593247056,0.02640278993397951,1.2752651948928833
403,1.331447824192047,0.026591372223943473,0.028530788074433804,1.2763256636619569
404,1.3290782190322876,0.02660389028713107,0.027804075074195862,1.2746702538490295
405,1.325929210281372,0.028382917042821646,0.028445415756851434,1.2691008772850036
406,1.3288464983940125,0.022733131154626607,0.02766829751059413,1.2784450702667236
407,1.3245698553085328,0.024720562341064213,0.028178049781918527,1.271671242904663
408,1.3269502272605895,0.024031396966427563,0.02836027082130313,1.274558559846878
409,1.3297429954528808,0.02589772813767195,0.028485827328264712,1.2753594395637513
410,1.3256506640434265,0.02399487467780709,0.028339759480208157,1.2733160295009613
411,1.328331924533844,0.025260017596930265,0.028252173414081334,1.2748197315216065
412,1.3202145648956298,0.022105845595151188,0.027237913651019335,1.2708708055973053
413,1.3220442006111146,0.023462581610307096,0.026554933355003595,1.27202668800354
414,1.3214400016784669,0.023880378801375626,0.02714620681926608,1.2704134157180786
415,1.341097515964508,0.02165674241296947,0.026577452183514833,1.2928633234024047
416,1.3159897615432739,0.020433395357057453,0.026056478945165874,1.2694998866081237
417,1.318272072505951,0.021980420978739857,0.0258309317573905,1.2704607197284699
418,1.3179032227516174,0.021088986595347525,0.02569031681418419,1.2711239181995393
419,1.3143406401634217,0.019589194943010806,0.02552337047457695,1.2692280755996703
420,1.3206383189201354,0.022115192440897227,0.025634444181621075,1.272888682460785
421,1.3171090321540833,0.0214243637483567,0.025329903919249774,1.2703547655105591
422,1.3333050413131713,0.022637820539623498,0.02552651719227433,1.2851407046794892
423,1.3245665008544922,0.025539905389398338,0.025993284483999013,1.2730333101272584
424,1.3243889644622804,0.024203975404053925,0.025845445381104948,1.274339544391632
425,1.3160679680824279,0.021507281163334845,0.025483226493000985,1.2690774609565736
426,1.3185397085189818,0.02390247811116278,0.026046870888769627,1.26859036154747
427,1.323338675403595,0.02478232097327709,0.026312033444643022,1.2722443206787108
428,1.3139471015930175,0.0214072402253747,0.02526755052059889,1.267272309589386
429,1.3205753915786742,0.023534656747430563,0.025628666707128288,1.2714120695114135
430,1.32361639213562,0.025930368360877035,0.02564972288236022,1.272036299419403
431,1.3297135472297668,0.02718234081938863,0.026206121169030667,1.2763250851631165
432,1.3408081159591674,0.024867747462168337,0.025815660414099693,1.290124708366394
433,1.3244247721672058,0.026802341248840095,0.02689163540005684,1.270730795097351
434,1.3180625754356383,0.021742881592735647,0.025793255692720413,1.2705264363765716
435,1.314995404434204,0.023955997518077494,0.02564409812763333,1.2653953089237213
436,1.3168015749931334,0.023275769928842782,0.02534953194335103,1.2681762724876404
437,1.3238473269462585,0.024834060234576464,0.026421164521574975,1.2725921016693116
438,1.3185783352851868,0.02448141080737114,0.026103201695531607,1.267993722820282
439,1.319375957775116,0.02383694302290678,0.0258896875962615,1.2696493270874023
440,1.3101397508621215,0.01960403438434005,0.02606927188038826,1.264466445350647
441,1.3182439931869507,0.0237901159722358,0.02630828325152397,1.2681455939292907
442,1.3196799656867981,0.023257975829392673,0.026135851761698723,1.2702861399650573
443,1.3217254905700684,0.024985364354401827,0.02597299024015665,1.270767134809494
