,total_loss,mse_loss,duration_loss
0,10238.019578243824,10236.43598779719,1.5833786675270567
1,27.048905316819535,25.64363456786947,1.4052707090022716
2,10.152080804743665,8.80338106510487,1.3486997573933703
3,6.790121590837519,5.58292929669644,1.207192304920643
4,5.462620418122474,4.330227636276407,1.1323927818460668
5,3.4418318829637893,2.3709806419433432,1.0708512391181702
6,2.5257342559226017,1.2837843425730442,1.241949919690477
7,2.3013439343330706,1.005313145987531,1.296030785809172
8,2.1728399294487972,0.897275040758417,1.2755648893244722
9,2.056228292115191,0.8284463939514566,1.2277818981637345
10,1.9461033838860533,0.7786118581574014,1.1674915292161576
11,1.8706119783381199,0.7430144335995329,1.127597545689725
12,1.8023454895678988,0.7114869619303561,1.0908585241500368
13,1.749281239002309,0.6797563284635544,1.0695249076853408
14,1.7531493198364339,0.6865292568790152,1.0666200664449246
15,1.6623129476892187,0.6399526852876583,1.0223602652549744
16,1.6347094533291269,0.625414011326242,1.009295438198333
17,1.598136326099964,0.5967593357918111,1.0013769890399689
18,1.5660075545310974,0.581847791976117,0.9841597650913482
19,1.5563237514901669,0.5753331837501932,0.9809905642524679
20,1.5209325063735881,0.5545360628277698,0.9663964395827436
21,1.5284820395581267,0.5588366826798054,0.9696453546589994
22,1.4633625555545726,0.517331878397059,0.9460306782671746
23,1.4424043957223283,0.5059931476382499,0.9364112482426015
24,1.4065766068215066,0.4887452688305936,0.9178313362471601
25,1.3997826170414052,0.48130958638292676,0.918473038267582
26,1.3767206903467788,0.4782368786474492,0.8984838061510249
27,1.3260116824444304,0.4467442956693629,0.8792673872506365
28,1.2910968705694725,0.42796714286854926,0.8631297267497854
29,1.2791629300472585,0.42253388987576707,0.8566290365254625
30,1.2280224986532902,0.3962921332171623,0.8317303660702198
31,1.2092762532386374,0.38515454102703867,0.8241217120530757
32,1.1844317469191044,0.3742476601866966,0.8101840881591148
33,1.1568360176492245,0.35888358268966064,0.7979524370203627
34,1.1316941475614588,0.34370631677039126,0.7879878345956194
35,1.0997281461320025,0.3261350933858689,0.7735930491001048
36,1.0826337508698727,0.3157203409900057,0.766913411782143
37,1.0659828160671478,0.3084698739521047,0.757512944492888
38,1.0404302921700985,0.2936350684216682,0.7467952259677522
39,1.0081813585885027,0.2754219890908992,0.7327593704487415
40,0.9985363952657009,0.27461393779896676,0.7239224555644583
41,0.9759523082286754,0.2596740205871298,0.7162782873244996
42,0.9608697532973391,0.25594908442903075,0.7049206682342164
43,0.9443201004190648,0.24653196968930832,0.6977881319979404
44,0.9209461361169815,0.23306881715642644,0.687877319911693
45,0.9025541106437115,0.22455780873907374,0.6779963022216837
46,0.8873546329584527,0.2174788735648419,0.6698757584424729
47,0.8700335488674489,0.21276343122441718,0.6572701173259857
48,0.8740473405477849,0.21920437445031835,0.6548429648292825
49,0.8503665936754105,0.2039646436559393,0.6464019500194712
50,0.8356104426561518,0.20006174578311595,0.6355486968730358
51,0.8113965461862848,0.18716505486914453,0.6242314913171403
52,0.784866029277761,0.17263126531814008,0.6122347639596208
53,0.7817400503665843,0.1706871767627432,0.6110528737623641
54,0.7596730542309741,0.16241850022305834,0.5972545540079157
55,0.7592901739668338,0.1630194900517768,0.5962706834394881
56,0.7285374456897695,0.14942537026202424,0.5791120757447913
57,0.7291686354165382,0.1521964710443578,0.5769721642136574
58,0.711005318038007,0.14275736662935704,0.568247951091604
59,0.7043632364019434,0.1429815980348181,0.5613816388426943
60,0.6932166447030738,0.13827285741237885,0.5549437871321719
61,0.6797239162186359,0.1325044020059261,0.5472195135786179
62,0.6693133879849251,0.12770604009323933,0.5416073483672548
63,0.658859762105536,0.1219649226107496,0.5368948398118324
64,0.6482840418181521,0.11942943772102924,0.5288546048897378
65,0.641923800110817,0.11506832565398926,0.5268554735056897
66,0.6305921025415684,0.10773962577606769,0.5228524780336846
67,0.6341055782234415,0.11769030766284212,0.5164152715117374
68,0.6153068907083349,0.10392842964923128,0.5113784612176266
69,0.601247046380601,0.09878056734166246,0.5024664796730305
70,0.5901160138718625,0.0919120654146722,0.49820394814014435
71,0.5917961522936821,0.09334475182472392,0.49845140110305014
72,0.5763275590031705,0.08566727346562325,0.4906602845864093
73,0.5614009810254929,0.07756978558733109,0.4838311936944089
74,0.5715864055017208,0.08302925114936018,0.4885571546694066
75,0.5709792866985849,0.08362315500036199,0.4873561329664068
76,0.558632752204195,0.07865172941633995,0.479981024056039
77,0.5460838096890044,0.07014860434735075,0.47593520597574557
78,0.5429135494409724,0.06892608740228287,0.47398746283130444
79,0.5352291447368074,0.06265108540971229,0.4725780580589112
80,0.5406769970630078,0.06884715341507121,0.47182984523316646
81,0.5193065870949563,0.05774168606768263,0.4615649011857966
82,0.5145476859934787,0.05151229621248042,0.4630353918417971
83,0.5171136202964377,0.05477055812135656,0.46234306138246617
84,0.5062763467431068,0.04901676799388642,0.4572595798588814
85,0.501041757616591,0.045385181269747145,0.45565657777355073
86,0.4951627094377863,0.04288820034645973,0.4522745067134817
87,0.4928212508242181,0.03777096151037419,0.4550502891553209
88,0.4839240677179174,0.034633323867270284,0.44929074369212413
89,0.474511500368727,0.02922228549389129,0.4452892139236978
90,0.46366624803619183,0.023400083818334215,0.44026616390081164
91,0.4629980119618964,0.02320289833748594,0.4397951136244104
92,0.4603650695148935,0.020608027247672387,0.4397570424257441
93,0.4573035365406503,0.01755278097822311,0.4397507555624272
94,0.46075368767723124,0.021709834007506677,0.43904385398677054
95,0.45407112148847983,0.017315066875295437,0.43675605397909245
96,0.4449423462786573,0.010913649455029914,0.43402869793328835
97,0.4338782404331451,0.0022179138787249302,0.4316603268714661
98,0.4301526964978969,0.002172614982787599,0.4279800819906783
99,0.42664321654654563,-0.0021735937037366503,0.4288168100917593
100,0.42111220321756726,-0.004462854342257723,0.425575057242779
101,0.41665780908883887,-0.008532280934617874,0.42519009002345676
102,0.4210374314100184,-0.0046092566657573615,0.4256466882342988
103,0.4038532040220626,-0.01563144681301523,0.4194846511521238
104,0.40466347336769104,-0.014556245917969562,0.4192197191271376
105,0.39819607297156717,-0.01965339259898409,0.41784946588759725
106,0.39070968995703026,-0.025173517617773502,0.41588320773332677
107,0.39508576168024795,-0.02065853235569406,0.415744294194465
108,0.3872701295829834,-0.026725212627268853,0.41399534221025225
109,0.385920375744079,-0.027989257523354065,0.4139096332674331
110,0.3738370666161497,-0.03495246932861653,0.4087895362618122
111,0.3660611191645582,-0.03992948348217822,0.4059906028052594
112,0.3600609998436684,-0.04222469095219957,0.402285690795868
113,0.3610157139123754,-0.04408233248172922,0.40509804623558165
114,0.3486483674100105,-0.0514026902457501,0.4000510576557606
115,0.354882872009531,-0.0484133946134689,0.4032962666229999
116,0.3502404088986681,-0.05129226915379788,0.401532678210989
117,0.35180137750316176,-0.048908388043971775,0.4007097655471335
118,0.32901814532406787,-0.06544844394034528,0.39446658926441314
119,0.3301547849748997,-0.06489160466701427,0.39504638964191396
120,0.3243352529850412,-0.069251593757183,0.39358684674222416
121,0.31839724519151325,-0.07232275383269533,0.39071999902420856
122,0.32686908352882305,-0.06897448130110477,0.39584356482992783
123,0.30813674707996086,-0.08024314933634819,0.38837989641630905
124,0.3089714142236304,-0.08006105143973168,0.38903246550483905
125,0.2994655595814928,-0.0871977853648206,0.38666334494631344
126,0.30143857953396247,-0.08495216547174657,0.3863907450057091
127,0.2931575229827394,-0.09060237635957434,0.38375989934231375
128,0.29788063339730525,-0.08716902802599237,0.38504966142329766
129,0.2830384785824634,-0.09752287414479763,0.380561352727261
130,0.2980669299338726,-0.08877084673719203,0.38683777667106467
131,0.27074858562109316,-0.10701786108473514,0.3777664467058283
132,0.2842887345146626,-0.09864682783471777,0.3829355623493803
133,0.26460492801158986,-0.10932223562230454,0.3739271636338944
134,0.26889842796198865,-0.1110509640358864,0.37994939199787503
135,0.262552465530152,-0.11391825371600212,0.37647071924615416
136,0.2593018002015479,-0.11490891747018124,0.37421071767172914
137,0.2517417120806714,-0.11896109168833875,0.37070280376901016
138,0.2375993438540621,-0.1283551831828787,0.3659545270369408
139,0.24923430256387022,-0.12121481083809062,0.3704491134019608
140,0.24025541884785004,-0.12935166695016495,0.369607085798015
141,0.2397586945840653,-0.12970184455526637,0.36946053913933163
142,0.2275387907915927,-0.13904566650694988,0.3665844572985426
143,0.22754665670242716,-0.1377256379482594,0.36527229465068656
144,0.2159205007743328,-0.14491573673613528,0.3608362375104681
145,0.24245996709833753,-0.12634754846704768,0.3688075155653852
146,0.23007307423556106,-0.1382256365836935,0.3682987108192545
147,0.22097572731844922,-0.14297333010967742,0.36394905742812667
148,0.21434482076066605,-0.1473462518225325,0.36169107258319855
149,0.20775092234636874,-0.1511862151166226,0.35893713746299133
150,0.21551050007977385,-0.14889125335723796,0.3644017534370118
151,0.2030044234496482,-0.1548723803555712,0.35787680380521936
152,0.19600764107196889,-0.1617550532868568,0.3577626943588257
153,0.21019620353237112,-0.15127653263984842,0.36147273617221953
154,0.19649099035465972,-0.16100334772404204,0.35749433807870173
155,0.20052834092936617,-0.15655094765602273,0.3570792885853889
156,0.1892744982813267,-0.16503895121686002,0.3543134494981867
157,0.18937839535956688,-0.16424277044357138,0.35362116580313824
158,0.1767460916270601,-0.1737591820828458,0.3505052737099059
159,0.18792099933674994,-0.16872227382152638,0.3566432731582763
160,0.1726410874026887,-0.17659943471563624,0.3492405221183249
161,0.1736298420644821,-0.17616962054942517,0.34979946261390726
162,0.16628551118551416,-0.18179873266118637,0.34808424384670056
163,0.16351551974707462,-0.18363246321678162,0.34714798296385624
164,0.1626736677073418,-0.18032256085821924,0.342996228565561
165,0.15445269977158688,-0.18912933196159118,0.3435820317331781
166,0.15977917468928277,-0.18643546453181734,0.3462146392211001
167,0.15388238414170893,-0.1866911938215824,0.34057357796329135
168,0.1418438805861676,-0.19687152225920496,0.33871540284537255
169,0.14026769900575597,-0.19840704760652908,0.338674746612285
170,0.15804680278326602,-0.1872894158388706,0.34533621862213665
171,0.14344442778445304,-0.19784461754433652,0.34128904532878956
172,0.14104431740781095,-0.1996611680122132,0.34070548542002416
173,0.14773788176318434,-0.19810033034771046,0.34583821211089477
174,0.1397765944612787,-0.2023542434611219,0.3421308379224006
175,0.13725643335504734,-0.20299425721168518,0.3402506905667325
176,0.13344966556797636,-0.20613708775094214,0.3395867533189185
177,0.14080721227095483,-0.20126240272471246,0.3420696149956673
178,0.1401407225651944,-0.20163782765256597,0.3417785502177604
179,0.12230722875671184,-0.21107264021609692,0.33337986897280875
180,0.12618878198430894,-0.21090383161889745,0.3370926136032064
181,0.11882639581218679,-0.21683616460637845,0.33566256041856524
182,0.12270841969454542,-0.21354412588667362,0.33625254558121903
183,0.11188403199961845,-0.21897662573672355,0.330860657736342
184,0.10410515631132937,-0.22421863104434722,0.32832378735567663
185,0.11247781727542268,-0.2192125364821008,0.3316903537575235
186,0.10789694478537173,-0.22260806027879107,0.3305050050641628
187,0.1152022105265171,-0.21957036218744644,0.33477257271396355
188,0.10658210595237448,-0.22501520400351666,0.33159730995589115
189,0.10107936472334761,-0.22777919185922502,0.3288585565825726
190,0.1266908307975911,-0.2101971167833247,0.33688794758091584
191,0.09310476267908482,-0.2316822574493733,0.3247870201284581
192,0.11674896691073762,-0.21858168155589003,0.33533064846662763
193,0.0962474933488572,-0.2305251600894522,0.3267726534383094
194,0.0925195167197826,-0.23506517486369355,0.3275846915834762
195,0.08785796989785864,-0.23800022361126352,0.32585819350912215
196,0.08155321805401052,-0.24415829080216428,0.3257115088561748
197,0.08675224056586306,-0.23945260238140187,0.32620484294726493
198,0.08118265645301088,-0.2426078566845427,0.3237905131375536
199,0.08104834245874527,-0.24478426829297492,0.3258326107517202
200,0.08424983744291549,-0.2413251095629753,0.3255749470058908
201,0.0833118366117173,-0.2413065953457609,0.3246184319574782
202,0.07442977802550539,-0.24540751411559733,0.31983729214110274
203,0.0839127261746437,-0.24140962768108287,0.32532235385572655
204,0.07171708361265507,-0.2489768811996947,0.32069396481234974
205,0.06241661341900521,-0.2554807739054903,0.3178973873244955
206,0.06714657472169146,-0.2552283380893951,0.32237491281108654
207,0.0665737565686094,-0.25269677093688475,0.3192705275054942
208,0.06824846462683475,-0.25199927548144724,0.320247740108282
209,0.06078873764961324,-0.25811916526327744,0.3189079029128907
210,0.05575697171561261,-0.26054150690423683,0.31629847861984944
211,0.053869742266041167,-0.26057539404706753,0.31444513631310866
212,0.05920962323533728,-0.2591548378163196,0.31836446105165683
213,0.06557743512886635,-0.25559234428913036,0.32116977941799674
214,0.050569142036615534,-0.2617773603885732,0.3123465024251887
215,0.04566036006237598,-0.26484683092604294,0.3105071909884189
216,0.051318361087048306,-0.2631271538582254,0.31444551494527373
217,0.05504616445049326,-0.25971254072290784,0.3147587051734011
218,0.04356814350219483,-0.26821835370773967,0.31178649720993445
219,0.044558202966730645,-0.26701408371012264,0.31157228667685327
220,0.036656575792647424,-0.27014024904433714,0.3067968248369846
221,0.05244813788127392,-0.2625344883888326,0.3149826262701065
222,0.038514229924754895,-0.27102277507173256,0.30953700499648745
223,0.039707860334756526,-0.2699445460705047,0.3096524064052612
224,0.03355690179036019,-0.27463854500587953,0.30819544679623967
225,0.046084257833501126,-0.26675797586745403,0.31284223370095515
226,0.03073244462621973,-0.27979010153324047,0.3105225461594602
227,0.029230303507536016,-0.278494120278257,0.307724423785793
228,0.029562320718739894,-0.27866544812283617,0.30822776884157604
229,0.03034328249223689,-0.27758272911639925,0.30792601160863614
230,0.028278684283190584,-0.28222435966451115,0.3105030439477018
231,0.031240259079222985,-0.27830500488585613,0.30954526396507914
232,0.028855696241272256,-0.2799053020933841,0.30876099833465637
233,0.033630370063350554,-0.27530349949572946,0.30893386955908003
234,0.012968909312435922,-0.28782381846549665,0.30079272777793253
235,0.01231960341968435,-0.2893636556381875,0.30168325905787186
236,0.020436136408689173,-0.2845066633630306,0.3049427997717198
237,0.015329539775848389,-0.28678347138648336,0.30211301116233175
238,0.003445305326517592,-0.2955319418552074,0.29897724718172497
239,0.005169736815893904,-0.2930000716067375,0.2981698084226314
240,0.004008513419552052,-0.29462100660547297,0.298629520025025
241,0.033409429832975915,-0.27397618902490495,0.30738561885788085
242,0.010137568366654377,-0.2916737566602991,0.30181132502695346
243,0.03218561957808251,-0.2677459653387678,0.29993158491685035
244,0.014563602652955563,-0.2820202556062252,0.29658385825918077
245,0.006756265984570726,-0.29029474169649977,0.2970510076810705
246,0.004353486714845008,-0.29568324063686613,0.30003672735171116
247,0.017091205621019324,-0.2858014290637158,0.30289263468473515
248,-0.0027957586373420474,-0.29879304639836574,0.2959972877610237
249,0.001304800919395812,-0.2949089591807507,0.29621376010014655
250,-0.006395252619652038,-0.3021021967238568,0.2957069441042048
251,-0.0067053457840960074,-0.30043924805965827,0.2937339022755623
252,-0.014007109435314828,-0.3058900478038382,0.29188293836852336
253,-0.001846581459679502,-0.2988629848399061,0.29701640338022656
254,-0.007860366492829424,-0.3017293855230859,0.2938690190302565
255,-0.011265061795711517,-0.30487533959936586,0.29361027780365434
256,-0.020490128784737688,-0.30998576321500415,0.28949563443026644
257,-0.00022970472878598152,-0.2926944671793187,0.2924647624505327
258,-0.007705639651481142,-0.3031572122523125,0.2954515726008314
259,-0.018464445354456595,-0.30972880315273366,0.2912643577982771
260,-0.012469054536616548,-0.307592825052586,0.29512377051596944
261,-0.008213159093197355,-0.30275028183105146,0.2945371227378541
262,-0.012499308966575785,-0.3081308273558921,0.29563151838931634
263,-0.020181652079237267,-0.3125523163917217,0.29237066431248443
264,-0.022753542566553077,-0.31339188522480904,0.29063834265825594
265,-0.024262643954221237,-0.3133551554476961,0.28909251149347487
266,-0.01903929704047264,-0.3109421260813449,0.2919028290408723
267,-0.02653438740588249,-0.3160237251444066,0.2894893377385241
268,-0.022270244328265496,-0.31644710137488996,0.29417685704662444
269,-0.007238188084769756,-0.3032788203117695,0.2960406322269998
270,-0.029516205112350747,-0.31670318258569596,0.2871869774733452
271,-0.0122068648801205,-0.30214597506726043,0.2899391101871399
272,-0.017000708570505712,-0.30864721346408763,0.2916465048935819
273,-0.024713107166772195,-0.31521987344356295,0.29050676627679073
274,-0.028077389727881614,-0.32078678430394925,0.2927093945760676
275,-0.027786254248720534,-0.31599279287013604,0.2882065386214155
276,-0.03794114695901566,-0.32241363728300054,0.28447249032398486
277,-0.03748633942388473,-0.3239683927373683,0.2864820533134836
278,-0.03906358976630454,-0.3259276443339409,0.2868640545676363
279,-0.036256504978271244,-0.3216426448619112,0.28538613988364
280,-0.02610429495255998,-0.31669633946520215,0.2905920445126422
281,-0.030533197553867988,-0.3185946560920553,0.2880614585381873
282,-0.026186277891727203,-0.31937631330591565,0.2931900354141885
283,-0.037212179934090754,-0.3245061008220023,0.28729392088791156
284,-0.032973392054121545,-0.3228909214760395,0.28991752942191795
285,-0.042880741443405763,-0.3277404955092897,0.28485975406588393
286,-0.03636951704925679,-0.32395764424445783,0.28758812719520105
287,-0.04234343473898604,-0.33015139559482004,0.28780796085583404
288,-0.04237982495985133,-0.33036439406110885,0.2879845691012575
289,-0.04830510343642945,-0.3317621648311615,0.28345706139473203
290,-0.03576813170567472,-0.3235056330548956,0.2877375013492209
291,-0.04142657754586098,-0.3289033225242128,0.2874767449783518
292,-0.04604498503055978,-0.3318390630661173,0.2857940780355575
293,-0.04239547205098132,-0.330025721103587,0.28763024905260576
294,-0.04610267440055279,-0.33216905910918054,0.2860663847086277
295,-0.043861973872210115,-0.3310879094803587,0.2872259356081486
296,-0.04573849572780284,-0.3327885758369527,0.28705008010914984
297,-0.04906293131569599,-0.3357405446945353,0.2866776133788393
298,-0.0437213696063833,-0.3338797428506486,0.2901583732442653
299,-0.0453779344704557,-0.3312837601976192,0.2859058257271635
300,-0.046094095532564404,-0.3339322285449251,0.2878381330123607
301,-0.042452756473992735,-0.33286732371817246,0.2904145672441797
302,-0.052762003338083306,-0.3349455601357399,0.2821835567976566
303,-0.051442795769965396,-0.33612432885677257,0.28468153308680716
304,-0.04623631847665665,-0.33513125460198584,0.2888949361253292
305,-0.05154981686079756,-0.3374911920821413,0.2859413752213438
306,-0.05979642676229172,-0.343498502640014,0.2837020758777223
307,-0.03434563705578764,-0.32784992646663746,0.29350428941084983
308,-0.04687403110747642,-0.33673127407723286,0.28985724296975646
309,-0.060569575730156394,-0.34509927097787246,0.2845296952477161
310,-0.06244718608386973,-0.3466937091756374,0.2842465230917677
311,-0.052911735119971826,-0.34220125446928307,0.28928951934931124
312,-0.054179386731157915,-0.34015027766532085,0.28597089093416295
313,-0.050176649176059886,-0.3362854351388647,0.2861087859628048
314,-0.05973994319743298,-0.3453334607976548,0.28559351760022184
315,-0.05080320400760529,-0.34322007983288866,0.29241687582528336
316,-0.048078064033959776,-0.3372983304744071,0.28922026644044735
317,-0.0414747121010689,-0.3325023486259136,0.2910276365248447
318,-0.049157129719536355,-0.3395024208312339,0.29034529111169755
319,-0.053833991685446274,-0.3427271310319292,0.2888931393464829
320,-0.04313071920199597,-0.33804470871357206,0.2949139895115761
321,-0.05868454975016574,-0.34885516065232297,0.29017061090215723
322,-0.06235521334282895,-0.3511216919472877,0.28876647860445875
323,-0.05400714523931767,-0.3453212336022803,0.29131408836296263
324,-0.05687075044880522,-0.3465894581155574,0.2897187076667522
325,-0.055287434620426054,-0.3470658501412006,0.29177841552077455
326,-0.05542631471093665,-0.34795544756219743,0.29252913285126075
327,-0.05373379627757884,-0.3456037761049068,0.29186997982732793
328,-0.05044807446129779,-0.346239280827502,0.2957912063662042
329,-0.05136289693256642,-0.3477644698416933,0.2964015729091269
330,-0.04798939245495391,-0.3450359670405692,0.29704657458561534
331,-0.0500278613193238,-0.3461441752758432,0.2961163139565194
332,-0.04244098122766678,-0.34407253531699483,0.30163155408932807
333,-0.055348507822194,-0.3503177026484875,0.2949691948262935
334,-0.044930433814829966,-0.34512503857308247,0.3001946047582525
335,-0.05163342101459808,-0.348218227954621,0.2965848069400229
336,-0.04488038002176488,-0.3442373878144203,0.29935700779265545
337,-0.046446610321389865,-0.34764332720573915,0.30119671688434924
338,-0.053427023218667255,-0.35032245897232217,0.2968954357536549
339,-0.0509412925928197,-0.349298063110798,0.29835677051797826
340,-0.04764350725615278,-0.3484486461953914,0.3008051389392386
341,-0.046361450264428526,-0.3491983965356299,0.3028369462712014
342,-0.045248528665050546,-0.34726614140449685,0.30201761273944633
343,-0.04469529840540379,-0.34586518876096034,0.3011698903555566
344,-0.04209895328955447,-0.34772702988157883,0.30562807659202434
345,-0.0501500185816846,-0.3504312685195436,0.300281249937859
346,-0.043104766372670515,-0.3464131425035761,0.30330837613090555
347,-0.04815386711282933,-0.35256319857658225,0.30440933146375293
348,-0.05332862562004556,-0.35391387089769893,0.30058524527765335
349,-0.04243640284588997,-0.34852854685580476,0.3060921440099148
350,-0.039508825683213296,-0.34617215204746166,0.30666332636424837
351,-0.040940225679189604,-0.34729934816664837,0.3063591224874588
352,-0.04657129261721956,-0.3518689217719626,0.305297629154743
353,-0.048375159026460446,-0.3536777781679275,0.30530261914146706
354,-0.04199654680300266,-0.3514523404709836,0.309455793667981
355,-0.041399905656246426,-0.3511400622256259,0.3097401565693794
356,-0.04673077681280197,-0.3531964636863546,0.30646568687355263
357,-0.03475044517123953,-0.34822728659244295,0.3134768414212034
358,-0.0291308175693167,-0.3399459421634674,0.3108151245941507
359,-0.04756343008038846,-0.35672060986782644,0.30915717978743795
360,-0.048762814003102325,-0.3570124234290833,0.308249609425981
361,-0.03584228907810881,-0.3499397210618283,0.3140974319837195
362,-0.036417809572625665,-0.35033066031780646,0.3139128507451808
363,-0.04007136710780732,-0.35547235544691697,0.3154009883391096
364,-0.030219209875832213,-0.3444080669829186,0.3141888571070864
365,-0.04197996276173186,-0.3535188487235536,0.3115388859618217
366,-0.026124586450292708,-0.34447773720355745,0.31835315075326476
367,-0.03942352105328377,-0.3552836623597652,0.3158601413064815
368,-0.03657403524885786,-0.35404549570793803,0.31747146045908015
369,-0.04279298937701164,-0.35669420057154716,0.3139012111945355
370,-0.03986476219080864,-0.35483176911130865,0.3149670069205
371,-0.02733675017952919,-0.35045785916612504,0.32312110898659585
372,-0.016858809013315972,-0.3470579373075607,0.33019912829424475
373,-0.0300584983952502,-0.35030213759300555,0.3202436391977554
374,-0.026754593754068336,-0.3507830367443409,0.3240284429902726
375,0.4277211043270344,-0.09477134001381854,0.5224924451334679
376,0.4214361658755769,-0.0943542202102377,0.5157903859272917
377,0.0460184948875549,-0.30507433351050034,0.3510928283980552
378,-0.00478641023027136,-0.3361420428499262,0.3313556326196549
379,-0.016253616423048872,-0.3443896421726714,0.32813602574962253
380,-0.008402166055872086,-0.34077983270300194,0.33237766664712987
381,-0.025063378538223022,-0.35220431076719405,0.32714093222897106
382,-0.019454045974193736,-0.34975385285438376,0.33029980688019
383,-0.01786120537113636,-0.35131237101047597,0.33345116563933963
384,-0.02693841368594068,-0.3565969422776648,0.3296585285917242
385,-0.01741676793453541,-0.34919863432011705,0.33178186638558166
386,-0.020167278165512895,-0.3539873539133275,0.3338200757478146
387,-0.009191242462777078,-0.34464659525993024,0.33545535279715316
388,-0.01055461564596663,-0.3466586781309006,0.33610406248493396
389,-0.015061796028563317,-0.3481787195865144,0.3331169235579511
390,-0.023341942974861633,-0.3542440197569259,0.33090207678206424
391,-0.021929007895449375,-0.35411048442759413,0.33218147653214475
392,-0.005173800949086534,-0.343332291283506,0.33815849033441947
393,-0.015312063725704842,-0.35025966674723524,0.33494760302153037
394,-0.018992382002637743,-0.3542695825404309,0.3352772005377932
395,-0.014623285132519741,-0.3505822572302311,0.33595897209771136
396,-0.013595929171176666,-0.34960813725248296,0.3360122080813063
397,-0.02363044911242546,-0.35726220557030214,0.3336317564578766
398,0.0022121368253484684,-0.3426811542916805,0.344893291117029
399,-0.01745558133784761,-0.3540000363867334,0.33654445504888575
400,-0.018551292254569682,-0.3572704493999481,0.3387191571453784
401,-0.01116488905663186,-0.3525544728370423,0.34138958378041045
402,-0.007373590735678977,-0.34955066062034446,0.34217706988466545
403,-0.011997885209448795,-0.35435237846475964,0.34235449325531087
404,-0.00885653796982258,-0.3515037792794248,0.3426472413096022
405,-0.021695107697172367,-0.3584216947251178,0.3367265870279454
406,-0.005087454109749896,-0.3482786182393419,0.343191164129592
407,-0.022877524666329647,-0.3616796357834593,0.33880211111712966
408,-0.032542440802492995,-0.367356003598964,0.33481356279647095
409,-0.01842671347425339,-0.36104056936629275,0.34261385589203935
410,-0.011800071819031492,-0.35499539400668856,0.343195322187657
411,-0.014825156394471514,-0.3573859010605102,0.3425607446660387
412,-0.03332332133295688,-0.3717673015087209,0.338443980175764
413,-0.02957019178157157,-0.36743876781869445,0.33786857603712284
414,-0.028107571950618256,-0.3690164089202881,0.34090883696966984
415,-0.006537466924241248,-0.34896104449921467,0.34242357757497344
416,-0.028895702767879405,-0.3696390764510378,0.3407433736831584
417,-0.019098340038289415,-0.3614557296671766,0.3423573896288872
418,-0.029163831250464664,-0.36959700254683797,0.34043317129637335
419,-0.03411067158300826,-0.3728669456979062,0.3387562741148979
420,-0.02928218863745953,-0.37079823334166345,0.34151604470420394
421,0.09724034115355065,-0.31934502562309836,0.416585366618126
422,-0.01248627615735886,-0.36795389335206213,0.35546761719470327
423,-0.021988206879889713,-0.370812437001695,0.3488242301218053
424,-0.017273427165569143,-0.3712247832024351,0.35395135603686595
425,-0.03567824940732185,-0.3794930640687334,0.3438148146614115
426,-0.03130918582703205,-0.3778816372790235,0.34657245145199145
427,-0.030650437670819302,-0.37972253307383114,0.3490720954030118
428,-0.008931653138170851,-0.36317013362620737,0.3542384804880365
429,-0.042640948390707055,-0.3860907878013367,0.3434498394106297
430,-0.032602701415406894,-0.37973743233274904,0.34713473091734215
431,-0.03733414157908013,-0.3827412965449881,0.34540715496590796
432,-0.040313502575488804,-0.38314753961055836,0.3428340370350696
433,-0.03129003307920821,-0.38124608169210716,0.349956048612899
434,-0.040819221830114404,-0.3840156419480101,0.34319642011789564
435,-0.05283833754823563,-0.39103695179553744,0.3381986142473018
436,-0.04301437085613291,-0.38816947632647575,0.34515510547034284
437,-0.046328322367465244,-0.39028961671159623,0.343961294344131
438,-0.03238295113786738,-0.38039230729671236,0.348009356158845
439,-0.051239692308801287,-0.39163728026633565,0.3403975879575344
440,-0.05605133765555443,-0.3944753237227176,0.3384239860671632
441,-0.053360290349798,-0.3923904470940854,0.3390301567442874
442,-0.057661223284741665,-0.394881620052013,0.33722039676727134
443,-0.04631679933121864,-0.39216679588277287,0.34584999655155424
444,-0.0487890639837752,-0.3937065151143581,0.3449174511305829
445,-0.03939549482249199,-0.3882441888464258,0.3488486940239338
446,-0.05485369090704208,-0.3952109762962828,0.34035728538924076
447,-0.06717949328904456,-0.4038625904854308,0.3366830971963862
448,-0.05193584475745546,-0.3966834069566524,0.34474756219919694
449,-0.057757915493021623,-0.3955230459253839,0.3377651304323622
450,-0.053088087350764174,-0.3941163629927534,0.3410282756419892
451,-0.058028812579652096,-0.4010328694860986,0.3430040569064465
452,-0.05127072984233816,-0.3972283551033507,0.34595762526101254
453,-0.06207515711479999,-0.4044598772170696,0.3423847201022696
454,-0.05358303465107654,-0.3997276006860936,0.34614456603501703
455,-0.05197908650053308,-0.39893644350640317,0.3469573570058701
456,-0.03925975095084373,-0.38028137163912995,0.34102162068828623
457,-0.060428696585462446,-0.4015980927234,0.34116939613793756
458,-0.05862850473916277,-0.40331257974847834,0.3446840750093156
459,-0.06328696931930299,-0.4067127780711397,0.34342580875183676
460,-0.06200338028212811,-0.40508371908613977,0.3430803388040117
461,-0.06559915206533798,-0.40810171974466203,0.342502567679324
462,-0.05902825549561927,-0.4029815653537182,0.34395330985809897
463,-0.07244672642109241,-0.4098063092282478,0.3373595828071554
464,-0.07366916458023355,-0.41118116898739593,0.33751200440716234
465,-0.06660352330258552,-0.41080535853162725,0.34420183522904174
466,-0.07067008332369175,-0.4136256949698671,0.3429556116461754
467,-0.06645824982130781,-0.41093100005007804,0.3444727502287702
468,-0.07367507368326187,-0.41361943394579787,0.339944360262536
469,-0.06845230244575663,-0.41059884872842345,0.3421465462826668
470,-0.06260168679217075,-0.4077031409486811,0.3451014541565104
471,-0.07326026435228104,-0.4157344933519972,0.3424742289997162
472,-0.06367839746018673,-0.40864239284332765,0.3449639953831409
473,-0.06991682582079096,-0.41495250133757894,0.345035675516788
474,-0.06111505802007432,-0.4097489124916969,0.34863385447162265
475,-0.07719261024860626,-0.41852790117263794,0.3413352909240317
476,-0.05558684817019929,-0.3979210314598489,0.34233418328964965
477,-0.08116294427755032,-0.4223849031519383,0.34122195887438794
478,-0.08082339627311584,-0.422251895387122,0.34142849911400613
479,-0.08141045953999175,-0.42213721541648214,0.34072675587649043
480,-0.0835885668688632,-0.4223789350783571,0.33879036820949393
481,-0.08085954157595938,-0.41997275770978726,0.33911321613382783
482,-0.077678733683647,-0.4211410594747422,0.34346232579109515
483,-0.08395308589047575,-0.42278831372869774,0.338835227838222
484,-0.07931138178769578,-0.4184158761450585,0.33910449435736273
485,-0.08328141874455391,-0.42531417468760874,0.3420327559430548
486,-0.09178311853332723,-0.4294982971029079,0.33771517856958067
487,-0.07104828937890682,-0.41594566816979267,0.34489737879088583
488,-0.08165791924012468,-0.4235522924585545,0.34189437321842986
489,-0.08782904547579745,-0.42587715640981144,0.338048110934014
490,-0.09072243327156027,-0.4283123149516735,0.3375898816801132
491,-0.09286181438476482,-0.4310952729367195,0.3382334585519547
492,-0.09086026298872968,-0.43114501491506046,0.3402847519263308
493,-0.09103208891254791,-0.429521253134342,0.33848916422179404
494,-0.08473334826053457,-0.42830154553372807,0.34356819727319354
495,-0.08472502580348482,-0.4286467883181065,0.34392176251462164
496,-0.0922202746918861,-0.43115323211284395,0.33893295742095786
497,-0.09812505020106092,-0.4356832821318444,0.33755823193078344
498,-0.09952589409782532,-0.4380153259064289,0.3384894318086036
499,-0.10702042836458125,-0.4421735811740794,0.33515315280949814
500,-0.09777365387120146,-0.43795337068273665,0.3401797168115352
501,-0.10154360564465219,-0.4393411633816171,0.33779755773696496
502,-0.11116808938219193,-0.4438751035548271,0.3327070141726352
503,-0.09123688793562829,-0.4352683222040217,0.3440314342683934
504,-0.10287097746387441,-0.44313473967795675,0.34026376221408233
505,-0.0976071391016879,-0.43942897180293466,0.3418218327012468
506,-0.10584833916831524,-0.4436811519430039,0.33783281277468863
507,-0.09177566573340842,-0.4345982315692496,0.34282256583584114
508,-0.1016969325694632,-0.44178551118424597,0.34008857861478275
509,-0.10671117553051482,-0.4435764969663417,0.33686532143582687
510,-0.10842039975080084,-0.4443989529254589,0.335978553174658
511,-0.11386818327802292,-0.4467929550941954,0.33292477181617247
512,-0.10269444657767073,-0.4426835819761804,0.33998913539850967
513,-0.11133765571929038,-0.4462650399258796,0.33492738420658924
514,-0.1112698200852313,-0.44753275526330827,0.336262935178077
515,-0.11220497051452069,-0.4459763099538519,0.33377133943933124
516,-0.1134827343073297,-0.4499380696327128,0.33645533532538313
517,-0.10498133507814814,-0.44530949884272636,0.34032816376457825
518,-0.12375555980078717,-0.4545678236383073,0.3308122638375201
519,-0.10728166109703957,-0.4460660846943551,0.33878442359731553
520,-0.09495081641572586,-0.435196911400937,0.34024609498521113
521,-0.12103524455364714,-0.45341847234583915,0.33238322779219204
522,-0.11378382336586079,-0.45000216555088124,0.33621834218502045
523,-0.11926511976313084,-0.4512981709013594,0.33203305113822856
524,-0.12379165152285962,-0.4573550287713396,0.33356337724847995
525,-0.11622704866718739,-0.4503934199505664,0.334166371283379
526,-0.10166190390257125,-0.4438968135955486,0.3422349096929773
527,-0.11683574588374888,-0.45379064121144885,0.33695489532769995
528,-0.11114980724263698,-0.4502135109394155,0.33906370369677846
529,-0.11650850211686277,-0.4524002823423832,0.33589178022552046
530,-0.11484877844440176,-0.45350449326190545,0.3386557148175037
531,-0.11979093751374711,-0.45535233553419724,0.3355613980204501
532,-0.10984397489339748,-0.4520936982428774,0.3422497233494799
533,-0.1122533826434866,-0.45178072883727705,0.33952734619379044
534,-0.1152425967949502,-0.45212119437278586,0.33687859757783567
535,-0.12325105507006036,-0.456582691441191,0.3333316363711306
536,-0.12337813811733368,-0.45653096221862954,0.3331528241012959
537,-0.08500094204506975,-0.43327383221463955,0.3482728901695698
538,-0.10217631418020168,-0.44893050701060194,0.34675419283040027
539,-0.1102760465855294,-0.45264603356097605,0.3423699869754467
540,-0.1255200354659811,-0.462909238135561,0.33738920266957995
541,-0.12381781487071768,-0.4609655801286089,0.3371477652578912
542,-0.11121829630846673,-0.4539616329872862,0.34274333667881945
543,-0.13282586396374602,-0.46560803055763245,0.33278216659388643
544,-0.11357567126446581,-0.4537909430392245,0.3402152717747587
545,-0.133850263946868,-0.4614520529483227,0.3276017889221932
546,-0.12991224197631188,-0.46301379799842834,0.3331015560221165
547,-0.11025279855474512,-0.44964482873044115,0.339392030175696
548,-0.13447689914957006,-0.46492849765939914,0.3304515985098291
549,-0.14121818922935647,-0.4707374756640576,0.32951928643470113
550,-0.1318584288212847,-0.46510199473259295,0.33324356591130827
551,-0.12916990956093402,-0.466172234809145,0.337002325248211
552,-0.14423972606024843,-0.4727353853114108,0.32849565925116236
553,-0.14881669936027933,-0.47419259903278754,0.32537589967250824
554,-0.1474140576542692,-0.4748595103304437,0.3274454526761745
555,-0.12404252763124222,-0.4610374563551964,0.33699492872395415
556,-0.13463668842264948,-0.4662193827172543,0.33158269429460485
557,-0.1309714233304592,-0.463429775009764,0.3324583516793048
558,-0.12645113594988558,-0.4629378870446631,0.33648675109477755
559,-0.1423366072964161,-0.4709347689405401,0.328598161644124
560,-0.1359758920809056,-0.47194132589279336,0.33596543381188776
561,-0.148516326587885,-0.4737584888935089,0.3252421623056239
562,-0.14674968526084373,-0.47485077381134033,0.32810108855049663
563,-0.12928357958159548,-0.46623672703479196,0.3369531474531965
564,-0.13048125914436706,-0.4657802683241824,0.3352990091798153
565,-0.13404396953100853,-0.46911650579026404,0.33507253625925554
566,-0.14390786721351298,-0.47304795904362457,0.32914009183011156
567,-0.15560503383266164,-0.47865293634698747,0.3230479025143258
568,-0.13726663858966626,-0.46912429497597063,0.33185765638630443
569,-0.13973293825984,-0.4697223273997611,0.3299893891399211
570,-0.1358068157383736,-0.46720903731407004,0.33140222157569643
571,-0.13698302700798562,-0.47163511337117947,0.3346520863631938
572,-0.14730021222791773,-0.47703382119219356,0.3297336089642758
573,-0.15095038030375826,-0.47786032709669557,0.32690994679293733
574,-0.15835638328435572,-0.4798548697157109,0.32149848643135515
575,-0.1511491004456865,-0.4797851880814167,0.32863608763573016
576,-0.14738951908781173,-0.47859270521935,0.3312031861315382
577,-0.15888022607628335,-0.48428611552461664,0.3254058894483333
578,-0.16338227118583434,-0.48442139650912996,0.3210391253232956
579,-0.1513647882545248,-0.47985840858297146,0.32849362032844664
580,-0.13726932729812377,-0.4719255395392154,0.3346562122410916
581,-0.16535255867750087,-0.4864519010198877,0.32109934234238685
582,-0.15229851419621326,-0.4784609015951765,0.3261623873989633
583,-0.16189198988549253,-0.48406231339941636,0.3221703235931853
584,-0.16005538911261458,-0.4849541574082476,0.324898768295633
585,-0.1568315200349118,-0.4793819550504076,0.3225504350154958
586,-0.15464351579863975,-0.48119274796323575,0.32654923216459597
587,-0.16563568533735074,-0.4885496478131477,0.32291396247579696
588,-0.1688058058473658,-0.48938104827353296,0.32057524242616714
589,-0.1549382710710485,-0.4840579311898414,0.3291196601187929
590,-0.1294543208911064,-0.45733241895411875,0.3278780979837509
591,-0.13978839475423732,-0.4722293431454517,0.33244094847047584
592,-0.15595904753563253,-0.48402863804330215,0.32806959050766965
593,-0.15064653516449827,-0.48362532321442947,0.3329787880499312
594,-0.15503915478574468,-0.48297105317420147,0.32793189838845677
595,-0.15675959625142685,-0.485701913529254,0.32894231727782713
596,-0.1726834238209623,-0.49272816105091827,0.32004473722995597
597,-0.15369591291280502,-0.48337837800066524,0.3296824650878602
598,-0.15303786114809362,-0.48314279127628246,0.33010493012818887
599,-0.16878476643815954,-0.49179914213241416,0.3230143756942546
600,-0.16485323146619696,-0.4892387402818558,0.32438550881565886
601,-0.16153560721493782,-0.4888679733935823,0.3273323661786445
602,-0.15443132112317898,-0.4832678944506544,0.3288365733274754
603,-0.17340444900253985,-0.4964198793502564,0.32301543034771657
604,-0.16322239631033958,-0.4895398711904566,0.32631747488011703
605,-0.177687101145374,-0.49664195991576987,0.31895485877039587
606,-0.17740161827904113,-0.49776634003253695,0.3203647218327573
607,1164.9969704109144,1164.1980726335278,0.79889238633691
608,2.9754145449780403,1.699701171606145,1.2757133727378034
609,2.5964535221140435,1.3857111759642338,1.2107423556611894
610,2.2313254875071507,1.056609958727309,1.1747155265605196
611,1.6404372789758317,0.4576195430882434,1.1828177362046344
612,1.13465926590118,0.03364234623756814,1.101016918078382
613,0.647819903619746,-0.18108368966173619,0.8289035929644362
614,0.3794428246452453,-0.27366789034072386,0.6531107149859692
615,0.2782358926661471,-0.3231194463182003,0.6013553389843475
616,0.2175862546613876,-0.3508708508724862,0.5684571055338737
617,0.16994094658405223,-0.3721601944020454,0.5421011409860976
618,0.14608667679923645,-0.384947251766286,0.5310339285655225
619,0.1297373353166783,-0.38711659641976054,0.5168539317364388
620,0.11078565678697952,-0.39669908551459615,0.5074847423015757
621,0.073819951174107,-0.4182873139990137,0.4921072651731207
622,0.055291405383576735,-0.4230335272373037,0.47832493262088044
623,0.016177606867982985,-0.4439375958544143,0.46011520272239725
624,0.007629044036915961,-0.4438097337458996,0.45143877778281555
625,-0.012514322045001578,-0.4508726996310214,0.4383583775860198
626,-0.02969349429328391,-0.4557237384167123,0.42603024412342844
627,-0.03517333164494088,-0.4557817597338494,0.4206084280889085
628,-0.05460983562342664,-0.4646227017362067,0.41001286611278004
629,-0.057008387084971086,-0.4639914486002415,0.4069830615152704
630,-0.06384716785334527,-0.46461425563122366,0.4007670877778784
631,-0.07723076245252122,-0.46986430059088036,0.39263353813835916
632,-0.08623273321922789,-0.4754734667057687,0.38924073348654076
633,-0.09227906991826727,-0.47671824630270615,0.38443917638443886
634,-0.10508461201444586,-0.4827885589701064,0.37770394695566056
635,-0.11001776222218858,-0.4855007231235504,0.37548296090136185
636,-0.11651430754585469,-0.48547275142466767,0.368958443878813
637,-0.1178167257854279,-0.48581088667220257,0.36799416088677467
638,-0.11491717715212639,-0.4813427024699272,0.3664255253178008
639,-0.12076052040495772,-0.485558272042173,0.3647977516372153
640,-0.12824234667610615,-0.4897699438511057,0.36152759717499955
641,-0.13471366163898021,-0.4939271604761164,0.3592134988371362
642,-0.1263391633934163,-0.4858434371491696,0.3595042737557533
643,-0.1402764061981059,-0.491920402075382,0.35164399587727607
644,-0.1463754416463223,-0.49469243782631894,0.3483169961799967
645,-0.15118273791480571,-0.49875628187301313,0.3475735439582074
646,-0.15497973006456456,-0.4986856668553454,0.3437059367907808
647,-0.15647674653124302,-0.4978068147567993,0.3413300682255562
648,-0.15949384519394408,-0.5017830735825478,0.3422892283886037
649,-0.15946428208275043,-0.5011464985127144,0.34168221642996405
650,-0.17075216104375554,-0.5065258189718774,0.33577365792812186
651,-0.16943273820141527,-0.5055565187271606,0.3361237805257452
652,-0.16150763440639415,-0.4996048199369552,0.33809718553056106
653,-0.17148132986844855,-0.5018066212217859,0.3303252913533373
654,-0.17945767574487848,-0.5047945614824904,0.3253368857376119
655,-0.17449548745408971,-0.506721852307624,0.3322263648535343
656,-0.18322373942491857,-0.5101369232573407,0.32691318383242224
657,-0.1861981045692525,-0.5081443450552352,0.3219462404859827
658,-0.17042614638488343,-0.4989853108182867,0.3285591644334032
659,-0.18725955470445307,-0.5063236945487083,0.31906413984425525
660,-0.19984418581774893,-0.5132884573429188,0.31344427152516996
661,-0.19058058712076634,-0.5109578117411188,0.3203772245410909
662,-0.20156989785584997,-0.516227773529418,0.314657875673568
663,-0.2043636924725898,-0.5196962997000268,0.31533260722743706
664,-0.19320052679865918,-0.5111279462246184,0.31792741942595926
665,-0.20299911443540392,-0.5170400326556348,0.3140409182202309
666,-0.20793511607545487,-0.517651933938899,0.30971681786344407
667,-0.20851427348370247,-0.5159341071514373,0.30741983358847336
668,-0.20676425178634358,-0.5167923740884091,0.3100281223020655
669,-0.21065536910232077,-0.5191223716482203,0.30846700254589954
670,-0.2157665324654985,-0.5203676173027526,0.30460108483725407
671,-0.2157492437895308,-0.519923764974513,0.3041745211849821
672,-0.20448888838291168,-0.5096506806130104,0.3051617922300988
673,-0.21624533364430387,-0.5214909232677297,0.30524558954416436
674,-0.21723900061655552,-0.5195383340754407,0.3022993333796237
675,-0.21849239847444474,-0.520340346275492,0.3018479478010472
676,-0.2275212193106083,-0.5275876445973173,0.300066425286709
677,-0.23628815477515788,-0.5294800768507287,0.2931919221548324
678,-0.22778042603997475,-0.5238691853716019,0.2960887591731041
679,-0.23192551914364734,-0.5268394078346009,0.29491388884947656
680,-0.233784833169998,-0.5277955880824555,0.2940107549917191
681,-0.23530171882916004,-0.5271873138052352,0.29188559529312114
682,-0.23638877716470272,-0.5284320356998038,0.29204325845583956
683,-0.2445422646371608,-0.5338319267364259,0.289289662257788
684,-0.23474446541451394,-0.5272438545176323,0.2924993891823799
685,-0.2314732124672291,-0.5260137972679544,0.29454058472146377
686,-0.23968838702173942,-0.5303790835624046,0.29069069661992664
687,-0.23902756617741383,-0.5309033742610444,0.29187580800436913
688,-0.2375075875761661,-0.5253840963891212,0.28787650881295507
689,-0.2459217276661954,-0.5309682697691815,0.2850465421822477
690,-0.24575114202626208,-0.5330396167775417,0.2872884745927567
691,-0.25552911866218486,-0.5362216399071065,0.2806925210071371
692,-0.23695518377613514,-0.5228534277449263,0.2858982442065756
693,-0.24577467302058606,-0.5340866224562868,0.28831194943570077
694,-0.24832623412317417,-0.5317030409549145,0.2833768069902633
695,-0.24512706094599784,-0.5284213265205951,0.28329426541607433
696,-0.24516611142044373,-0.529576782216417,0.2844106705581888
697,-0.25700765570744555,-0.5349749910070541,0.27796733553739306
698,-0.25410263858577037,-0.5323046896051853,0.27820205086089195
699,-0.25976841334015766,-0.538377969822985,0.2786095565620889
700,-0.2606356274732884,-0.5381732335750092,0.2775376060224594
701,-0.25684401765465736,-0.5343372923262576,0.2774932748301232
702,-0.2579272792060324,-0.534813366037734,0.27688608691096306
703,-0.24260546576152456,-0.5236514236064668,0.2810459577656807
704,-0.26545378280446885,-0.5414895922579663,0.27603580945349754
705,-0.2586276748395981,-0.5370602214590032,0.27843254661940514
706,-0.2591811978119485,-0.5350367775622834,0.2758555796710735
707,-0.26161822224868103,-0.5356847960898217,0.2740665741581866
708,-0.26926203959799827,-0.5414124105839019,0.27215037114442664
709,-0.26677478310909675,-0.5405726863982829,0.27379790336844767
710,-0.2743965935833911,-0.5448834870723968,0.2704868937267902
711,-0.2663774000520402,-0.5398638977649364,0.2734864975543732
712,-0.26510081281687353,-0.5397332875018425,0.27463247436792293
713,-0.2581249427129614,-0.531001090369326,0.27287614797341064
714,-0.2652295594836803,-0.53835203926614,0.2731224800202441
715,-0.27655263086582754,-0.5447535857241205,0.26820095485829293
716,-0.28118084363163787,-0.5477461903653247,0.2665653464959023
717,-0.26696071337829247,-0.5383326246383342,0.2713719111807803
718,-0.2759235020964704,-0.545607015173486,0.2696835127599696
719,-0.28151836190769014,-0.5462347979241229,0.26471643625421726
720,-0.27360897305163934,-0.5426982171992039,0.26908924446461047
721,-0.27296357570176427,-0.540420320439846,0.2674567443417742
722,-0.28459934248252117,-0.5477411423591857,0.2631418003522335
