,total_loss,feature_loss
0,0.5747026637677224,0.5747026637677224
1,0.4714928557795863,0.4714928557795863
2,0.4649430657586744,0.4649430657586744
3,0.4589652399862966,0.4589652399862966
4,0.45234190264055807,0.45234190264055807
5,0.45434835457032724,0.45434835457032724
6,0.4542889306622167,0.4542889306622167
7,0.448110411244054,0.448110411244054
8,0.4416008101355645,0.4416008101355645
9,0.4483559535395715,0.4483559535395715
10,0.44158586186747395,0.44158586186747395
11,0.4468305658909582,0.4468305658909582
12,0.4433929189558952,0.4433929189558952
13,0.44060832069766137,0.44060832069766137
14,0.4436433622913976,0.4436433622913976
15,0.4365118626625307,0.4365118626625307
16,0.43808663179797513,0.43808663179797513
17,0.4453715095596929,0.4453715095596929
18,0.4342240796935174,0.4342240796935174
19,0.4453219300316226,0.4453219300316226
20,0.43304051987586484,0.43304051987586484
21,0.4387979940060646,0.4387979940060646
22,0.43883720136457877,0.43883720136457877
23,0.43877087773815276,0.43877087773815276
24,0.4418374761458366,0.4418374761458366
25,0.4340494659639174,0.4340494659639174
26,0.43665211046895674,0.43665211046895674
27,0.4325355656685368,0.4325355656685368
28,0.4329127448220407,0.4329127448220407
29,0.43748786949342294,0.43748786949342294
30,0.44495587771938694,0.44495587771938694
31,0.43958052608274645,0.43958052608274645
32,0.43372383329176134,0.43372383329176134
33,0.43269472929739183,0.43269472929739183
34,0.4373534667876459,0.4373534667876459
35,0.43479841274599873,0.43479841274599873
36,0.4415525861324803,0.4415525861324803
37,0.43623973957953915,0.43623973957953915
38,0.43037114124144277,0.43037114124144277
39,0.4371321931962044,0.4371321931962044
40,0.426498782250189,0.426498782250189
41,0.4321607437825972,0.4321607437825972
42,0.4303376866925147,0.4303376866925147
43,0.4253511505742227,0.4253511505742227
44,0.43158275850357547,0.43158275850357547
45,0.4308067310240961,0.4308067310240961
46,0.430550237817149,0.430550237817149
47,0.43004116512114005,0.43004116512114005
48,0.4331539484762376,0.4331539484762376
49,0.4331535158618804,0.4331535158618804
50,0.4298146222868273,0.4298146222868273
51,0.43101810447631345,0.43101810447631345
52,0.42647412996138295,0.42647412996138295
53,0.4256489738341301,0.4256489738341301
54,0.4288728506334366,0.4288728506334366
55,0.43018988159395033,0.43018988159395033
56,0.43130425483949725,0.43130425483949725
57,0.42508103386048346,0.42508103386048346
58,0.42908590551345577,0.42908590551345577
59,0.42992336615439386,0.42992336615439386
60,0.4305496888775979,0.4305496888775979
61,0.42689181239374224,0.42689181239374224
62,0.4253612910547564,0.4253612910547564
63,0.4260378162707052,0.4260378162707052
64,0.4248698988268452,0.4248698988268452
65,0.42981849178191156,0.42981849178191156
66,0.43022788532318607,0.43022788532318607
67,0.4294224775606586,0.4294224775606586
68,0.4315823201210268,0.4315823201210268
69,0.4243434244586575,0.4243434244586575
70,0.4251805668877017,0.4251805668877017
71,0.4264509427932001,0.4264509427932001
72,0.42208218093841304,0.42208218093841304
73,0.4300459267631654,0.4300459267631654
74,0.4275909864133404,0.4275909864133404
75,0.42604372482145986,0.42604372482145986
76,0.42632120078609836,0.42632120078609836
77,0.4347722116977938,0.4347722116977938
78,0.4283152732156938,0.4283152732156938
79,0.42842239045327707,0.42842239045327707
80,0.42300823715425306,0.42300823715425306
81,0.42779997279567106,0.42779997279567106
82,0.4271250790165317,0.4271250790165317
