,total_loss,spectral_loss,vq_loss,audio_loss
0,57.35403916143602,16.924076364886375,9.962816411449063,30.467145919799805
1,32.02941316173923,2.7643695339079826,3.7459850080551638,25.519058627467
2,28.74194129820793,1.7633523268084372,2.6777047957143476,24.300884185298795
3,27.16286320840159,1.3610122886396223,2.065711602087944,23.7361391744306
4,26.00702178093695,1.1341975715852552,1.82360016915106,23.049223992132372
5,25.452336403631396,0.9261258042627766,1.5187700236997297,23.007440505489225
6,24.923726081848145,1.0954365201534764,1.396417748543524,22.431871906403572
7,23.993572819617487,0.9326611315050433,1.3570311838580715,21.703880648459158
8,22.924440876130134,1.0040250228297325,1.212597366302244,20.707818462002663
9,21.114268272153794,0.9703387118154957,1.210831892105841,18.933097547100438
10,17.102870971925796,0.8919480779478627,1.1479837769462216,15.062939136259017
11,12.467071287093624,1.1126078924825114,1.2169348664822117,10.137528511785693
12,9.192758975490447,0.9615652820756359,1.1790771551670567,7.052116524788641
13,6.658797279480965,0.7466640472412109,1.0414942060747454,4.870639024242278
14,5.578396843325708,0.8032128844530352,0.9522457795758401,3.8229381807388796
15,4.731845063547934,0.7937900121173551,0.9016909608917851,3.0363640823671894
16,4.365007631240353,0.8015235801858287,0.8540379058930182,2.7094461456421883
17,3.829186193404659,0.5946237281445534,0.7685417403136531,2.4660207302339616
18,3.832418691727423,0.6527923235008793,0.7077393440469619,2.4718870039909118
19,3.4849394752133276,0.5228473890212274,0.6788174091808258,2.2832746582646526
20,3.2129756481416765,0.39545028152004363,0.6114705339554818,2.206054837472977
21,3.3457446867419827,0.5343538921686911,0.5924966782331467,2.218894100958301
22,3.210579983649715,0.3908835027006365,0.5849632591970505,2.234733195074143
23,3.181403233158973,0.43752803701546883,0.5489051822693117,2.1949700155565814
24,3.066745827274938,0.34226986669724985,0.5264884464202388,2.1979875199256407
25,3.209091897933714,0.4080825145206144,0.5024387139466501,2.2985706675437187
26,2.842868531903913,0.27022189719061696,0.48301817909363776,2.0896284637912625
27,2.900492721988309,0.35124681625635396,0.45150215683444855,2.097743772691296
28,2.7132424231498473,0.28105707706943633,0.4465194190702131,1.9856659289329284
29,2.738028226360198,0.24617516898339795,0.42567565676666075,2.0661774123868635
30,2.672992879344571,0.31606537259874806,0.41246646162002315,1.9444610572630359
31,2.6491018264524397,0.24269958825842028,0.4084056514886118,1.9979965898298448
32,2.5949966330682077,0.2341882307683268,0.39317922173969205,1.967629188491452
33,2.564014046422897,0.2814692088192509,0.38281274947427935,1.8997320782753728
34,2.530870129985194,0.21475612131818647,0.38240448625818374,1.9337095291383806
35,2.596411495439468,0.25781106299931006,0.36963872659590935,1.9689617060845899
36,2.54023749597611,0.27529314268500577,0.3682200675529818,1.8967242779270295
37,2.5182808906801286,0.23631071095024386,0.3571735411401718,1.9247966254911115
38,2.4363025388410016,0.20464704690441007,0.3483430714376511,1.883312427228497
39,2.3967142201239064,0.18017759258227964,0.3347231204951963,1.8818134992353377
40,2.5828451052788766,0.2646228951071539,0.33831330701228113,1.979908900876199
41,2.4407198698289934,0.1782095127048031,0.3285715887623449,1.9339387570658038
42,2.349962455611075,0.15667490156427508,0.31993401915796343,1.8733535178246037
43,2.3000634120356653,0.155318787261363,0.30497072613047016,1.8397739029699756
44,2.3935328856591256,0.25804459255549217,0.303075612312363,1.8324126639673788
45,2.311105466658069,0.20087527615889425,0.305885226255463,1.8043449424928235
46,2.3295293065809433,0.17593477690412151,0.302089775521909,1.8515047507901345
47,2.2636951438842283,0.1528147800314811,0.2930690355358585,1.8178113199049426
48,2.351826156339338,0.1768854223191738,0.2847911367012608,1.890149591430541
49,2.5140422159625637,0.24240124165531127,0.28873077131086783,1.982910200472801
50,2.302635654326408,0.21038422216811486,0.2860936125920665,1.8061578293000498
51,2.2849670994666313,0.20478690175279493,0.27887963719906345,1.8013005641198927
52,2.2926878371546344,0.17599992321864252,0.2788934616311904,1.8377944480988286
53,2.181301297680024,0.14108089069204946,0.2630243342249624,1.7771960804539342
54,2.209642491033,0.15404869652082842,0.2656348513499383,1.7899589442437696
55,2.3046179663750435,0.2339966566331925,0.26225135114885145,1.8083699537861733
56,2.191320471225246,0.15178690297949698,0.26415942729480807,1.7753741510452763
57,2.2107533274158353,0.15328018391324627,0.25311926560055825,1.8043538831895398
58,2.1962806120995553,0.16475631861436751,0.2544454828866066,1.7770787996630515
59,2.301624330782121,0.2982114088391104,0.24984639786904858,1.7535665092929718
60,2.457957015883538,0.36160443530928704,0.2566731742793514,1.8396794199943542
61,2.2427524405141033,0.20964901978450437,0.25817861432029354,1.77492481277835
62,2.268480962322604,0.22758344356571475,0.2534143254160881,1.7874831922592656
63,2.219172804586349,0.2168693913807792,0.251695373365956,1.7506080385177367
64,2.1925478308431563,0.11993987173322708,0.2457596601978425,1.8268483011953291
65,2.16396632886702,0.1398413015469428,0.24161965880663164,1.782505371878224
66,2.2432389682339084,0.2704786729187735,0.24102621477457783,1.7317340796993625
67,2.086435102647351,0.12471384507033133,0.23828584820993484,1.723435405761965
68,2.090523483291749,0.1252162157888374,0.2359208875606137,1.7293863681054884
69,2.114070575083456,0.14014975293990103,0.23120643775309285,1.7427143781415877
70,2.1638511688478532,0.1902112819014057,0.23277995471031435,1.7408599257469177
71,2.1683613830997097,0.14807722909796622,0.22717693856646937,1.7931072212034656
72,2.1698145424166033,0.2409307461592459,0.2245149970535309,1.7043688008862157
73,2.1237565663553055,0.22001865337933263,0.23026338844530045,1.6734745348653486
74,2.1463637505808184,0.22029233940186038,0.23140968911109433,1.6946617211064985
75,2.1479454482755354,0.22179138804635695,0.2301015531824481,1.6960524993558084
76,2.1765960243440445,0.23452184866032294,0.23311038002852472,1.708963813320283
77,2.19704677789442,0.2473101272217689,0.2298961776879526,1.7198404708216268
78,2.139766829629098,0.18615701806641394,0.23078203177259815,1.7228277671721675
79,2.1516874932473704,0.21291908056985948,0.22706347271319358,1.7117049463333622
80,2.142672061920166,0.1744341649595768,0.22365987721470096,1.7445780173424752
81,2.1502973264263523,0.24513873998676577,0.22381808488599717,1.6813405117680948
82,2.226781420169338,0.2075944451555129,0.2231840879446076,1.7960028917558732
83,2.2017026370571506,0.3024087462934755,0.21504520504705368,1.6842486916049835
84,2.0333321190649465,0.1320813035051669,0.21821399718042342,1.6830368195810625
85,2.1515020958838926,0.17330015703074395,0.21751130492456497,1.7606906237140778
86,2.54526973155237,0.31259037866707773,0.21438289890366216,2.018296447492415
87,2.134767638098809,0.1629224682767545,0.21290618181228638,1.7589389989452977
88,2.1444897767036193,0.21009485303394257,0.21305862177283533,1.721336297450527
89,1.9548702951400512,0.10596767837001432,0.20379749168792077,1.6451051273653585
90,1.9337400467165056,0.11045939571434452,0.1989009226522138,1.62437972522551
91,1.9970161241869773,0.11802888180940382,0.19948545050236485,1.6795017930769152
92,2.0187887453263804,0.146990709126957,0.1981412137468015,1.673656823173646
93,2.034992608331865,0.1525008700066997,0.19919375246090273,1.6832979840617026
94,2.165931147913779,0.2345858954133526,0.19997898068639539,1.731366257513723
95,2.0011858901669903,0.11450331598039597,0.1972974657772049,1.6893851161003113
96,1.9130254137900569,0.10411945544183254,0.18993425225057908,1.618971711204898
97,1.9164954731541295,0.10186254815949548,0.1883514787881605,1.626281447948948
98,2.076769907628336,0.18364251927743036,0.18733022422079118,1.7057971627481523
99,1.9933478870699484,0.15045551571153826,0.18878145515918732,1.6541109123537618
100,1.8788155721079918,0.12644248233447153,0.18232036586250028,1.5700527179625727
101,1.924729262628863,0.0875772797172108,0.1801924628596152,1.6569595279232148
102,1.9449192189401197,0.1618126309927433,0.18232772799749528,1.600778858507833
103,1.9703504212440983,0.18929783519237273,0.18489469251325052,1.596157891135062
104,1.9553430638005656,0.17402046918869019,0.18501922512246716,1.596303359154732
105,1.8637253853582567,0.08745049408847286,0.18057140131150523,1.5957034864733297
106,2.415988289540814,0.11529789065882083,0.18090026801632297,2.1197901252777345
107,2.0105210158132736,0.1264623001578354,0.179889831812151,1.704168886907639
108,2.122952159373991,0.21213554218411446,0.1834106230207028,1.727406007628287
109,2.112563498558537,0.26817934082881095,0.18589465596502827,1.65848950224538
110,2.3646186494058177,0.4371130197278915,0.1898917051092271,1.737613933701669
111,1.922815288266828,0.1497960029350173,0.18159357121875208,1.5914257168769836
112,1.9731733818208017,0.15068686453084792,0.18039757373832888,1.6420889496803284
113,1.9687141987585253,0.1141742270199522,0.1774726254084418,1.67706734518851
114,1.9797775649255323,0.2073145674601678,0.17591880514256417,1.5965441830696598
115,1.9097657395947365,0.1772566789821271,0.1736603686886449,1.5588486848338958
116,1.9308724999427795,0.2042214752685639,0.17462985253622454,1.5520211785070357
117,1.8978941652082628,0.15295746201469052,0.1752794408990491,1.5696572565263318
118,1.8983775434955474,0.14788349068933918,0.17276462071364926,1.5777294212772
119,1.9549730323976087,0.13752935430215252,0.1752259703653474,1.6422176880221213
120,1.8983188944478189,0.09378545665212216,0.17013381950316891,1.6343996121037392
121,1.9297496907172664,0.16436100679059182,0.16697910416030115,1.5984095931053162
122,1.8912727813566885,0.1710597502608453,0.16979668385559513,1.550416350364685
123,2.0365492701530457,0.21997875095375122,0.17197306394096343,1.6445974534557712
124,1.942089142337922,0.16110896463355712,0.16940814893572562,1.611572031051882
125,1.9473771760540624,0.1637096731893478,0.17007580603803357,1.6135916882945645
126,1.8484315987556212,0.10328299576236356,0.16572566138159844,1.579422931517324
127,1.86845661171021,0.10270740945012338,0.16273889510381606,1.6030103045125161
128,1.9103287669920153,0.13624860184086907,0.16174182860601333,1.612338339128802
129,1.8451802692105692,0.12373013103440884,0.16132890409038914,1.5601212343861979
130,1.9142120172900539,0.17556418574625446,0.16336289637031093,1.5752849386584373
131,1.9042011364813773,0.18898128417711105,0.16133655223154253,1.5538832872144637
132,2.0419496951564664,0.23256015597331908,0.16492793300459463,1.6444615971657537
133,1.9421450649538348,0.19828083342121494,0.16599887897891383,1.5778653467855146
134,1.8421558391663335,0.11981913453388598,0.1613174173380098,1.561019274496263
135,1.9610150091109737,0.17635596501490763,0.15873738186013314,1.6259216646994314
136,2.036694138280807,0.2501008789385519,0.16432866153697814,1.622264604414663
137,1.889050304889679,0.12837987176833615,0.15934864407585514,1.6013217952943617
138,1.8329613420271105,0.11227224130303629,0.1537980321914919,1.5668910645669507
139,1.9980549908453418,0.17263892064652137,0.1562528443192282,1.669163219390377
140,1.795758157007156,0.12898221371635313,0.15236209248823504,1.5144138547681993
141,1.826848280045294,0.1547752355615939,0.15390137571000284,1.5181716622844819
142,1.9179285783921518,0.15646004796989502,0.1522313202581098,1.6092372017522012
143,1.8528446112909625,0.13183634776261546,0.15360046406426736,1.5674077887688913
144,1.9570160450473908,0.251801097044541,0.15276078627474846,1.552454162028528
145,1.9021461682934915,0.12898699013936904,0.15510627194758383,1.618052903682955
146,1.8699331072068983,0.14946894768264987,0.1550859122747375,1.5653782448460978
147,1.9657243528673727,0.218947924072704,0.1558224426642541,1.5909539749545436
148,1.9304483975133588,0.13128303309842462,0.15529453802493312,1.6438708305358887
149,1.806642847676431,0.08662768879965428,0.15309247266381018,1.5669226877150997
150,1.8368026441143406,0.11134987264390915,0.14910896519018757,1.5763438055592198
151,2.007098480578392,0.2322077301721419,0.1525164908699451,1.622374265424667
152,1.8378452004924897,0.13066438092820107,0.1519262438579913,1.555254574744932
153,2.0589778538673156,0.343004378219766,0.15225837848359539,1.5637150906747388
154,1.7578463573609628,0.10060493029173344,0.14715985497159342,1.510081575762841
155,1.863269825135508,0.13321307529845544,0.1477959342300892,1.5822608047916042
156,1.821435607248737,0.1294033631321884,0.14794961230889445,1.5440826300651795
157,1.8003225230401563,0.09175154963327993,0.1434174134365974,1.5651535699444432
158,1.831059342430484,0.11282681205099629,0.14283157055897097,1.575400963906319
159,1.8967787334995885,0.23412312338909796,0.1443500595708047,1.5183055516212218
160,1.8332987216211134,0.14214940315052385,0.14513258239434612,1.5460167315698439
161,1.8594627091961522,0.13605743959065406,0.14406226707562322,1.5793429978432194
162,1.8484424064236302,0.17131153956776665,0.1459654996231679,1.5311653671726104
163,1.973548185440802,0.19929500855505466,0.1479356196378508,1.626317564518221
164,2.0428374448130207,0.2792452183221617,0.14829580473803705,1.6152964176670197
165,2.5739395791484463,0.2849464045176583,0.15393010995561077,2.1350630617910817
166,2.1422161709877754,0.31207405150898043,0.15045380592346191,1.6796883210059135
167,2.07615735261671,0.23416599907702015,0.15163815658419363,1.6903532089725617
168,1.8123863704742924,0.11377733026541048,0.14431188123360758,1.554297160717749
169,1.9438658452803088,0.18038757205490144,0.1474715703197064,1.6160066916096596
170,1.7856714494766728,0.08438100257227497,0.14209879742514703,1.5591916518826638
171,1.820033892508476,0.1704023913630555,0.14116687207452713,1.5084646228821046
172,1.8329954416521135,0.1508148675484042,0.14172080615835805,1.5404597674646685
173,1.828179907414221,0.16015889507628256,0.14108163202481885,1.5269393920898438
174,1.8426420477128798,0.13405951599199925,0.14312783941145865,1.565454686841657
175,1.7823016989615657,0.12863850809874072,0.1392051256712406,1.5144580794918923
176,1.721436865868107,0.08851741771063497,0.1368409034705931,1.4960785488928519
177,1.8936546367983664,0.12868542921158574,0.13657908898688131,1.6283901237672376
178,1.8690305352210999,0.15409836425415932,0.14007131238618203,1.5748608650699738
179,1.7792236420416063,0.07785221273379941,0.1349932458852568,1.5663781896714242
180,1.813497003047697,0.16302971049181877,0.13508950149820698,1.5153777849289678
181,1.7445516144075701,0.10158776768272923,0.13338774454689795,1.5095761014569191
182,1.7790648706497685,0.11397588325123634,0.1343261789410345,1.5307628070154498
183,1.8957708535655853,0.18175833161559798,0.13588411192740163,1.578128420537518
184,1.8110810902810865,0.14137166642373608,0.13418185410480346,1.5355275869369507
185,1.8446910650499406,0.11964921557134198,0.13222627774361642,1.5928155645247428
186,2.656512608451228,0.16804261890149885,0.13596984924327943,2.352500146435153
187,1.8802836248951573,0.20763901609086222,0.13203331034991048,1.5406113055444532
188,1.940639526613297,0.20499098841701785,0.1378771929490951,1.5977713427236002
189,1.8680631326090904,0.1942981951419384,0.13373231887817383,1.5400326059710594
190,1.7715759834935587,0.12524961746267735,0.13377653038309467,1.5125498367894081
191,1.765216919683641,0.11532567795966903,0.12972851770539437,1.520162732370438
192,1.7793220781510877,0.10258899136416373,0.13265715779796725,1.544075910122164
193,1.901117672843318,0.21445844821151225,0.13050867280652445,1.5561505517651957
194,1.7731881276253731,0.1511998850131227,0.13032762910569867,1.491660608399299
195,1.712652608271568,0.11313860046286736,0.12989905067989904,1.4696149595322148
196,1.7800829987372122,0.12997820132201718,0.12728552496240986,1.5228192729334677
197,1.8198882456748717,0.20182152020354424,0.12815391536681883,1.4899128060187063
198,1.7441843671183432,0.13393158904246746,0.1270760339834998,1.483176754366967
199,1.8088291479695229,0.13269774868122994,0.13113594595943728,1.544995452127149
200,2.3942654805798687,0.6367519168603805,0.1334514216549935,1.6240621420644945
201,1.7923722459423927,0.14982089947067923,0.1316422463184403,1.5109091055008672
202,1.7615941666787671,0.08657007141699714,0.12908754389612906,1.5459365517862382
203,1.7645418355541844,0.1252356309203371,0.12675536484006913,1.5125508385319864
204,1.7046783393429172,0.06775299898318705,0.12523487702973427,1.5116904627892278
205,1.7519713236439614,0.11710952582859224,0.1245798988928718,1.5102818877466264
206,1.6890005353958375,0.093324035466198,0.12274341777928414,1.472933086656755
207,1.6766980059685246,0.08200696453211768,0.12243490161434296,1.4722561355560058
208,1.7011574564441558,0.10548429221155183,0.12243305218796577,1.4732401121047236
209,1.7666679005469046,0.12600712081597698,0.12116878684009275,1.5194919897663979
210,1.770358358660052,0.14624980398483814,0.12339249036965831,1.5007160632841048
211,1.8668127252209572,0.1904384150139747,0.12273725662981311,1.5536370546587053
212,1.7138350855919622,0.08369940663537671,0.12218475317762743,1.5079509269806646
213,1.9156691470453817,0.1432705596089363,0.1205274745100929,1.6518711197760798
214,1.7385507187535685,0.09788807775945432,0.11842157944075522,1.522241061733615
215,1.8621976894717063,0.1802501395464905,0.12335615905542527,1.5585913831187832
216,1.7709516133031538,0.12152321083891776,0.12129610031843185,1.5281322963776127
217,1.8280590561128431,0.09467273680192809,0.11866551469410619,1.6147208079215019
218,1.8089442426158535,0.13288420582971266,0.11984380262513314,1.5562162360837382
219,1.7625411402794622,0.1645689771300362,0.12002892599951837,1.477943241596222
220,1.7487275619660654,0.135348463851598,0.1194905524532641,1.493888545420862
221,1.7609392366101664,0.1085059208374831,0.11796427421992825,1.534469037286697
222,1.7010478204296482,0.10087552780826245,0.11677908380666087,1.483393209595834
223,1.7023281416585367,0.08620393997238528,0.11558547471800158,1.5005387260067848
224,1.7112095913579386,0.10792342927907744,0.11480724763485693,1.488478914383919
225,1.7000607809712809,0.09062386802848309,0.1133958917231329,1.4960410152712176
226,1.6908355162989708,0.08493578145580907,0.11251401144169992,1.4933857167920759
227,1.778115903177569,0.1251963465925186,0.11412299472478128,1.5387965536886645
228,1.7843998286031908,0.12052643148889465,0.11279424039586898,1.5510791540145874
229,1.9116950323504787,0.1357633847623102,0.11489416718963653,1.6610374777547774
230,1.8841291839076626,0.21362307138981357,0.11586227748663194,1.5546438290226845
231,1.7453890961985434,0.10622860467241656,0.11474364605401793,1.5244168523819215
232,1.8027446366125537,0.15886993081338943,0.11324906421284522,1.5306256413459778
233,1.816843205882657,0.17335266199323437,0.11340946704149246,1.5300810836976575
234,1.7910032656884962,0.18878720346237382,0.11234434658000546,1.4898717172684208
235,1.7581969614951842,0.14654504531814205,0.11366634611641208,1.4979855725842137
236,1.6896862714521346,0.09332297219624443,0.11019610168953095,1.486167198227298
237,1.7079879545396375,0.1139014467837349,0.10928363773611284,1.4848028690584245
238,1.6969958024640237,0.15051997789452154,0.10926713181599494,1.4372086928736778
239,1.7718325045800978,0.10721604832478109,0.11057455981931379,1.5540418855605587
240,1.689228054015867,0.08826619476800965,0.10964065549835082,1.4913211945564515
241,1.7545262498240317,0.11731917537268131,0.10735537195878644,1.5298517038745265
242,1.6971059922249085,0.10024501299185137,0.10859534060282092,1.4882656355057993
243,2.050459590650374,0.20785254792821023,0.1100965868080816,1.7325104494248666
244,1.7815610651046998,0.12458046754041026,0.10866985806534367,1.5483107413015058
245,1.8775557587223668,0.25611009226451,0.10668526553819256,1.5147603961729235
246,1.6969086143278307,0.12232942134141922,0.10710135306562146,1.4674778407619846
247,1.8529922135414616,0.2254864817425128,0.10712443640635859,1.5203812987573686
248,1.727269778328557,0.1326017849027149,0.1103659013827001,1.4843020919830567
249,1.7100756129910868,0.11517927188786768,0.10744526093044589,1.4874510841984903
250,1.666015701909219,0.07298051385629561,0.10736673565641526,1.485668465014427
251,1.7573271239957502,0.10970433981668565,0.10562699564522313,1.5419957830059914
252,1.6736650140054765,0.07528424142829833,0.10545191997962614,1.492928852958064
253,1.6979935149992667,0.12681522622944846,0.10497343876669483,1.4662048528271336
254,1.8149210445342525,0.18875136358603353,0.10841155412697023,1.517758132949952
255,1.705985640325854,0.13585743506348902,0.10508390576128036,1.4650443004023643
256,1.7722325440376037,0.19011650522870402,0.1058110615178462,1.4763049733254217
257,1.698244854327171,0.11658144964566154,0.10405390685604464,1.4776094863491673
258,1.6833329854472991,0.06887586943564876,0.10311049355133887,1.5113466305117453
259,1.6046248962802272,0.06699649608063121,0.10217129318944869,1.4354571084822378
260,1.598714538158909,0.06783619312749754,0.09913601467926655,1.431742335519483
261,1.6723128941751295,0.08999392234029309,0.10145607410419372,1.4808629059022473
262,1.8804478952961583,0.20879379149165847,0.10145510492786285,1.5701990031426953
263,1.7161918051781193,0.16230492053493376,0.10172719532443632,1.4521596854732883
264,1.6805012283786651,0.09133005622894533,0.10151216814354543,1.4876590082722325
265,1.631589728017007,0.07631152039093356,0.09848762652085673,1.4567905799035104
266,1.682723714459327,0.1220685220774143,0.09969712841895319,1.460958069370639
267,1.7392445783461294,0.17648120272544124,0.10006786306058207,1.4626955178476149
268,1.7907406726191122,0.13075771242860826,0.10266232827017384,1.5573206332422072
269,1.7692850674352338,0.14678621003704687,0.10008691852131198,1.522411944404725
270,1.6318560088834455,0.06869542424476915,0.0987963163924794,1.4643642613964696
271,1.7007636197151677,0.12453899039856849,0.0992953842205386,1.47692923584292
272,1.637432990535613,0.10064603256121758,0.09838636333663617,1.4384005877279467
273,1.6792143237206243,0.06476693651488712,0.09624544873593315,1.5182019452894888
274,1.6486198767538993,0.056578929025319316,0.09595847436256948,1.4960824751084851
275,1.6973538129560408,0.06515772003800638,0.0962483918354396,1.5359476958551714
276,1.6835841459612693,0.08794478284976175,0.09500781350558804,1.5006315554341962
277,1.671619184555546,0.12875068692430372,0.09469754026541786,1.448170958026763
278,1.674468421166943,0.10238209769370095,0.09486347965655788,1.4772228406321617
279,1.672528499557126,0.1084004654398849,0.09547101387814168,1.4686570167541504
280,1.616265135426675,0.0976481706264519,0.09287404106749643,1.4257429261361398
281,1.693317832485322,0.1211530951963317,0.09407883792394592,1.478085906274857
282,1.6354714132124377,0.06761306506251136,0.09339690917441922,1.474461430503476
283,1.7354371624608194,0.08791711259513132,0.09311975749029268,1.554400288289593
284,1.8552027075521407,0.1683505408225521,0.09220969977398072,1.5946424584234915
285,1.8364955302207702,0.25178109505964863,0.09354386688961137,1.4911705774645652
286,1.657385230064392,0.13782689437991189,0.09385303203617373,1.4257053021461732
287,1.613151850238923,0.08591023964747306,0.09267403281504108,1.4345675783772622
288,1.7053857118852678,0.1405355649129037,0.09397087678793938,1.4708792644162332
289,1.7451979767891668,0.12498466153779338,0.0924131825806633,1.5278001350741233
290,1.597282103953823,0.0853450977874379,0.09277704111751049,1.4191599661304104
291,1.623834906085845,0.0663848233319098,0.09037820598290812,1.4670718773718803
292,1.9160290610405706,0.15683466959143838,0.09022015771798549,1.668974239980021
293,1.737463153177692,0.14321577909492678,0.09220566756782993,1.5020417090385192
294,1.7814556648654323,0.1393971637251877,0.09234350294836106,1.5497150094278398
295,1.9597115074434588,0.24990139096494643,0.09188279137015343,1.617927320541874
296,1.9407842351544289,0.3304155004481154,0.09153064736916174,1.5188380922040632
297,1.6839373111724854,0.15406015785711427,0.09357810591257387,1.4362990452397255
298,1.6887792464225524,0.08310631187933107,0.09074978999072505,1.5149231495395783
299,1.664930981974448,0.08781756713025031,0.0886819240066313,1.488431494082174
300,1.6521982108393023,0.08624289803687603,0.08972791492217971,1.4762273988416117
301,1.637601915867098,0.08568809812347736,0.08819922744747132,1.463714591918453
302,1.6442601584619092,0.10111621743248354,0.0864784030183669,1.4566655274360412
303,1.67410635371362,0.17835061119929438,0.0886605620504387,1.407095182326532
304,1.718471077180678,0.1865241338889445,0.09019014491669593,1.4417568022204983
305,1.5914012981999306,0.07898148912335595,0.08777476036019864,1.4246450489567173
306,1.5976146209624507,0.06369941459307747,0.08807598769424423,1.4458392108640363
307,1.653163088906196,0.07817810839943347,0.08760390622961906,1.4873810698909145
308,1.580389501587037,0.0695389099419117,0.08586222540226675,1.424988365942432
309,1.6036483722348367,0.09472279683236152,0.08498742419385141,1.4239381474833335
310,1.5784876461951964,0.05972623092032248,0.08483867731786543,1.4339227330300115
311,1.616025032535676,0.0847707339712689,0.08468288693937563,1.4465714154704925
312,1.621997921697555,0.0624896198390953,0.08492928629200305,1.4745790112403132
313,1.6060625526212877,0.07748607510039883,0.0838110807441896,1.444765390888337
314,1.5710367022022125,0.05805075054447497,0.08400459305172966,1.4289813618506155
315,1.695098990394223,0.10587649131494184,0.0825791034486986,1.5066433875791487
316,1.6027605149053759,0.09743233157261726,0.08357224481240395,1.4217559329925045
317,1.534221347301237,0.05444256339462534,0.08232546525616799,1.3974533215645821
318,1.5656300898521178,0.07686527457929426,0.08243841155161781,1.4063263977727583
319,1.643522733642209,0.08261745657411314,0.08226790573568113,1.4786373665255885
320,1.6663990597571097,0.1076997188070128,0.08235579062133067,1.4763435529124351
321,1.6719087477653258,0.09691304088600221,0.08300381874845873,1.491991892937691
322,1.6717850354409987,0.18476646033025557,0.08252211383754207,1.4044964525007433
323,1.5751281592153734,0.10849859114856489,0.08110979740177432,1.385519769883925
324,1.5940844878073661,0.07070577381959846,0.08075440272448524,1.442624315138786
325,1.6095141057045228,0.06367381499899973,0.08096162644365142,1.464878664862725
326,1.6249589516270546,0.09206711918476128,0.08080245272046135,1.452089382756141
327,1.591227202646194,0.0757536843058563,0.08029461273502919,1.4351789066868443
328,1.5487500044607347,0.04992300944943582,0.07871122435937004,1.420115766986724
329,1.8749817975105778,0.18617491063571745,0.07797521677228712,1.6108316740682047
330,1.5957984732043358,0.09824249406735744,0.07846937568918351,1.4190865985808834
331,1.5556352330792336,0.06312613814107833,0.07721976298959024,1.4152893366352204
332,1.6202536648319614,0.07196026884259717,0.07860663274843846,1.4696867639018643
333,1.5634539954123958,0.06137452905456866,0.07738821995594809,1.424691246401879
334,1.5719508336436363,0.09517343835003915,0.07741607996004243,1.3993613200802957
335,1.5815113917473824,0.07366866173763428,0.07780236840969132,1.4300403633425314
336,1.5948479771614075,0.07193421464293234,0.07684887759387493,1.4460648836628083
337,1.6088032203335916,0.09388563926181485,0.07737502287472448,1.4375425538709086
338,1.6016504918375323,0.07700439314207723,0.07650480419397354,1.4481412941409695
339,1.681484535817177,0.1673820686316298,0.07771812145027422,1.4363843452545904
340,1.6012858440799098,0.11736047526280727,0.07746249887972109,1.4064628654910671
341,1.6070249734386322,0.07362891481288018,0.07649688987481978,1.4568991661071777
342,1.594484971415612,0.0739631038159132,0.0753871388733387,1.445134732031053
343,1.547711935735518,0.0810536035606938,0.07456832877810925,1.3920900033366295
344,1.5889922418901998,0.06121345777665415,0.07486656500447181,1.4529122191090738
345,1.5395260376314963,0.044348459240169294,0.07352056678745054,1.4216570085094822
346,1.5541042666281424,0.05070534297415326,0.07424613821410364,1.429152779040798
347,1.5148415046353494,0.05135560309093806,0.0736214884466702,1.3898644101235174
348,1.5275665213984828,0.046541739735872514,0.07292884948753542,1.4080959327759281
349,1.5259046131564724,0.07073384024683506,0.07199654217448927,1.3831742232845676
350,1.5386885269995658,0.06260560516027673,0.07299099736396343,1.403091924805795
351,1.5086352498300615,0.05158566416151101,0.07219400347000168,1.3848555818680794
352,1.5700352768744192,0.1007521205371426,0.07192194684138221,1.3973612016247166
353,1.5811966119274017,0.11964882405534867,0.07327507183917108,1.388272718075783
354,1.6061372814639923,0.089403422008599,0.07222856358895378,1.4445052954458422
355,1.5247957975633684,0.05325948254716012,0.07246378472735805,1.399072527885437
356,1.6192601226991223,0.11729056129772816,0.07161810267115792,1.4303514592109188
357,1.5703564574641566,0.08644415864781026,0.0732799516089501,1.4106323488297001
358,1.533583762184266,0.06116350872382041,0.07090766181147867,1.4015125939922948
359,1.5987427196195048,0.12058081634102329,0.07232259292035334,1.4058393163065757
360,1.5928956270217896,0.07498644496644696,0.07138820046619061,1.446520988018282
361,1.7697577072728066,0.10559006299703352,0.07174780742535668,1.5924198377516963
362,1.5258965896021934,0.06759658365720703,0.07114519395174519,1.3871548060447938
363,1.4937153189413008,0.04566225989331161,0.06917892426492707,1.3788741365555794
364,1.553423664262218,0.044223279001251344,0.06950612558472541,1.4396942527063432
365,1.6680747212902192,0.14466675767494785,0.0708421012086253,1.4525658622864754
366,1.579912756719897,0.07420608930049404,0.07066687929534143,1.435039791368669
367,1.5473755905705113,0.04664185583110778,0.06970021573285903,1.4310335113156227
368,1.537456516296633,0.05627741502417672,0.06855453484721723,1.4126245667857509
369,1.5107975236831173,0.05825230944901705,0.06696448144653151,1.3855807300536864
370,1.547162090578387,0.08711629643315269,0.0681666487287129,1.3918791432534494
371,1.555668100234001,0.0701146908705273,0.06861799054088132,1.4169354265735996
372,1.5399743991513406,0.08798082220938898,0.06796560821033293,1.384027967529912
373,1.556686326380699,0.06278084542962813,0.06817631525618414,1.4257291651541186
374,1.5142270557342037,0.05016449514415956,0.06617275808727549,1.3978898025328113
375,1.4920679003961625,0.04744727458925017,0.06653766796713875,1.3780829598826747
376,1.533791688180739,0.07563941378987604,0.067318624005683,1.3908336604795148
377,1.6073642046220842,0.1323130937112916,0.06709173808415089,1.4079593727665562
378,1.5465996592275557,0.07474496522017064,0.06866642970952296,1.4031882632163264
379,1.5329789019400073,0.07659040956247237,0.06674154222972932,1.389646953152072
380,1.530735113928395,0.05761454741079961,0.06600703232951703,1.407113536711662
381,1.5366395404261928,0.06396775458368563,0.06544865577691986,1.4072231246579079
382,1.5286601301162475,0.07711834316292117,0.06516776293996841,1.3863740198073848
383,1.532274882639608,0.07608035591340834,0.06614468060433865,1.390049845941605
384,1.5135269165039062,0.04338473949821726,0.06464379887667394,1.4054983815839213
385,1.517295237510435,0.03618396770569586,0.06386652204298204,1.4172447477617571
386,1.5096303878291961,0.04430302055252175,0.06350819381975359,1.4018191714440622
387,1.507016695314838,0.0604611691387911,0.06299758846721341,1.3835579445285182
388,1.4948668133827947,0.06025035138572416,0.06302421858474132,1.3715922447942919
389,1.545500132345384,0.0764431657810365,0.0645781986175045,1.4044787595348973
390,1.4849371756276777,0.05298823430653541,0.062471788737081715,1.3694771585925933
391,1.5342656585478014,0.08173566053230916,0.06347871067062501,1.3890512758685696
392,1.571995275635873,0.10240396112203598,0.06253134975990941,1.4070599694405832
393,1.5562284146585772,0.11483157912810002,0.06335410421654102,1.3780427209792598
394,1.4915771734329961,0.05974380572837207,0.06339233386660775,1.3684410299024274
395,1.4951123076100503,0.05668263473818379,0.0625681841085034,1.3758614928491655
396,1.4561886883551074,0.03454614067149739,0.06200739609137658,1.3596351512016789
397,1.5039737647579563,0.0533226425609281,0.061920471249088165,1.3887306490252096
398,1.4712833608350446,0.05350933278039578,0.06171402479371717,1.356060012694328
399,1.5705131561525407,0.10145682937675907,0.06103860640958432,1.408017712254678
400,1.5124031536040767,0.06456747984573726,0.0622752082924689,1.3855604663971932
401,1.5292934083169507,0.08849018938358753,0.06241902420597692,1.3783842017573695
402,1.5260675799462102,0.08249366782124966,0.06188943573544102,1.3816844744067038
403,1.4978937737403377,0.04741800417222323,0.061277016396484064,1.3891987512188573
404,1.5325641266761287,0.059711979011133794,0.06095010036182019,1.411902052740897
405,1.4911549014429892,0.059820743157498295,0.06025256769311044,1.3710815868070048
406,1.5198156487557195,0.054062489930900834,0.060825078297526605,1.404928078574519
407,1.6077932676961344,0.1285444632653267,0.062361430557024096,1.4168873775389887
408,1.5146644634585227,0.06589338928461075,0.06098934461272532,1.387781729621272
409,1.4768484465537532,0.05780902384750305,0.05960673099804309,1.3594326934506815
410,1.468344142360072,0.04749816109336192,0.05971237512365464,1.3611336062031407
411,1.458557286570149,0.039154414267789935,0.05879903981281865,1.3606038324294552
412,1.5220464487229624,0.06269557930288776,0.05998328147876647,1.39936759010438
413,1.4986648617252227,0.05406260947065969,0.05867046916917447,1.3859317898750305
414,1.4867893265139671,0.04666812997311354,0.05905159280425118,1.3810696025048532
415,1.5601379948277627,0.04373876705405212,0.05966057514231051,1.4567386507987976
416,1.5050677580218161,0.05317904541809713,0.05888053300159593,1.3930081725120544
417,1.4845732027484524,0.04637601839438561,0.05888716245610868,1.3793100272455523
418,1.5150952742945762,0.061889520425709985,0.058535504425244946,1.3946702518770773
419,1.4850115795289316,0.06413407449520403,0.05833878464275791,1.3625387203308843
420,1.5694127851916897,0.07798995020528955,0.05934153091643126,1.4320813071343206
421,1.4895479140743133,0.07290635396155619,0.05861509110658399,1.358026462216531
422,1.56145635151094,0.08508595643985656,0.05886589477379476,1.4175045048036883
423,1.4925755589239058,0.060926752134917245,0.05851465121151939,1.3731341496590646
424,1.4630762223274476,0.05853774945341771,0.05768377159632022,1.3468546944279824
425,1.4681367893372812,0.042284952476620674,0.05718913355902318,1.3686627014990775
426,1.498843219972426,0.045622941226728504,0.05814842176773856,1.3950718602826517
427,1.470512172868175,0.04031384526000869,0.05641543636879613,1.3737828962264522
428,1.4684762839348084,0.056433408340859796,0.056202351325942625,1.3558405330104213
429,1.5513895942318825,0.10180364639287995,0.057005582197058584,1.3925803611355443
430,1.5925975076613887,0.12842497674207534,0.05835435124895265,1.4058181778077157
431,1.4925046966921898,0.059272867657484546,0.05732690705166709,1.3759049157942496
432,1.5783852069608626,0.13411714467069796,0.056332643053704695,1.3879354250046514
433,1.4642780692346635,0.048159449090880734,0.05637647457901509,1.3597421530754334
434,1.5022878916032854,0.056569572868606734,0.056461843872262586,1.3892564754332266
435,1.479912306031873,0.04731576093622754,0.056576879394631234,1.3760196547354422
436,1.5030596102437666,0.048575971876421285,0.05653517272683882,1.3979484650396532
437,1.4949041143540414,0.06096176604830449,0.055600851353618405,1.3783414959907532
438,1.5020918346220447,0.06199658145346949,0.05563091739050804,1.3844643389025042
439,1.524170773644601,0.07172043837847249,0.05624938299579005,1.3962009491459015
440,1.5547665357589722,0.06455028120187982,0.055863180708500645,1.434353067028907
441,1.6125711798667908,0.08649292552182751,0.05638458273343502,1.4696936703497363
442,1.5052701484772466,0.07423819601535797,0.05521183956654802,1.375820113766578
443,1.4754578721138738,0.05374431228565593,0.05620886469560285,1.3655046916777087
444,1.4718951179135231,0.04920321324419591,0.05529925632741182,1.367392647650934
445,1.5377772450447083,0.09107612124494006,0.05521874237925776,1.391482380128676
446,1.5211051856317828,0.08816818772785125,0.055928761800450665,1.377008238146382
447,1.5257582837535488,0.05095412443962789,0.055421358515178,1.419382797133538
448,1.4706863626357047,0.05142671005019257,0.05518558603380957,1.3640740609938098
449,1.5474571316472945,0.08102184591153937,0.05483116651134145,1.4116041160398913
450,1.4991275591235007,0.07330024831237332,0.054896818293679144,1.3709304890324991
451,1.4538666375221745,0.04203538052857884,0.05393621478710444,1.3578950397429927
452,1.443566704950025,0.03930301534672899,0.05339228031375716,1.3508714033711342
453,1.4883884441468023,0.07306330164353694,0.05358341783885994,1.361741727398288
454,1.6037737092664164,0.09731407484580432,0.053929032277195685,1.452530599409534
455,1.4952636226530998,0.05936216118354951,0.05319112527274316,1.3827103395615854
456,1.463926834444846,0.04452370125199518,0.05316852615965951,1.3662346005439758
457,1.4916345554013406,0.054352887245195526,0.05387412942945957,1.3834075408597146
458,1.4763014374240753,0.05264612855089287,0.05326556222092721,1.3703897460814445
459,1.528119683265686,0.05525103307539417,0.05288203673497323,1.4199866114124176
460,1.4582230929405458,0.04070105382631863,0.052348264523090854,1.3651737820717595
461,1.5276041607702933,0.06539974361658096,0.0523044987611713,1.4098999173410478
462,1.5674996529856036,0.10446757318512086,0.05300870934321034,1.4100233700967604
463,1.5187447820940325,0.06423659652711884,0.05247322890547014,1.4020349537172625
464,1.608616054058075,0.18449748716046732,0.05222057533119955,1.3718979897037629
465,1.4727106075133047,0.061351364628682216,0.05245085649432674,1.358908385999741
466,1.5081682897383166,0.0790157648584535,0.051826340416746754,1.3773261847034577
467,1.4509591844774061,0.053254125729924245,0.051236780901109016,1.346468271747712
468,1.4685319008365754,0.04650037056736408,0.05158280361924441,1.3704487277615456
469,1.4362186270375406,0.048000730003320405,0.050313730754198566,1.3379041648680163
470,1.4419407748406934,0.04948806534371068,0.050638774650231484,1.3418139373102496
471,1.4783292258939436,0.06908837865076718,0.05073028484419469,1.3585105576822836
472,1.468853315999431,0.06487737878436042,0.0505394603936903,1.3534364777226602
473,1.4729585974447188,0.07008709770537191,0.05150632683428064,1.3513651740166448
474,1.4763369310286738,0.05161605111413425,0.05134875165118325,1.3733721337010782
475,1.4608527114314418,0.0644881836469135,0.050293473166323474,1.3460710490903547
476,1.447209817747916,0.050642656823319775,0.05063042062665186,1.3459367425211015
477,1.4191683338534447,0.04084656724045353,0.049968028140644875,1.3283537395538823
478,1.4952330185521034,0.04083016707051185,0.0503176043651277,1.4040852477473598
479,1.4375643287935564,0.04597188940932674,0.049597093535046426,1.3419953411625278
480,1.5060767589076873,0.057971136163799994,0.04985340462336617,1.3982522103094286
481,1.4909407304179283,0.08150983358462972,0.050098290486681844,1.3593326095611817
482,1.5304836169365914,0.10224596894676646,0.050114146283557336,1.3781234948865828
483,1.5230960634446913,0.06603788130826527,0.05067601902109961,1.4063821646475023
484,1.6042902219680049,0.05251234256091618,0.05024323447216903,1.501534644634493
485,1.5169908577396023,0.08834098621962531,0.050142453502743475,1.378507419939964
486,1.5026548562511322,0.07423257377118833,0.050473959786036325,1.3779483264492405
487,1.4876646610998339,0.05109949418974499,0.05092397975104471,1.3856411980044456
488,1.50859583193256,0.0801089524081157,0.050122382900407235,1.3783644937699842
489,1.4759396987576638,0.07123490795493126,0.04968926169338726,1.3550155335857021
490,1.4411306419680197,0.041548404572231155,0.0491085221630431,1.3504737231039232
491,1.4504459711813158,0.04034028511734739,0.05003328834690394,1.3600724031848292
492,1.4634053380258623,0.044626284570943926,0.04903963562701979,1.3697394113386832
493,1.7687328207877375,0.07833665780602925,0.04947535714675342,1.640920808238368
494,1.455012515667946,0.05752945186630372,0.04928270210662196,1.3482003615748497
495,1.4119982950149044,0.03772022629216794,0.047942859060581655,1.3263352167221807
496,1.4787383041074198,0.04276023901277973,0.047941385137458,1.3880366798370116
497,1.4308346548388082,0.04515677948872889,0.04830420588053042,1.337373673915863
498,1.4449579177364227,0.0370536460691402,0.04840554567354341,1.3594987257834403
499,1.4902956351157157,0.05879395142678292,0.04793769697989187,1.3835639895931366
500,1.456162735339134,0.06521824122436586,0.04786112745322527,1.3430833681937187
